5045 430
3721 4643 87
368 3568 5
3263 361 15
958 3048 25
4945 3529 82
2571 1412 83
477 2672 56
1517 1988 64
2907 3694 33
1040 1529 46
2171 3860 77
1838 3071 99
318 1055 56
681 900 65
2145 566 66
3711 3489 27
2086 1416 85
333 2738 12
744 3615 9
621 636 25
782 2280 28
3282 241 5
1478 1480 66
1631 1185 17
3454 242 68
4905 4588 54
3358 2732 58
4675 70 27
1471 5028 75
3667 2811 76
333 2892 78
3624 1318 77
1027 656 79
2788 1705 89
2687 1477 91
5007 4015 71
2176 822 96
3102 1459 50
3315 3675 25
3124 1074 6
1112 2862 72
1824 301 37
4977 113 64
1395 2620 31
1309 2968 93
23 1333 59
3702 2480 81
868 4220 92
481 1655 97
4988 382 38
1362 1103 6
41 2928 98
4589 1606 54
44 3034 94
993 903 68
4411 1114 75
1073 276 82
1384 4016 77
65 1418 26
4278 501 62
4834 2837 47
2338 4750 64
1057 2320 72
2883 4472 35
3959 2500 7
522 1539 86
3370 619 77
1391 3731 62
3612 2816 90
1396 2715 41
3293 1735 55
1642 3772 55
3913 4360 86
2456 17 56
3236 4990 77
142 3875 45
528 1506 46
4460 1226 28
227 995 36
538 4577 68
4707 2471 53
2393 1472 4
2468 4650 27
2765 1992 69
4334 1147 58
3246 4493 94
3526 4866 97
271 641 18
4405 259 92
2450 3519 41
3295 682 44
3539 484 62
1005 3808 81
4731 2886 47
513 3829 59
4331 4188 24
3625 2590 16
4226 2865 77
260 377 4
1787 2918 2
2895 4 30
3015 1633 69
4234 1926 25
1256 3710 28
3092 4824 31
4375 4133 88
2786 299 19
4233 188 37
1673 1263 24
2037 3228 84
3448 4660 33
3403 4140 31
721 4480 44
466 16 16
1113 4185 16
298 1682 54
2648 2074 76
3102 2779 48
4508 3553 45
323 3279 33
3580 3630 1
3549 4160 40
4417 2708 29
898 4893 29
1245 4040 12
492 4919 25
1545 2386 22
747 3802 8
1873 1005 9
3703 1950 85
3252 135 51
3569 4361 46
2380 2271 35
3959 4869 7
2381 4068 4
3121 2690 11
3863 4671 70
4681 1471 42
2508 829 23
4429 3412 3
4620 4879 55
3089 1623 52
3182 4291 2
1567 4670 34
1719 992 29
13 4176 88
3115 4980 54
1374 2115 59
4038 1356 33
4357 870 10
3673 1900 80
2081 3993 44
2361 4795 58
4602 163 86
4335 1189 56
4930 53 43
1707 790 36
51 2733 13
3247 81 27
3508 4041 4
1671 3639 79
2036 3626 59
3241 3196 6
3004 192 24
3893 1016 62
1600 2338 24
4139 4038 70
1 4581 69
3182 942 72
1372 3030 1
1253 2104 87
1293 505 58
3301 1499 74
3726 93 21
2003 3201 89
3109 2619 90
3286 4534 55
3850 3260 59
2974 4170 34
3641 4785 15
3694 4704 35
3546 1433 23
3100 1453 31
4631 1193 34
2112 1570 68
3976 1124 80
4715 1208 71
625 4373 16
318 1470 14
4435 4356 2
1029 3243 17
2433 1559 18
3121 4102 11
3841 1712 54
3868 542 47
4384 3627 56
2394 4593 3
2176 4325 58
2778 524 28
3293 1534 14
3040 2605 82
467 3354 20
2683 4126 12
1655 1213 68
4243 2896 11
370 4753 52
2128 1704 46
156 2477 2
35 2424 20
2006 4754 72
3407 1698 53
173 3244 52
313 401 23
1072 2645 58
3346 1611 63
4184 2971 13
2625 1468 55
2428 3643 91
4315 1743 41
2198 4826 16
539 1107 85
4924 4864 11
4101 1042 91
2019 3477 41
663 3119 42
4783 4050 99
1084 2986 74
2088 3149 10
4748 2472 49
1436 4910 66
3540 4471 23
3006 332 67
3604 548 28
1946 3942 12
1097 154 20
1914 1593 49
4048 1405 2
3936 1608 66
1760 3766 67
2630 56 57
1076 1255 91
46 4380 81
4099 4465 13
2380 4221 28
302 851 65
2844 3409 7
4601 2 93
3997 321 25
3890 884 87
721 1112 43
621 2256 47
1876 1138 18
4756 2278 23
2409 2600 76
1510 3702 20
203 1526 47
1503 2354 65
3864 2385 90
2655 1573 42
2794 3503 47
1493 2759 42
257 3224 89
4542 3803 31
3091 1031 62
1534 1675 37
1849 4404 24
1640 4501 73
2059 4054 90
1773 1971 41
1584 4802 89
4901 1625 60
3023 189 32
4456 812 20
312 2008 80
752 755 10
1181 1699 40
2194 1739 81
3901 3632 53
3995 3087 83
1294 4693 82
1189 313 5
2950 4497 89
1453 4579 64
601 3370 55
1391 1454 84
4754 2711 37
3567 3761 88
4980 2333 70
406 2815 57
1372 3297 76
1935 2326 2
3639 2622 70
4401 3856 17
1236 3148 44
4607 2595 20
1105 2953 3
1154 589 69
3383 4985 78
3785 4686 23
721 4620 74
1278 3330 97
2341 1191 57
4219 600 85
4581 4553 75
2476 448 61
1223 3382 81
3160 2094 83
3428 462 26
1131 4690 68
3568 4878 25
2200 87 58
2117 2637 72
1815 2127 86
3554 4804 29
4045 2583 56
3935 924 28
4359 2674 88
1023 1709 28
4014 1579 30
1726 4517 31
2628 4752 57
384 4850 99
2438 4241 27
1599 4827 55
3055 2927 80
2664 1810 36
178 1622 51
2607 2863 28
1465 4940 58
1631 5002 64
333 708 15
539 2099 59
152 4044 66
1771 2158 39
256 657 12
1299 110 71
2419 441 27
181 701 71
27 1062 54
1794 586 14
3599 4700 36
4930 4479 48
2955 1934 52
164 2334 81
859 1215 75
3239 1714 81
2128 4730 39
2727 336 66
2398 1556 50
2079 2932 52
1584 4814 44
2198 2890 24
2731 1902 3
1794 1166 94
2580 3443 77
2172 2999 98
2847 739 35
3322 825 93
2309 2860 77
3286 3371 67
3890 4476 21
4269 2364 95
2058 4345 81
2163 1135 86
1290 1591 9
4996 2784 36
1794 1256 67
3511 2492 30
3303 4975 51
878 3466 62
1568 1884 85
3656 2295 17
3947 1019 86
316 18 100
4907 2449 48
2620 2318 2
1553 3038 85
3994 4239 25
4484 2594 39
405 3440 36
428 19 14
2747 831 22
1113 1504 94
2366 2614 56
94 2743 77
4785 1527 9
3419 4227 82
194 2186 38
2883 4933 62
3438 4954 33
5013 4273 100
4746 890 43
4884 4547 60
4755 3996 97
3841 2393 27
1183 690 74
970 4894 17
408 4216 44
4430 640 99
1701 1313 55
1689 3534 41
4965 3451 18
1696 2676 10
2524 830 40
706 4811 68
2316 4502 45
2832 7 21
3467 2730 49
3009 2874 23
4127 833 72
3422 4063 61
4863 2785 13
1640 1565 47
100 512 44
1538 3237 49
2000 1554 22
2194 2305 66
1724 1273 42
70 2567 18
2895 4233 87
541 2289 93
976 1381 78
3537 1446 88
3539 3249 80
1620 3104 18
2766 4710 14
3625 2593 97
2761 4316 15
1251 3086 71
2816 3154 46
3901 29 97
4450 2410 18
1137 2379 97
603 4460 100
1372 2565 41
2647 539 80
2794 3855 5
279 1390 56
2544 529 73
2653 1207 43
121 4645 13
2299 2105 64
3581 1806 24
3307 823 76
2630 453 3
3555 4641 34
4793 2525 86
828 769 56
1719 3526 61
1183 2048 29
818 3173 75
148 3805 77
2427 3930 96
513 1258 45
1805 828 28
2190 1024 95
1 318 67
2773 4024 27
1367 1498 51
574 1602 18
555 3708 62
4847 1840 64
3108 4382 49
1860 4117 85
1930 846 50
4675 3361 81
4224 5044 57
560 1294 85
4379 1257 13
1776 2790 62
2897 4605 56
1543 1060 36
1824 1768 19
119 2720 61
3559 447 41
3118 4648 36
892 4134 85
1182 217 71
2194 4332 59
2217 356 7
4274 3166 82
3908 3527 41
86 265 45
3878 818 75
1764 979 87
3115 86 17
3982 124 62
5028 165 76
3388 1638 45
1471 806 94
2778 4852 36
4380 3744 84
3546 380 33
2802 2427 34
574 3002 51
3982 4412 86
649 4155 46
4885 2465 79
4708 2347 100
1600 673 23
1868 3956 15
1061 1271 31
400 1033 76
4503 1891 80
2601 1500 100
5038 2304 30
966 2265 54
452 3494 35
3342 2728 96
3118 988 78
1188 1048 97
1744 3705 46
1584 3320 2
3434 4881 10
1196 4788 88
2767 3317 42
3631 3337 44
2718 3111 75
4391 1747 21
3641 2882 44
4756 5037 11
197 4525 43
4268 1589 4
1487 3054 83
302 4116 38
566 3222 96
4697 4821 82
1491 4544 15
491 433 58
235 3695 89
118 2121 39
3580 2029 89
65 4214 29
977 562 72
4057 2021 79
2183 253 56
3401 2116 43
937 1050 94
4907 902 50
3338 2466 86
3414 3845 87
1224 1555 95
3670 1022 43
1263 325 42
2734 689 79
3991 882 3
447 2856 91
4384 1303 94
139 1210 45
1756 2489 89
1840 3623 55
19 2530 64
1165 3257 97
937 1116 9
2941 3367 98
1116 2313 70
259 2227 54
953 1681 65
4367 1283 58
965 4021 30
1560 469 38
4363 3567 19
1446 3113 18
2021 4322 81
1480 724 74
2628 3491 90
2170 3516 1
4096 791 63
1221 4778 29
3343 4810 22
2070 3259 56
2266 2013 83
623 2007 19
3356 2319 55
2483 3637 18
332 3036 3
1034 3125 81
828 2311 52
4346 2396 83
1689 4835 97
2113 2052 14
2656 3610 71
310 688 63
2935 848 83
908 787 73
4308 95 79
1460 4338 42
1578 3037 65
4900 4141 84
2458 2612 42
2037 57 32
4766 129 16
2664 2228 99
1038 1624 39
2182 2155 17
1710 3066 63
1112 1100 26
4861 281 88
2318 1981 7
226 4520 66
3103 1401 65
136 527 75
231 844 100
2529 2831 79
4226 4789 95
3200 1726 89
2536 2081 78
1115 603 54
2838 3989 76
57 1538 9
3603 414 63
2260 485 17
1576 953 33
2194 3024 84
3753 1878 72
4476 4161 49
525 2787 38
1711 1860 45
3311 2982 72
1959 2170 97
1966 345 39
952 3825 40
3860 2824 18
1528 1755 73
1055 3874 81
433 465 50
432 3152 30
1460 2939 33
871 4838 69
1856 658 17
3983 1087 60
2169 1815 60
1773 875 65
223 2291 36
4024 2184 55
1064 517 68
399 1983 60
2849 3065 38
92 4483 2
933 966 92
4637 1571 9
3418 1136 75
4191 2966 31
4767 1260 70
3964 2844 28
326 2075 16
2197 2322 59
1081 5011 53
3084 2009 44
726 1724 15
3487 507 3
3375 24 5
4380 365 8
853 450 79
845 1149 34
3295 3004 77
779 4504 40
516 2262 39
4511 1233 51
1296 4383 64
969 434 89
911 3912 81
1800 463 16
1282 1876 94
261 2624 22
3567 3877 32
4057 1711 33
4141 2474 89
3604 1431 37
4111 263 29
4336 3773 30
4069 1091 61
185 801 87
4252 4265 39
3602 3793 31
3442 3911 7
4736 1032 12
3700 1507 83
4444 1997 5
2299 3433 80
478 4928 4
3902 4066 56
2403 3636 32
590 252 36
2569 155 14
4439 1194 6
4390 1387 68
76 2723 30
3399 4971 18
4510 2317 37
1244 2208 33
2810 3926 96
681 938 26
3723 3407 5
144 3742 46
98 3600 58
1092 3026 31
4174 1905 92
4089 4030 40
2826 1773 19
3260 4139 22
1714 4074 47
660 1678 72
4326 2109 59
4890 3551 57
418 3619 80
1104 3114 17
2198 2143 38
2868 4353 51
2081 1976 42
2405 224 81
1265 1582 93
1242 2384 89
1140 1413 71
2305 718 40
1489 934 36
820 2126 24
2733 781 32
1632 3464 49
1640 4776 4
2497 2578 36
3558 3936 81
232 1034 55
2306 520 21
78 3039 33
4982 3398 5
866 1272 55
3770 292 21
2033 2432 71
3306 3174 52
3219 2481 37
2177 3922 78
3559 4374 2
4366 4459 96
1308 1052 84
1671 4937 34
3558 710 23
1507 4999 59
2914 1604 60
4901 4300 52
3900 4771 10
1655 2794 15
1857 3340 19
1362 3566 62
4028 2272 40
2434 4561 24
3661 2518 17
573 906 71
2309 4308 96
4644 1877 91
633 4441 6
1859 1816 5
2113 330 51
2532 2406 70
3559 2437 40
2847 3323 46
438 3864 76
2964 1347 54
4820 2750 8
2605 1343 13
170 40 98
2194 2803 53
2513 756 83
544 1748 80
1033 2793 8
1156 3499 30
3102 2315 51
3024 4965 20
3940 4235 32
97 2324 43
152 2436 60
885 1995 11
3376 3390 53
4327 2093 85
4220 1969 76
236 973 86
1239 2001 77
3167 2688 81
1090 4738 52
558 4950 51
4420 5 72
5021 2652 79
4484 4224 78
3414 2640 51
5039 3873 55
2285 4037 38
3625 4854 71
1566 684 86
4304 2556 59
4425 4783 19
3758 2626 72
2220 3598 23
290 4847 18
1307 4682 20
698 4556 43
3392 4709 74
1845 261 76
538 554 82
1583 2599 89
3581 200 59
4943 77 90
2569 26 46
2105 892 42
1890 1963 96
4100 2859 56
4129 4114 72
477 1375 76
1161 422 47
1186 1848 99
2932 4173 62
1715 4923 92
3586 480 45
3103 4236 75
2299 3732 4
384 30 67
362 1080 62
2072 3425 82
3296 2891 79
4871 3374 9
46 3484 11
5038 4288 1
534 1939 60
4653 961 54
3090 2300 86
4954 4584 11
3182 2085 88
2742 1160 13
4795 4863 99
4892 2452 83
2750 2292 87
2104 4303 7
3859 2901 65
83 2657 1
218 2941 16
1160 3270 75
969 3537 51
4621 1987 91
4358 1924 37
899 1440 85
958 1843 95
4759 3251 78
260 1864 74
1841 646 53
2309 4082 27
215 2091 27
5020 2921 17
647 164 43
3039 1279 33
1665 1310 23
2577 1082 5
297 5023 11
1132 546 36
708 1096 28
1137 3473 58
1153 4851 28
3001 2374 71
481 2128 42
1477 2833 24
687 4169 65
1137 3353 55
967 3500 59
4020 3607 75
4333 1601 20
200 1952 25
2163 2696 49
539 842 95
1655 3097 61
88 864 81
1126 3445 72
845 4192 48
1928 2710 91
59 621 2
2118 2513 47
167 2662 55
272 2244 47
3878 4487 14
2976 949 20
428 1779 84
1078 4885 75
3624 1558 50
2084 913 69
2279 1921 42
4233 2457 39
230 1880 85
3044 1874 61
3473 3169 12
3088 4744 75
2786 1855 88
3224 1690 94
4883 4701 17
4114 1085 66
1595 2370 6
2797 160 65
1581 1847 98
592 3406 5
4714 750 40
2958 466 87
3700 1693 18
1061 3467 99
3878 970 71
1053 1367 78
2195 4282 77
4710 4385 51
3083 2275 27
3342 2740 8
2000 4292 43
3403 2661 33
2583 475 25
2364 904 54
2730 4528 77
260 2588 10
3955 810 98
1 1372 74
2565 4621 50
1303 333 30
1137 3091 89
2855 1287 50
4757 1786 44
4770 3458 13
611 2660 47
4605 449 24
218 1821 38
3299 2229 27
138 4423 1
2930 1075 87
1808 4287 4
757 1342 29
437 1572 37
236 3806 12
369 2133 23
1268 3444 32
4783 4856 53
4692 4685 74
3108 3657 55
5035 3724 2
624 2352 13
3757 4515 52
440 745 83
719 2263 2
2203 2665 38
4794 1896 90
3113 3721 63
4607 928 46
1651 4402 35
1945 96 98
3443 2073 89
1257 2498 43
1338 3541 39
891 2734 98
13 1154 85
2785 1209 40
3762 1685 1
4907 1105 8
4991 1373 89
4548 4323 100
2406 3595 38
2715 4346 32
782 3394 8
4332 1003 86
168 4963 83
384 2617 45
4413 1355 90
1474 1495 10
967 3727 85
1913 1960 32
2780 3565 70
2598 52 51
584 1691 30
236 2222 58
3289 2503 82
3024 438 82
2809 2636 6
2521 4500 99
1164 3262 71
1655 4988 97
2552 1044 68
4702 495 81
3311 3393 82
15 2254 63
4075 660 60
1161 4001 7
454 3594 10
2943 3414 32
4623 1754 18
3326 4970 35
602 1993 71
713 2296 67
3908 370 94
1236 3852 17
4834 4711 84
2167 2721 64
4468 773 8
702 3327 2
2183 3587 99
3539 1297 57
4200 5004 100
4824 3678 41
1693 1657 12
4071 1947 59
1332 788 76
2487 3362 26
768 1244 81
4433 54 41
4805 1304 69
868 1869 68
4675 27 53
1238 2233 74
4631 2349 67
1110 4486 36
2102 2135 66
1449 3011 79
3966 4157 33
1570 248 29
1810 4344 82
1739 2190 9
4863 3665 24
3023 937 54
3534 161 88
2647 1873 69
1200 1551 34
1523 585 84
969 3349 41
527 1634 89
1413 1523 25
969 4366 45
587 2857 53
1842 2003 99
4785 504 74
1569 45 56
1263 1799 1
2376 1706 22
3055 728 50
4338 4286 77
4882 860 60
4215 3042 10
1007 4996 7
1888 1341 78
1510 1278 81
4191 3434 99
4165 4651 46
5020 2974 29
1113 729 28
2058 4240 34
4188 3572 20
3527 3905 99
666 4047 38
1355 442 27
810 922 10
4176 3901 35
911 748 41
2776 497 4
3235 624 64
806 3286 28
3113 4984 44
6 2083 27
1175 914 52
66 2541 71
199 425 61
107 4708 96
4450 1234 96
1432 2540 6
669 939 25
2630 2536 62
177 555 53
4228 1274 99
4811 2608 70
4737 1688 51
2079 211 54
2067 4244 74
1261 3049 82
721 1183 68
1137 2951 53
4939 3983 71
2459 1346 92
432 1270 64
560 4051 38
396 1232 44
1057 4296 70
1615 1101 67
4009 1323 5
3515 2082 95
631 4222 77
3422 3343 5
3226 518 24
2148 2543 89
4072 2360 34
345 4435 40
207 167 33
3937 399 80
1732 118 3
4192 4341 100
4681 3767 88
151 3616 70
58 1919 95
2797 1020 89
4444 1370 91
46 1982 43
4425 2101 9
1242 4812 60
201 1216 89
4384 1319 79
623 1330 13
2826 540 24
3004 3998 8
2909 4072 67
1760 4207 16
3009 403 32
3035 3131 93
2346 3182 43
1061 2124 32
432 4268 59
2580 1463 48
2139 1865 74
4334 1518 20
4332 337 15
4924 2283 61
112 3593 66
365 5010 44
4075 3543 80
4363 591 74
1602 145 32
450 3954 85
2321 3709 17
2601 2055 17
4749 4905 19
3919 2451 23
1334 2843 59
4367 4329 70
3632 2761 40
3947 4097 18
1513 4746 89
3799 2162 83
3132 5026 38
235 3839 47
2181 4167 5
420 962 38
186 1327 78
3971 1004 18
4835 3717 42
2543 1155 13
4987 3137 88
1953 854 77
1299 2868 61
1085 2956 40
1441 1636 30
3781 936 91
4179 2365 37
4733 3653 97
2825 2388 81
3605 807 98
32 4191 51
2724 1148 10
4749 2933 72
4675 4275 3
1080 1562 92
3555 1125 33
92 1772 41
3568 238 98
3455 1393 51
1349 1676 49
1737 4053 45
2194 2066 54
1224 3422 30
415 981 69
1130 2231 83
3018 4562 17
2797 4010 48
1044 3882 27
4243 3069 54
4849 1444 33
751 4372 5
1130 139 81
1710 2950 20
570 3771 96
2432 2164 22
2616 3917 53
314 148 92
1213 413 69
2846 4511 30
3831 952 1
3295 752 63
3850 3506 94
4278 3547 33
2128 3325 16
1602 4521 65
4757 1749 86
627 3359 67
1664 2467 39
4260 4697 16
1319 3041 81
4951 4083 58
350 2755 15
3831 3378 96
1027 1673 25
528 3089 100
1689 4390 96
3394 1344 45
4990 2353 97
4009 4158 16
4276 2100 47
3399 357 57
4334 3763 60
444 3737 92
1026 2234 97
3770 4440 14
4123 1607 19
4308 3318 34
4167 335 57
1647 634 12
3641 983 9
4334 2310 52
387 2819 59
3249 815 27
553 2623 75
4427 2230 69
1099 1560 58
4031 2173 93
4436 514 77
4521 977 91
1218 2211 66
4593 4978 57
3139 2257 44
2439 713 73
3220 4023 4
4346 296 66
2059 1913 48
1705 220 71
2331 3162 85
1878 3178 80
3876 2017 76
345 3379 50
4947 3924 55
3746 2375 42
3507 1746 87
3992 3631 83
1159 1497 81
574 4481 52
4174 3072 38
1692 2866 65
4730 3965 88
4377 60 40
4439 1793 15
4192 3175 30
1760 628 64
4026 1065 43
3363 2885 79
2887 3692 79
3207 680 48
2419 2015 64
558 218 43
1517 3108 11
4711 2693 92
3273 2748 51
2529 3121 88
2651 1783 54
299 367 90
2571 3016 52
1769 2371 69
3986 771 61
3902 3110 91
1540 1723 55
2361 611 73
4158 4563 44
8 4622 8
1215 2568 29
2619 3770 7
3845 3671 24
290 2883 65
3087 3189 67
1873 741 8
871 4964 55
1491 3753 79
4377 4799 27
197 777 54
180 4807 100
2006 5039 8
1520 1728 15
3377 2555 87
865 638 81
2309 3935 76
1157 4526 1
4348 768 50
4114 55 51
5024 4942 42
594 4384 73
2712 3421 82
927 3679 86
4573 1455 98
4863 2107 15
2331 4665 70
2786 3487 43
926 1171 86
712 3404 27
2975 1106 80
655 522 58
4654 1515 68
4248 59 53
3229 1804 51
2046 157 84
3246 3403 2
4468 4415 64
3986 3563 2
404 2419 44
75 1641 20
304 1141 41
44 334 23
4520 3750 44
3156 4462 96
583 3180 59
2647 3865 99
2130 1694 14
2003 4359 20
1428 4125 10
75 35 26
230 1439 4
3263 574 21
3977 4484 48
3522 4717 52
3443 2962 67
3249 4123 90
3936 1586 28
3174 1057 11
3103 3079 90
1308 1937 22
4737 2070 26
4113 674 100
4087 4732 83
690 5016 7
2792 4518 29
227 2288 41
2745 1104 76
3102 2004 91
4085 1626 82
4490 990 60
2718 3651 37
3362 3159 29
808 3322 55
2016 4026 45
51 2924 45
3341 2149 62
4861 3090 36
3998 1850 69
4929 2140 3
2194 2435 37
2410 1645 57
3325 4673 80
3782 4128 8
3700 3247 88
3295 2299 3
1710 405 90
4778 381 63
2526 2751 17
4899 3862 39
2706 2177 56
4816 2564 77
3501 918 52
4190 3961 68
2792 4187 88
4553 2778 51
4642 798 28
110 2712 52
1352 1240 50
3779 2267 39
1560 675 39
359 108 83
4200 2685 33
950 1962 99
561 43 83
2266 4736 6
800 2142 93
2458 492 64
1699 3688 35
743 4212 94
1485 2411 73
3850 897 81
1471 3937 89
3214 874 96
3417 4696 70
1183 1972 27
1536 749 45
3195 3933 6
3785 4540 92
3246 1046 97
1111 2247 93
3487 2034 14
2487 1092 83
2767 1661 26
3387 2343 78
1878 840 11
3246 1008 37
2735 3060 21
1401 5041 17
1348 84 55
1320 3184 31
211 2894 59
3916 34 13
4387 2248 25
2857 3667 84
4446 4530 2
4143 4897 4
3241 1575 99
261 3919 45
2398 2557 24
3518 5012 97
2834 1830 96
1052 3335 16
1153 2699 29
2863 4786 8
3159 2484 56
186 311 75
120 169 81
992 4974 97
4848 3871 17
1250 3835 25
4794 305 13
4003 67 45
4975 3979 83
1495 3580 12
1627 2430 4
908 50 23
1956 470 75
4236 1695 96
1446 1777 93
779 2136 68
496 3017 45
1637 1721 99
3919 3488 60
3216 1577 59
3964 2949 31
3955 2270 51
1849 3640 2
410 32 16
1527 2497 8
309 1533 72
492 4672 91
828 146 14
2677 144 47
2332 4815 38
2916 1912 75
4446 4630 54
57 1286 23
1116 543 98
4804 2797 9
2049 231 9
2415 3988 74
4129 2668 90
566 483 8
3548 2903 74
1281 896 85
3703 3861 62
2847 4426 17
4681 419 90
1928 3411 66
1326 4433 50
4086 239 36
3977 4057 31
2004 498 88
813 2689 46
995 2345 22
4267 2431 60
2895 4363 24
4308 3850 46
2005 1729 69
1214 2020 76
2409 1267 58
956 2702 73
1578 879 91
2276 3971 3
3780 1176 69
2610 3975 29
4312 2679 68
878 3556 63
333 3248 52
3049 3893 37
4411 4073 74
1102 1143 87
1958 738 9
3419 152 84
4928 3590 81
1848 4714 4
3025 4342 96
4709 225 25
1710 4955 65
3615 2675 19
701 4935 88
3817 3107 71
4195 4920 74
4336 3591 9
3503 1734 12
523 1492 16
3089 3015 62
405 3823 17
1625 3085 48
1803 1596 92
2364 3272 8
2740 1059 54
226 289 87
194 1863 41
152 2000 5
3442 187 21
4965 3241 39
2742 3358 84
3368 2585 37
2239 1026 87
3436 4993 4
1067 2327 74
419 3303 37
4759 3736 80
3603 2547 97
3413 1282 80
3353 2047 21
4224 711 41
3130 4457 50
2434 2766 67
1909 3977 80
1607 468 65
232 2910 93
3901 1156 6
1706 494 63
1946 3171 42
477 2745 29
3758 2243 68
4292 3754 70
1460 3183 60
3681 1089 85
1282 4407 75
995 704 41
295 212 53
3739 737 56
2107 2571 27
3318 632 82
681 1007 68
2878 533 33
3326 3020 96
1965 919 37
4292 4580 99
167 544 3
2933 561 19
4928 3792 8
1569 183 36
1316 1331 72
3901 3693 73
3644 4644 90
4676 1789 40
184 2923 78
2654 194 95
2762 1881 70
1186 2998 69
4947 1701 27
4150 2629 77
3285 4284 42
566 2060 37
4004 2201 14
1449 1427 16
2252 4410 83
3004 1465 96
2722 2646 77
2309 3430 73
4577 4159 65
1527 3677 85
2458 2224 50
2281 4261 89
2670 3735 31
1507 4032 31
1503 1956 57
3061 2511 90
1159 2174 18
1788 2226 37
1324 1152 28
4134 2528 96
574 3476 57
3568 186 36
36 1487 19
2977 946 46
4795 580 64
2363 1742 66
3993 2900 86
4497 2573 97
2202 880 14
2593 1795 58
1826 4262 42
2653 598 6
2316 5000 20
225 3439 82
2202 3256 18
485 4153 92
4358 4918 82
3907 3206 69
2046 618 73
2930 3352 51
1064 4934 93
3326 3822 91
3437 376 77
92 772 63
4932 3530 1
623 1410 56
4990 4617 21
2889 610 10
4444 706 76
3484 4623 61
2088 3280 91
1219 4598 82
4048 2810 56
4951 3424 77
3400 409 71
1860 2878 11
4684 2638 57
195 2010 85
1035 4989 17
1249 136 62
2910 868 56
2398 3415 67
3562 4099 66
4269 4883 95
2281 66 31
4341 205 14
2220 4259 75
176 2700 82
655 4425 92
2660 3647 11
1075 3245 73
481 4232 88
3099 2948 46
2651 4578 15
3599 835 56
481 127 39
4157 2071 93
1099 582 80
1308 4592 95
1126 2363 31
3605 3298 16
2568 4983 19
2130 1958 2
2823 3010 73
3550 2390 9
1905 763 28
1332 3863 58
220 363 69
2333 795 60
23 3969 92
3562 1637 67
3522 1161 19
3132 9 54
4308 1885 78
4795 4450 83
3075 989 12
3838 1206 57
1235 142 55
3026 794 3
2348 662 60
1267 2183 97
4326 2460 81
1973 3759 12
3097 2915 85
580 1027 76
2200 3191 35
1953 531 4
4652 908 94
748 429 30
4176 3916 46
206 4464 52
32 2643 91
3307 1121 82
2103 1452 96
996 895 76
721 1738 68
4806 4395 62
609 1054 6
3522 1774 84
817 4612 57
4484 3501 60
3650 3277 98
1059 643 7
498 996 2
453 1917 89
908 1918 30
4445 1276 44
342 1832 52
601 1585 70
4854 2033 91
4777 947 34
3766 1023 69
4273 2812 11
3855 1557 95
852 2250 75
189 4782 66
808 730 49
1130 4712 3
580 2563 80
809 2917 43
1030 394 35
4064 3080 76
1926 2850 93
44 215 53
1462 1457 21
3658 4886 16
2680 62 22
815 2095 19
1244 2746 85
2280 58 97
2431 2089 36
2479 1144 5
2112 185 35
3030 3282 64
107 2912 21
2598 80 70
2847 6 95
1732 1165 33
3291 3760 81
729 279 93
2567 4144 84
2745 3927 67
597 3285 48
4110 4168 16
2199 869 34
438 3386 22
3341 2014 77
752 176 57
1169 4674 27
1309 909 3
4809 4386 92
1913 373 1
3144 2176 28
2717 1421 40
2167 4253 85
4979 2537 77
79 3570 78
4616 1311 21
1347 4147 96
932 4060 10
186 4218 10
2321 1325 12
4425 3236 74
1687 4816 57
3170 4855 12
3347 1785 49
1183 2926 67
3986 3306 86
4018 2119 54
2494 4899 85
1578 4088 77
1053 1167 77
3484 3314 10
4918 2965 95
5028 3461 33
3656 630 9
4123 4132 33
3251 4136 51
2609 572 57
1214 415 29
2338 1831 91
3994 4439 91
1869 2120 6
1960 4152 19
4374 2002 14
347 2641 87
4123 3510 83
906 2328 75
2640 4725 34
837 99 69
244 3479 74
2862 436 35
4681 3820 89
3761 3789 15
4157 645 21
3306 1218 35
4684 1068 28
2434 3582 11
4795 104 40
3813 3816 94
3343 3025 84
606 614 51
2005 4706 53
3436 2509 45
2781 3380 38
4333 2395 40
1339 3699 15
2695 545 52
3700 4853 76
1327 2954 1
3102 2727 51
1061 1574 55
764 3809 30
4714 4911 62
4521 2039 93
1035 590 79
4080 727 85
3306 46 53
2342 4311 87
4282 2213 97
343 4683 93
2932 4272 89
1313 4658 40
4192 147 19
5028 4358 57
347 2576 41
4765 3391 6
789 1314 7
486 1379 78
3306 2945 91
740 2448 38
4321 4702 44
4371 1158 63
2461 1146 97
964 4014 8
2156 5035 22
1344 1353 10
3567 1517 39
4519 2508 91
4743 2373 22
4681 1130 83
3935 4418 58
232 115 90
4334 2458 19
8 2592 79
1860 3904 44
3905 1352 89
2067 4757 77
1711 2005 25
4052 758 60
2905 72 46
3831 153 61
606 3216 8
4455 459 88
3362 4049 44
2988 944 71
538 4646 81
2603 4763 97
1088 4803 75
3604 2473 7
4437 308 26
927 3891 50
1102 2439 72
3859 410 82
261 3172 76
723 5021 5
4899 639 28
1570 1845 3
879 4873 25
3897 4774 2
4675 4531 96
4269 1632 14
4089 1961 25
1541 4705 28
3025 5007 64
157 4740 76
109 642 43
3746 725 78
4525 2558 32
4256 3664 86
4482 2464 78
2970 3561 99
4949 2818 46
3091 1111 25
2718 1898 1
1198 2042 96
392 4107 75
4733 2146 72
100 3963 36
1500 1397 88
3698 4017 45
1299 3167 71
1090 2835 91
139 119 45
4289 464 4
4986 1443 67
3602 2482 83
17 625 6
477 2649 96
406 3711 59
107 3029 95
4089 4413 38
2889 1951 11
3046 3508 100
3115 461 22
3025 2097 30
4029 1613 90
4714 2123 50
3430 3859 7
1862 230 22
3380 2604 19
4735 1199 29
604 3229 65
1761 4888 86
2647 1791 92
4899 181 46
2999 3051 36
4932 910 15
1188 3460 86
639 743 73
4490 637 26
1500 1687 48
3706 3765 61
3970 3233 30
2370 2973 93
2894 3687 38
312 384 58
1732 4154 5
1141 1932 44
4202 4582 59
560 4572 32
2910 4573 91
74 4434 87
4374 3000 89
1183 3522 45
3446 350 6
516 1094 9
828 1617 68
2088 2516 65
139 4228 76
2342 362 20
4822 1118 56
1085 3840 86
1299 4749 74
3144 3269 29
2055 3084 71
155 4961 11
1808 513 61
4903 1552 35
3061 4548 54
3408 597 67
2459 4603 68
1267 3812 79
2202 3533 88
2080 3163 8
1732 4059 92
2526 4829 36
9 1217 52
4560 1058 49
4627 3427 95
2434 4865 60
4275 1588 5
4168 1175 4
4188 4569 44
419 2967 51
119 4079 10
1736 408 67
1267 3914 87
3991 3932 5
3631 2392 94
4505 88 62
4555 3377 45
1143 3962 3
2816 3743 68
2447 2659 93
2742 2987 89
1029 3521 62
4651 317 26
3974 3548 6
2428 4543 19
2736 841 93
4808 4219 4
1112 3800 85
4736 1631 36
3649 3240 97
1794 567 28
4178 881 33
1794 4164 43
2786 1322 44
2105 587 61
3649 876 32
1244 4475 74
2119 2774 86
3610 471 78
2428 4428 68
2776 4948 32
3561 3299 27
4166 3910 50
4786 387 11
3761 374 92
4132 2141 4
4775 4071 73
4618 813 17
2088 1324 15
51 5025 69
452 3986 75
3140 1245 2
4988 1719 71
4580 4664 90
2975 4755 83
4283 249 87
3325 2671 45
4743 4499 47
2311 98 54
1689 435 54
2047 4843 87
1381 982 86
3897 820 91
3395 2239 34
2030 2246 39
1998 1635 6
494 2814 97
22 1369 7
879 3781 75
386 3142 97
345 2145 35
1374 3013 57
3558 1513 79
2361 916 7
2381 3044 45
3778 4100 91
4341 4972 75
3124 2214 87
4139 3509 4
2516 2673 98
3347 4545 86
3670 2151 35
2363 4351 81
1064 4691 7
3022 1203 93
619 3697 61
314 1241 44
528 2930 50
2043 3683 78
3545 1415 99
2792 1771 76
3928 89 36
4702 112 22
2175 3796 29
2812 778 47
3684 4203 62
2345 3177 39
1482 672 97
4185 177 56
4990 3321 63
4597 4309 79
2211 3328 31
4849 4289 69
4127 159 67
3427 355 65
3024 945 68
2055 4823 83
4426 2714 9
5043 808 12
2452 3341 39
3009 4058 2
4035 4005 14
597 3213 24
2987 2934 56
566 117 97
3800 3418 27
1695 3658 5
4100 1239 80
2536 1478 36
3972 426 3
702 4558 75
4572 4932 82
400 3774 92
653 4979 96
3245 3231 56
3766 1973 15
638 1423 10
751 2538 45
3323 1998 83
4490 1437 37
3654 1700 92
5004 4101 32
580 232 51
4930 1250 22
4996 331 75
551 3417 6
2482 202 32
4977 420 85
4534 4524 45
782 2836 40
492 1922 33
4817 1011 95
2715 2402 65
1849 2490 15
3024 933 8
842 2420 96
710 2147 83
172 888 43
2309 885 5
3329 3342 61
4681 2361 35
3733 2769 63
1140 4277 11
2640 1097 55
1057 4742 44
2720 427 65
151 116 71
2073 1903 83
1563 348 23
4024 3075 33
3643 353 68
1728 1629 55
1883 278 88
4436 1567 60
95 2552 82
4564 2260 95
1341 1127 76
4844 3313 65
3568 3389 17
1528 3200 47
2647 2080 75
1555 2574 80
4412 824 34
4496 339 91
1467 3420 92
4576 2963 98
3341 4777 45
1863 233 75
744 3176 68
717 2355 62
2740 4175 97
4480 2788 78
2241 3523 84
1909 3012 30
5028 1229 82
1169 3728 31
1719 760 81
4892 2858 51
4229 709 11
922 4255 62
283 4297 11
3395 1941 44
3023 4684 74
947 4148 29
2128 3726 69
3005 1707 17
3581 1434 77
3043 3776 79
706 2514 7
4988 3848 49
4784 608 62
241 315 99
597 430 54
1944 3701 47
1219 396 58
2000 2695 25
235 3964 39
4858 4659 98
4702 4416 66
2582 3798 57
1029 3921 52
3028 2468 98
4265 320 8
3229 2597 43
2552 3899 82
3025 3197 53
1530 262 45
1565 886 31
235 4832 81
405 4106 44
3543 2687 12
3866 571 75
623 857 23
761 4828 54
4873 1654 18
492 2897 54
2065 883 80
3876 1862 37
1941 3722 55
3227 3745 98
3097 3887 73
4884 3674 24
3921 3070 23
1009 227 13
890 575 11
835 3939 82
2905 761 98
4536 814 92
1372 2348 71
3567 2285 15
1755 2203 10
4256 4833 24
3006 2117 26
1711 4678 67
4353 4862 97
2436 4510 55
4084 816 13
2014 1056 59
1338 4391 22
236 1883 97
232 1035 54
413 1383 1
3089 3830 88
2494 2549 90
4106 3518 14
344 3164 70
1504 3780 15
5038 4662 11
3782 65 29
1569 4113 26
3635 2417 30
1595 4944 45
4471 2423 80
4194 3346 94
1183 2846 35
4265 4884 85
2630 1212 7
3937 1540 20
949 2992 78
3766 2633 67
65 3872 31
127 3992 4
1672 3456 14
594 3785 87
3511 4056 75
3452 3913 38
486 4142 27
2619 1819 5
4627 4414 23
3306 2914 52
3548 3105 51
4405 4613 17
3171 1248 22
1727 4250 26
3115 536 17
2145 2925 26
331 1666 92
624 4555 81
4333 4312 55
611 3696 58
20 2197 44
567 2024 48
75 1197 74
3661 2935 13
2455 141 51
2568 2505 42
3723 4257 89
1281 1889 50
2056 753 92
3016 1117 38
1507 1886 97
3319 2847 65
1695 722 64
3776 4945 98
2615 1630 12
724 3210 60
4366 2517 94
3137 912 59
2725 1134 73
2567 486 15
845 3208 69
4939 90 94
1526 2182 50
404 2580 42
1113 3552 95
1323 1095 93
17 347 54
4794 525 28
5033 2845 100
4849 3397 42
1027 2628 54
259 2813 2
4988 286 37
1560 4242 44
2347 2798 23
4050 1809 30
885 4122 93
3803 899 79
1966 1064 88
2831 240 43
31 2287 37
4335 4997 35
1194 389 50
937 358 5
4012 2764 62
47 4492 40
2410 4668 23
2401 2025 65
3128 3242 48
4034 819 80
4770 4200 46
3541 359 4
601 652 88
768 4793 70
1844 300 72
4752 2753 26
580 341 46
4179 3408 4
1355 2898 22
176 1677 5
3456 1420 84
623 1744 4
2650 3536 45
3383 3881 28
4791 3819 22
4776 4849 48
1907 2523 54
1914 3502 34
4700 3457 70
4187 2887 68
2011 1384 60
3021 1202 60
535 951 77
3599 4393 76
3767 4190 19
1591 149 18
1116 2983 27
4586 2550 59
3982 1798 70
2654 1938 15
2588 1752 58
1165 3945 58
1899 1493 74
2943 3112 5
575 1696 39
725 3486 82
4009 792 91
1517 2407 26
2568 4652 65
3599 2076 50
1645 1348 38
4607 1911 52
3605 4392 9
2332 4574 82
4864 4552 45
3482 500 27
3693 3074 53
3331 1371 15
2536 2336 34
2163 3309 41
458 2791 97
4999 4146 85
243 3995 21
3999 521 89
4576 764 79
1469 360 47
4743 3068 70
4772 4305 27
1238 2817 44
4225 103 7
1967 3641 62
5024 2485 18
3135 2840 50
2630 452 59
1247 2078 54
4230 2981 38
81 2096 28
2831 4655 49
721 4018 48
2283 1583 30
5037 3920 50
3919 4290 30
1585 2277 68
3258 1826 64
3817 2770 58
2858 251 55
3985 2166 90
1917 4966 65
2917 2801 7
2829 250 86
3700 1336 65
4601 1811 66
4534 3672 98
1474 3629 35
933 558 71
434 1994 30
4283 3316 91
3258 4124 45
2118 506 55
587 4731 31
4899 827 58
2651 1195 69
1941 3481 25
3776 1659 76
1303 1253 41
2607 1394 16
4279 716 61
2125 3577 59
3139 4872 97
79 991 89
2173 2521 76
2415 3232 46
3520 303 37
3934 4247 29
4415 985 86
1565 4456 51
1412 1543 76
2845 4182 39
4892 1968 61
1760 1836 58
639 3498 74
3481 2591 44
3300 4679 10
3667 1621 53
10 3784 64
2670 344 83
477 3357 64
4250 746 96
3394 3381 12
2373 3144 48
4283 4217 69
1034 4061 89
1410 4619 64
296 64 91
4786 322 90
3253 4959 80
66 2725 75
1253 1686 96
4335 92 31
148 3698 43
3378 2694 88
4620 1841 21
4381 3505 28
2905 2058 97
918 3300 93
2261 1763 55
4035 3388 61
3511 2796 98
1627 1163 53
2799 3903 65
513 3662 69
1459 2611 50
178 3532 6
4068 1767 38
3247 1564 63
3784 1858 96
4139 4243 78
4308 3334 48
4826 1511 13
3289 2064 89
1346 3716 29
3619 685 88
3471 173 50
2081 2570 42
1215 1284 85
3660 3348 53
272 132 49
1197 4973 83
4107 234 13
942 2884 92
2525 998 3
1699 2493 48
2878 4898 70
4830 523 63
5028 2749 37
1120 2335 57
2183 1829 30
270 4327 8
3111 268 95
1822 1231 54
2028 4377 45
2515 3273 17
3289 719 18
2950 3851 82
1600 4379 39
3622 342 16
3427 1757 57
4358 2023 10
3257 4246 4
4901 4035 91
4080 1590 14
2637 1737 25
4828 210 79
1810 1108 80
3800 5015 20
1998 2189 89
74 4830 50
953 2179 60
4228 3452 42
4553 4310 98
3677 2681 86
3865 667 76
3260 4036 4
3846 2772 39
104 3480 37
1776 4028 16
2112 302 50
737 4640 6
2299 538 31
4497 4647 87
4964 4008 61
1255 2561 51
4646 4817 51
4080 1803 65
558 2022 46
4463 871 56
4579 765 91
3931 3584 77
2582 4734 43
2192 2984 22
624 581 49
2780 4780 91
438 4127 1
588 2035 99
4934 5006 14
1010 4474 8
1165 5040 54
33 4877 1
1267 994 10
2129 3441 57
2003 3799 20
4389 767 97
3878 732 57
2005 100 58
49 605 56
2487 3794 76
3727 2598 48
1640 4759 85
4521 1658 66
404 2569 3
4480 2876 3
2090 49 1
3572 2596 53
4082 338 33
62 3807 96
2849 4903 15
1482 4274 38
4429 1727 94
536 3670 61
4553 421 80
4761 1837 44
1746 1037 41
1489 3984 11
3568 3512 12
4669 2691 38
1092 3014 98
1489 2990 73
1883 1970 72
2727 2864 19
1848 4145 73
46 853 34
201 4595 84
2185 873 19
218 4328 80
758 1145 79
4087 2664 15
973 4797 68
185 2978 89
1459 1291 17
2580 3755 95
1541 4931 90
4884 4842 10
4766 4405 79
3006 4637 54
406 1164 55
491 2634 16
3525 1692 41
764 1359 10
602 3301 21
2202 4969 4
147 424 16
602 400 94
46 3109 26
392 4130 62
1482 1797 7
1289 3453 38
2876 1907 30
3934 3490 39
2091 2235 60
227 3604 80
4903 3815 23
337 2762 90
1516 4264 92
3006 3118 32
4889 3659 28
1 481 25
4464 1580 5
3650 327 79
2376 957 31
530 3669 6
343 3715 77
3408 4193 87
4305 4870 14
4052 1009 96
961 1796 91
659 3274 70
2602 3517 85
2030 2958 67
498 3960 65
1052 4939 57
4863 4229 69
3067 3549 81
2442 4688 26
5028 1667 49
4191 2157 46
3761 2303 44
846 4094 74
1597 1643 5
17 2137 34
591 1592 98
1003 4485 81
2071 3775 54
1452 1391 40
1732 2455 36
405 1449 56
4331 4266 18
2472 4319 53
1847 3574 61
1297 878 54
2203 1600 6
1724 3538 33
4212 4968 18
2309 1093 47
4521 4642 91
4004 1269 6
689 3741 67
176 4394 30
2128 2281 92
2096 2241 54
2747 1043 40
1284 4726 49
1150 1364 97
967 1102 16
274 4409 48
1553 2368 82
3823 1750 60
3426 821 9
4123 307 7
1503 3492 67
452 2722 4
411 4084 80
4471 4442 65
1169 2218 97
816 3621 80
2517 2358 88
4097 2110 80
1490 493 49
5028 4357 7
1299 3307 23
338 2741 15
2253 1211 49
2560 1119 50
3057 3268 74
956 2763 100
46 5031 92
3203 2529 90
181 687 81
1078 1568 42
2813 2301 37
2233 3880 12
1925 2807 27
751 2869 97
802 3886 25
3661 4930 84
2653 1548 76
4473 1759 86
1474 4151 2
4233 3338 21
66 4443 46
1034 3151 18
3541 4632 33
4244 1828 46
3637 4033 67
548 2889 19
2617 3454 25
1915 1904 1
4884 980 94
4530 1070 61
3732 3804 21
3951 4825 86
679 3246 63
530 4801 23
580 686 45
1953 4591 92
3399 1223 98
3040 4348 79
2281 1300 81
4144 4787 86
594 3294 9
3934 3720 48
1 4681 42
131 1780 12
175 920 35
879 4270 72
1511 4165 62
3023 1002 57
3539 479 11
4084 273 44
2932 4967 4
2047 4960 21
2212 4137 95
4597 1717 78
2773 246 28
3346 1762 93
35 4567 13
1088 3220 50
463 1363 9
2278 2902 76
4395 2872 38
1173 4431 17
423 3569 24
4233 3446 34
3426 754 17
1478 1200 60
2037 929 49
1181 3605 92
1760 455 89
1241 237 6
3711 3368 4
4414 219 57
1888 2312 15
1025 1965 80
4027 3360 31
4804 2719 79
2280 4002 91
4954 1350 94
1295 3436 25
2844 877 46
2766 4281 10
2956 277 35
3140 47 80
3037 1609 62
4744 1660 22
3392 85 19
1267 1531 53
2598 1541 26
13 4189 15
1076 4333 10
4353 976 43
101 623 54
147 4845 93
4675 4129 87
3405 2802 76
223 700 84
408 720 11
666 2036 49
4834 392 49
1478 1221 35
2818 2809 100
235 314 71
594 3181 99
4035 4135 85
2045 175 32
4876 3082 44
1396 2269 37
3265 3052 100
3200 191 53
3931 3739 91
2953 2631 84
3776 616 76
4294 2789 55
4174 4131 48
3778 3093 66
2718 1594 45
4747 3663 50
4289 588 27
4739 4304 59
2811 584 68
3931 1063 19
3089 551 77
4306 221 81
513 467 52
3774 4306 38
2958 999 55
2525 3832 57
871 4249 9
3088 2160 79
2680 4093 29
3602 3578 75
2281 1275 10
1253 2512 89
2087 1354 35
3408 310 84
3739 2132 24
4857 1378 1
4733 601 46
1097 48 71
4059 2191 76
2529 172 97
2668 917 57
98 3908 93
2299 1061 32
908 2870 39
247 4554 46
1474 1861 42
3200 2405 26
4215 2895 57
3009 4445 64
1351 1448 95
3737 2991 28
2163 3635 12
1227 736 61
2601 168 5
4545 4564 29
1490 282 45
599 1036 41
4389 1285 84
4326 2309 32
1484 620 82
2946 4836 6
1939 2138 82
4429 2199 17
2609 931 42
1818 1999 26
2081 3372 44
4901 1501 78
4899 3762 14
4423 3126 51
1300 734 60
2935 1702 84
4863 1388 31
4607 1017 99
1771 1088 77
4587 2369 67
2191 3161 43
3863 3601 40
613 2496 70
3099 2210 63
1706 3387 20
152 3078 78
1047 10 73
2895 3023 49
1041 3618 36
4243 2165 83
4736 13 61
4921 3676 38
3992 4523 51
1571 1312 61
3227 1179 29
3420 1201 2
4335 1718 97
4849 4408 2
4676 2957 36
1578 593 99
1102 4194 93
3625 207 65
3766 679 69
574 4837 87
2086 3276 32
806 1888 1
245 2852 62
1500 4549 23
3446 4509 42
1161 3885 29
4087 744 89
1466 547 82
3489 4743 47
3936 2380 33
3520 4860 13
215 3471 10
1648 1266 8
1073 1801 34
851 4707 91
2786 3225 73
2278 1996 33
4534 2911 62
3724 4349 97
146 4559 82
757 3098 16
3716 1561 9
1033 1157 96
4376 1853 16
2655 2028 62
1046 3226 59
1255 4027 47
1657 2507 27
1204 3001 39
4242 1098 27
2745 1520 35
1255 3858 22
1307 2717 10
1181 2799 83
4087 4739 56
1154 2340 5
1815 4800 87
1377 5036 20
3179 1620 20
4312 1301 57
3023 1474 77
4063 650 34
1780 1280 66
849 2329 53
2346 4722 10
2476 855 84
1909 1817 68
615 4769 74
4917 2404 78
1883 1177 30
906 4315 91
1998 4986 96
3546 5020 44
3545 2988 80
1068 4775 96
885 2663 76
2488 2899 16
1466 3449 58
2192 271 59
4795 3132 56
3127 631 26
3438 3138 6
2580 3266 74
2066 4633 96
2734 1524 28
927 3682 87
235 1959 55
1510 2212 18
574 2232 8
3123 1039 92
4000 3558 64
4377 340 89
165 1249 83
807 2086 53
1341 1169 84
303 4375 35
4900 4186 27
3040 1338 72
1085 4758 14
4779 2806 44
4506 2306 69
4337 3970 47
4518 3896 74
2361 3656 79
4123 503 66
3745 1464 38
467 2795 52
3195 2701 64
2702 2495 71
3848 3366 60
1815 4067 7
3438 1510 57
3173 3579 42
4676 1761 6
2285 4606 3
2727 5042 44
4076 3396 90
3295 721 64
580 3092 48
2102 391 41
1003 697 2
1363 4909 16
2085 2670 52
3203 1663 35
4939 1882 7
1055 4657 51
4697 4615 53
4809 3854 59
4863 528 25
3392 3021 8
1701 379 71
3368 1849 35
4717 3976 51
1 4215 46
4265 3833 82
2895 243 79
1297 4958 44
83 4846 99
3798 3843 13
2713 4498 51
4093 4399 52
2689 2744 48
403 4213 46
5013 1953 47
4681 2630 20
235 2776 8
3567 2332 12
1719 3312 20
2155 4723 26
4484 2736 84
3797 4453 64
97 1576 50
3213 770 76
993 834 33
2964 2875 4
3022 3898 54
1696 943 19
3184 4902 60
243 1814 24
3253 5032 88
3545 1503 4
87 283 98
2630 2943 67
2781 2942 63
2929 3450 88
5021 2144 28
3782 369 83
2222 921 35
415 911 93
3763 2046 14
2813 872 57
2357 653 23
1683 2739 55
1501 1505 58
3555 1566 100
3581 958 10
3959 4589 74
4702 4427 45
3957 3867 49
2491 3215 52
2332 2666 87
4466 2069 36
4256 4205 37
3855 36 63
413 809 36
3471 926 3
2532 1598 70
3511 3185 68
3307 534 9
4325 669 56
1576 2609 56
3728 2551 23
1116 1307 84
176 2487 20
2497 4449 92
2113 863 46
974 2200 19
695 4720 46
2221 1901 55
4901 1640 11
497 4401 45
2976 4120 68
2996 780 74
1944 3648 44
2283 3644 63
454 2656 31
1128 2644 93
3089 1460 38
3391 1595 98
3503 2159 43
452 2428 17
3956 1989 31
1787 3192 88
3222 4156 98
4469 2879 30
875 416 55
2245 4609 33
3100 4772 83
1176 1133 37
4260 4616 35
1213 3009 90
2605 1030 15
2593 1770 39
257 69 100
4234 4663 14
4658 3957 96
3525 3124 69
4326 2194 95
769 2771 82
2478 3186 49
3559 4718 24
4168 3493 2
847 4596 25
4681 1392 44
4990 2276 39
918 2156 60
2221 2012 19
1439 1846 70
3770 2284 79
953 4951 39
2149 4237 94
586 1252 63
801 2936 29
3044 3838 32
1267 715 77
699 832 93
172 4238 97
1905 5017 22
4119 3326 70
232 4907 19
3214 3620 22
1593 208 14
1087 3462 21
2384 287 45
4295 4917 59
3702 1656 8
1279 2993 57
294 576 27
2151 2960 32
2799 4463 87
1528 1689 75
3852 1021 60
4952 612 43
2019 3428 96
349 1733 39
2030 4715 64
314 2346 51
4439 1628 58
1930 2394 85
3132 366 73
1811 4298 26
3778 3463 67
2982 2535 8
2494 4638 86
2932 5024 45
139 967 91
789 3608 80
4861 323 65
4858 4516 31
1319 3288 31
4085 2532 24
4226 1775 81
3026 2839 39
3228 4112 16
3333 2703 82
1719 3844 1
1903 1838 72
2868 3101 3
3065 2989 88
2465 1483 11
3551 2754 62
4432 692 74
3331 4751 100
104 2827 21
3492 140 21
4174 4767 77
419 954 86
4192 4199 92
2580 3944 30
1125 2969 71
4696 4527 13
4468 2242 83
1395 3133 43
1394 2510 59
721 1181 55
727 1316 25
2552 4857 37
1739 1113 10
3815 4417 83
4747 2298 16
1471 3846 7
3092 2478 57
1760 4022 27
2895 850 95
1264 3714 65
1625 3847 52
3304 508 20
1363 3719 19
2773 1929 84
4817 1040 3
4736 3448 88
1053 4254 62
4228 12 99
298 4571 55
4085 1151 32
3934 3703 93
4468 3617 51
1147 1298 20
2225 4013 25
2765 4118 45
148 4610 90
368 4858 93
460 3336 82
97 2321 17
3430 2877 87
1820 893 94
1132 437 36
1628 4482 1
3782 1581 38
2773 2758 56
2105 3392 35
2907 2499 100
4603 2526 26
3567 2946 43
1343 2783 55
4175 1172 3
4328 2187 92
4213 3978 67
1552 2391 44
2537 2938 44
1956 1340 10
4376 2972 34
3170 915 48
4210 68 35
2104 2041 13
3587 2768 57
1689 774 58
1821 4636 54
3755 2188 9
560 3946 41
1506 671 36
1592 3684 35
2571 4488 9
1760 3289 27
231 2154 14
4367 3311 67
4186 2545 21
2976 3287 2
3410 1765 82
1820 3469 24
3445 2108 19
46 4368 80
3088 1414 83
4915 254 95
2439 2067 71
690 2919 100
1007 3504 82
3931 1243 56
4192 266 83
4534 3238 69
2238 2163 42
3976 3194 88
4474 3824 57
2593 1428 24
3552 3045 44
2296 4727 38
1968 2215 57
1665 3764 100
604 3478 92
100 73 76
1111 1153 53
354 2438 70
525 4721 28
4791 3827 18
4777 4025 9
3934 4302 30
3091 1404 61
2056 1438 38
3408 5034 76
5027 2562 55
2128 4565 28
1607 803 25
1154 2704 19
70 1569 40
1035 1985 71
625 1417 55
594 4055 94
4953 4070 1
679 3128 69
3475 1672 37
3040 3931 5
3162 4339 41
2283 3275 27
2194 1528 45
4084 530 91
1052 3788 74
3583 3212 82
3759 4889 59
2299 2238 12
4125 644 53
2868 3515 34
3391 1664 65
4915 496 53
1112 3235 87
4089 3564 92
2174 785 10
806 3559 33
839 4466 21
1458 4590 75
4394 4618 18
4928 856 42
89 3495 57
938 4535 90
2491 4172 84
1137 839 43
1061 2826 76
580 1760 11
631 516 15
3253 2775 8
4581 4371 98
4899 1047 70
2460 3868 40
1136 316 95
3812 1436 94
4483 3747 20
2844 776 9
2156 3520 21
3239 4831 49
937 4174 3
147 3179 17
165 2040 83
3353 198 4
2252 4505 19
4293 3596 98
424 4196 1
3966 796 31
1919 535 12
2735 1398 57
665 2996 36
477 3612 72
4138 1521 63
619 1894 22
3803 2907 55
3174 4601 13
1528 4766 59
522 2683 69
2327 3470 5
2807 1361 35
1303 1086 95
203 1321 28
4384 1128 41
3631 184 16
38 5019 83
4260 3586 81
1078 2441 66
3622 2090 69
448 4307 98
726 2056 93
2500 849 53
4450 2341 49
1164 1945 10
1234 1792 73
4373 204 79
4206 3821 87
2452 3474 33
2218 3117 48
153 2444 81
2194 94 51
3030 4003 64
594 2130 27
2405 4468 48
437 659 41
3260 4882 3
3876 2524 58
2119 195 91
2453 1948 67
1921 3999 37
104 2502 63
1757 3035 55
4502 1715 46
3512 293 86
1439 2286 21
4489 3749 20
4089 1396 58
1737 4994 42
4965 1296 82
3042 1967 48
4712 1029 65
4324 4367 3
782 1909 29
3955 2463 95
892 2504 19
2466 2589 39
953 5009 29
4332 352 83
717 3147 36
1118 1669 15
2487 4765 10
2048 3219 93
2923 109 34
3906 3 27
2890 1800 22
454 3853 49
4988 4859 47
1428 4467 4
181 2359 21
1653 2651 53
1296 2077 4
969 3419 13
4627 3019 81
3343 3915 57
721 5013 80
463 4533 51
168 2531 24
3257 3145 66
2194 1587 18
4426 2433 70
3558 3991 42
587 4075 15
2309 15 63
4835 1475 5
3690 592 11
3479 1697 39
3661 971 63
1025 1071 26
4589 3283 4
199 269 83
2524 1159 86
2274 2519 84
4348 131 49
1224 1219 92
538 3783 5
3556 2961 57
131 3890 58
2735 4334 45
3391 134 1
4221 4625 33
3758 171 33
4211 960 100
1064 4252 99
3695 1302 68
1787 1584 51
1959 2169 11
12 4448 43
4689 1639 95
1512 4976 76
859 1242 56
390 3925 37
3878 2905 6
122 228 74
114 1516 26
3897 260 19
56 4396 78
4985 627 31
2778 3650 64
4859 2225 8
147 622 33
4018 2821 49
3994 4064 94
4575 182 79
1877 3304 80
3293 2713 11
1413 2297 8
324 3468 55
1737 2680 33
3854 2678 95
2236 3209 18
1732 1309 28
4268 2483 66
4184 4231 47
27 3782 13
2692 4946 20
3059 1425 62
3956 3817 33
3182 550 42
2712 1936 72
4059 3088 20
758 515 5
4423 1386 89
4121 3849 20
1528 3047 48
497 4908 92
593 4362 22
2380 2068 20
2548 1509 84
3526 2729 9
900 3609 77
489 4995 40
800 3777 37
3029 3221 41
864 2893 2
1487 2867 25
3261 3134 31
1111 1875 93
1137 3625 7
3123 3633 57
4082 1776 42
3850 1486 65
151 1129 21
4172 3795 49
2105 4926 12
1130 4089 91
2006 4768 74
4269 2880 94
1489 4956 58
4534 2506 33
4994 940 61
2657 1852 13
1073 3271 33
2626 1000 73
4125 111 36
2227 1975 60
152 4550 64
4736 2006 30
365 4355 24
4127 298 42
3468 3150 89
1687 3139 3
1666 2542 84
2036 4570 46
509 2274 45
1490 2362 75
1179 4880 61
4581 3592 1
2902 4594 43
2278 33 1
1238 454 27
3618 3028 71
5039 1508 89
2785 4197 16
178 2459 50
1862 3284 89
2637 1935 26
911 3948 79
3328 4806 89
1190 3507 79
4791 2706 78
3301 1741 95
2073 3073 35
2573 789 51
4675 678 61
3356 4454 90
3762 2586 38
2889 4764 40
1330 2268 56
4362 3955 53
4784 714 37
4984 968 20
4193 4608 91
2139 37 71
690 4201 41
1 2198 63
1147 4455 56
2605 2707 97
2204 649 61
3108 3332 78
3342 2607 93
871 2747 18
2157 1442 49
4669 2881 39
142 473 10
3710 1610 14
1189 372 84
4003 151 39
166 3894 47
666 3253 25
1649 3077 52
5001 4522 41
821 3550 4
3465 3067 7
2079 4537 55
1565 698 67
2581 439 81
5026 1537 18
3083 4503 15
3954 4422 79
297 3730 61
850 1954 66
1555 1328 94
3809 2443 73
3190 4430 63
192 3972 63
4486 3987 67
3018 1014 79
2844 1084 83
3914 668 80
743 1473 57
2802 1028 35
1742 82 4
2867 383 78
2566 4551 88
1128 694 86
2252 4378 41
277 1395 24
4505 1264 56
1787 4735 42
1627 1382 36
833 541 15
1003 3204 26
538 4181 10
935 4784 82
3209 1407 39
2037 2475 63
2459 2577 18
873 577 76
1770 1897 53
4334 3230 92
2890 1842 80
2090 3165 35
621 4962 88
698 411 68
5009 1362 25
759 1368 73
901 1940 48
1600 4819 37
3024 1653 2
227 1447 77
4243 2692 70
3653 4429 37
4151 2282 89
4694 2920 2
2785 257 43
4492 4149 60
4366 927 1
2487 3031 77
402 4204 100
949 1933 3
1184 2698 35
3181 3447 20
895 126 30
5007 4508 72
3253 2955 73
4885 2401 16
3002 3818 67
4435 3310 88
3973 2207 84
2952 3810 59
1503 1781 90
3324 2397 22
4493 666 60
3042 75 59
3200 617 49
4287 1385 41
4733 1599 39
1802 1502 20
2653 2853 44
1578 956 41
2664 861 29
4129 3123 56
5006 2344 57
2311 1839 98
2449 4320 5
4259 2667 54
4125 987 32
1043 1942 9
4712 3985 30
1198 526 1
1508 1315 90
1052 3053 9
3850 4000 74
3002 3562 37
2497 1479 63
2004 1408 76
4620 397 22
1483 2178 46
3294 2581 4
5032 1931 32
1788 4773 11
1727 3005 25
3058 4813 88
3301 1013 69
189 2486 36
3030 3866 95
4233 3879 35
4386 959 37
203 4791 47
730 3888 96
4793 375 85
1899 4724 44
2060 4904 25
3329 1188 83
859 1703 41
2516 2615 94
4924 2279 60
4119 950 6
4829 2979 68
2807 4560 62
806 5001 28
1708 648 73
3236 3588 44
2884 1018 37
847 3032 88
687 4906 17
1888 4834 62
481 3202 64
593 3531 80
2611 1986 58
2352 3211 56
2331 432 94
4603 4234 3
2894 2823 1
178 364 36
4162 3540 99
2458 845 27
3951 4421 9
3005 487 72
457 2805 94
3583 4276 54
3104 4991 39
4036 2959 32
3940 3723 73
2361 3410 64
15 712 69
1791 4451 83
277 4260 78
1188 4654 32
1165 4069 98
2654 4052 35
3680 1326 86
4589 4874 90
935 2408 71
4429 1184 65
4428 4614 56
1154 2161 82
896 4245 61
2403 1549 97
1303 4687 72
1684 1778 58
4985 2307 64
3764 1790 33
4882 1422 74
4735 3597 3
1165 1782 79
4817 5030 82
1511 4046 97
4866 2606 57
2501 2330 47
3024 1805 2
2311 457 44
1500 3729 96
4672 3218 98
1123 4938 90
3897 385 32
3077 2861 88
2834 2476 22
2072 4354 85
776 2952 7
1570 4078 54
2935 4900 82
1455 2446 98
3174 2102 82
4766 2602 38
4880 1679 60
396 1769 83
2140 1802 88
4450 1648 84
2582 8 80
1714 1980 59
2040 537 50
4450 4004 67
19 1265 94
4712 21 1
1441 3018 97
4903 3746 14
2130 4495 67
4838 925 19
4681 3293 61
3581 3193 59
1104 2653 83
2943 1818 7
3048 2134 31
3895 4340 16
3555 757 98
3947 4629 36
5031 285 91
1253 4953 59
3802 306 16
4042 2461 69
2506 482 92
4534 4941 44
663 1320 2
2501 3740 12
4806 2118 1
2039 4299 90
3913 1281 45
894 1220 59
4448 4225 36
3769 4098 70
1241 3096 43
134 478 8
1602 1214 14
623 3426 47
4334 969 63
2988 4981 68
3293 2398 23
2127 2237 82
4069 1820 59
1050 2103 99
1024 4477 28
3746 4317 82
3236 1870 89
2165 3459 60
3739 2129 32
4765 665 15
3573 3055 62
4279 1357 32
3182 4770 65
2475 166 90
430 647 36
1908 707 25
3633 2202 45
4398 1895 76
4926 677 5
3454 2350 21
27 272 52
3653 4600 61
1604 2682 50
4239 222 80
75 1332 84
4352 2416 74
1787 2977 76
4795 681 90
627 578 5
3800 3826 83
705 476 22
2814 3842 22
752 4444 46
4092 275 89
3482 3513 95
338 1545 32
2832 1536 97
2095 3158 92
1128 670 30
4740 2686 36
2054 1906 53
1273 2851 22
3734 511 72
4274 1872 8
4581 2742 9
1500 78 17
1796 762 53
1587 2425 10
1275 41 7
3650 2415 90
1517 3573 40
1645 1251 38
588 3141 45
2882 1261 38
1259 1974 49
1396 4733 64
72 3691 14
2116 23 41
2977 4604 32
641 972 92
166 3557 77
492 2445 84
2233 676 3
1808 3305 88
338 1053 46
1675 1142 41
1792 2842 27
2742 4461 62
669 948 73
1982 1290 81
3581 2830 92
1190 556 9
2429 2065 1
1689 2223 68
3554 3217 78
4191 4150 52
4463 1966 53
1832 125 4
1886 4438 32
3734 2916 24
611 4947 100
165 3329 68
4254 3575 80
1034 1299 66
3882 3923 68
1222 1187 69
3682 742 25
3023 4336 35
1222 3614 71
623 1399 24
1200 4085 58
4045 406 98
1177 2554 34
104 4741 84
805 4452 55
4679 2994 35
2647 4092 87
1538 1411 1
3062 4086 31
2863 1550 26
1293 2642 21
1210 1887 53
2407 143 34
782 3227 67
1511 793 31
2613 162 65
1919 2421 42
865 3689 96
890 4597 6
5028 935 67
2479 4223 67
4028 1957 38
1324 2367 66
1427 811 32
3128 1173 47
3904 3889 84
3021 570 28
4482 61 71
3663 3685 8
4808 604 8
1186 2616 3
4169 2533 6
5 3485 65
2004 606 10
3175 740 95
2895 3102 51
4332 3940 38
2655 1879 25
4662 128 43
4326 2266 22
2800 568 54
953 245 74
4450 4602 62
1865 4532 63
4858 4446 86
1413 965 10
495 2032 99
2145 3413 37
2687 2043 54
4602 4048 2
4000 2054 71
1817 4389 62
3690 158 6
2610 4529 54
2069 1445 4
3182 2782 10
1578 1123 26
4045 312 43
4983 3205 93
3323 2718 38
3249 3778 45
4034 2944 60
2434 1489 14
339 553 23
4050 3973 30
4430 3535 3
1474 3130 11
19 63 76
681 1978 5
682 3857 85
4600 20 7
1067 3870 100
2657 1374 10
2943 3203 28
3934 2572 52
3805 3997 94
8 2180 54
2503 2544 21
2154 4538 59
1665 3813 23
3907 3642 29
4263 4111 6
935 3153 77
2735 343 42
3610 4977 36
3304 2245 21
4728 2050 94
3667 388 49
3956 1856 54
4109 2470 2
2895 3263 82
3745 3952 78
2709 1049 70
4250 1247 90
1893 4745 58
1068 2560 67
1987 2658 100
4252 3083 14
2173 3974 28
4619 1476 11
3268 2273 54
1953 199 100
1471 226 70
192 1139 17
2136 1708 10
3521 2450 95
2317 2639 6
2655 599 35
1955 4689 32
1294 324 70
3140 267 45
1041 3757 51
2240 4447 13
4063 3416 9
4415 2610 70
2601 2705 4
1132 2773 72
3414 368 30
4346 2172 69
4023 5018 79
4518 1126 26
430 76 37
4509 1713 51
2021 2765 91
4732 804 76
475 1835 12
1961 3003 2
3265 695 16
1292 499 85
3913 3646 60
4485 4258 78
1 2418 27
1496 3472 83
4849 4248 31
2582 3400 29
2616 1563 46
996 3223 37
2644 474 12
471 3291 84
2017 2167 74
3500 3589 37
4484 1236 10
3841 2669 81
3873 2760 38
2363 2139 100
672 2575 81
106 4798 40
1130 5027 33
2226 2447 47
477 2316 33
4722 993 14
4426 138 11
3474 607 43
4267 3686 93
861 1920 20
1838 2838 71
3220 274 25
1401 3496 48
2456 2037 29
5043 1305 30
974 1192 72
4362 2777 29
3357 654 46
3179 4844 15
1070 4626 58
782 1137 77
4671 997 35
3370 121 22
3368 2175 62
481 859 78
793 3768 98
1628 4699 81
4308 602 88
3436 329 76
1765 4639 96
3763 4861 23
4179 3959 11
4413 1512 8
3129 2469 64
92 4661 93
1777 1451 62
3567 4892 66
4781 1456 38
4038 180 9
1503 557 94
1528 4012 20
4217 1930 17
2745 4669 29
3085 1668 51
4078 3909 67
4366 4031 7
802 264 46
2890 3064 49
4113 1915 98
165 1109 67
1982 2399 47
3416 2061 80
1769 2125 13
1805 2400 41
4782 683 71
765 1990 55
4192 2786 49
3715 4875 57
1348 1899 97
4965 532 22
2929 1927 90
2000 3869 22
2647 3432 59
3794 836 51
4085 1204 69
1577 1222 9
1819 4677 81
2437 4490 13
3451 11 13
4072 309 99
805 371 11
2745 4915 83
4869 1910 63
999 4698 36
3286 3790 89
3201 133 86
3295 1467 49
2193 1481 70
3247 579 6
4396 491 82
2919 552 83
475 615 24
3293 1115 82
1859 635 60
1482 2539 22
4676 1403 11
2175 4634 87
686 216 42
1104 2975 28
1027 1038 8
4175 1083 52
2205 1400 4
2727 2381 7
1708 3187 62
2787 2114 79
4999 4208 16
4545 3140 69
857 2111 38
593 703 12
2602 2253 84
165 4469 61
5028 1376 38
5042 4365 54
2649 4324 88
4384 4095 83
2882 4992 68
1449 4210 19
3650 1916 74
4024 2049 35
3446 974 25
4936 3435 5
1449 4034 88
4696 4667 47
4072 4211 87
825 3333 66
4671 2655 75
917 445 71
746 2648 90
2276 784 13
2241 3928 45
5013 594 13
101 1268 44
4527 3278 73
27 2621 68
2279 304 54
1099 444 29
2033 2084 69
1200 4781 32
1428 201 33
4189 800 68
2649 3373 97
2093 1745 3
1463 663 10
3865 2479 70
1576 1170 39
219 4895 90
35 3606 94
3293 2072 2
2460 1432 42
809 5022 82
3192 559 52
119 2453 5
4210 1908 69
3162 1857 1
3391 3655 39
4439 3465 34
1998 3554 51
4332 3050 80
38 1051 63
2366 4566 84
3096 1603 65
1044 2356 21
3769 1979 33
3609 4695 87
1486 4470 83
709 817 89
3905 1389 49
1730 2030 49
4087 726 79
535 4091 80
4847 2922 17
75 1494 87
4617 596 48
3935 378 66
139 1824 1
147 4436 53
4443 1277 67
4966 3528 16
2863 1823 91
2357 2342 5
2914 2871 74
2266 565 14
863 4143 43
2155 3613 61
1788 4230 45
3293 3555 14
4739 2290 13
3467 3399 76
718 2501 38
3911 349 67
4654 4868 12
2327 3099 100
1762 2908 63
528 2582 29
3452 3345 2
2355 3748 82
5032 4318 61
4167 3095 47
3702 3902 58
1816 2059 37
1076 4982 87
847 1764 4
4913 2888 50
4941 2985 61
3729 1650 64
2299 3115 78
1789 291 95
2036 1198 73
3358 1627 72
491 3666 64
4259 1469 85
2724 3116 3
1966 2849 94
191 693 29
827 2372 48
779 4184 64
3294 4105 17
5039 3900 24
4867 2804 94
1805 2566 78
3102 3878 29
4440 2171 63
3555 1644 14
3862 472 69
688 1205 35
3227 477 14
4733 1458 49
938 3994 58
344 3007 96
4075 3831 60
4179 1224 56
661 4912 19
918 1429 1
2201 1890 73
721 4901 74
3375 71 94
715 4376 45
1631 583 88
2516 4987 97
461 843 7
177 1812 18
3702 5008 84
4736 4867 93
2130 3628 85
2201 3982 64
4000 4809 2
193 1605 75
1710 2820 93
4629 4178 6
4199 2520 74
1188 3603 64
3863 2113 44
3907 3383 18
4774 1766 23
3070 209 74
1295 4478 82
4087 2654 39
3325 3058 88
3085 4077 86
3756 2323 87
1209 1753 93
4413 417 1
3195 3292 15
3615 4890 13
4712 2196 79
2909 1490 7
2707 2293 51
2129 2491 60
1130 2429 84
779 2389 89
4667 1180 75
3516 4279 69
3913 25 31
1143 2412 1
1504 1684 81
3865 1334 10
4955 1339 76
631 3545 35
3041 4019 39
839 1784 41
4389 735 21
232 4179 9
850 3022 3
3483 3571 68
2826 196 20
2299 4381 25
715 3455 16
3673 595 97
3170 39 37
57 923 98
1017 1168 68
44 1914 15
1776 101 81
3556 3355 41
1323 1225 66
10 3990 1
1655 4065 1
1530 2414 79
4050 4936 90
1648 2148 66
765 223 15
4706 130 2
3337 2092 98
856 905 94
4020 1365 82
871 4514 21
2073 4762 83
342 2767 29
5016 3560 98
1603 3980 17
2305 2053 50
4233 4491 50
2692 3906 30
3562 3718 30
3621 4796 51
3212 1964 92
4163 2302 99
4233 1254 87
4518 889 50
1972 2378 91
3975 1612 86
2315 1925 8
4244 346 17
1341 2383 5
647 1259 47
4127 1190 95
4370 1308 94
1641 4761 81
2630 1230 24
2149 4676 53
2396 1072 96
681 3769 59
2878 2019 13
1528 3981 80
3452 2357 46
3589 247 10
4044 284 11
4717 2251 40
464 1196 2
2565 290 10
1926 2841 18
4144 214 24
3016 2855 65
3282 766 77
3487 779 74
2837 2249 42
4761 1652 41
558 3135 56
2600 2087 1
715 2422 89
1973 3966 24
768 213 61
4127 38 31
27 1893 15
933 1073 43
3315 1519 41
2211 3645 59
5028 847 66
3746 398 93
1115 51 27
2773 3431 18
704 1788 19
11 4271 14
4332 1406 15
4482 351 81
653 2997 57
4130 1426 77
2242 2236 19
4509 723 80
4503 1335 46
2281 986 98
4990 4166 37
1267 1466 10
4712 941 28
4269 1646 2
4759 826 14
1689 1435 1
2117 3157 81
1432 4437 78
3103 805 40
88 3281 24
4171 4536 74
2566 1120 11
292 4285 49
2357 1553 10
3986 3581 19
3150 4848 85
4256 1099 82
3013 4583 58
4752 1833 11
3782 326 72
2829 255 5
3306 2192 5
3493 1491 20
4767 4283 6
3065 2527 43
4955 4737 48
4828 1079 11
2778 3511 87
303 3442 100
2508 3497 67
1759 3264 1
1811 4896 92
587 1522 2
537 1854 47
1451 838 48
317 3146 24
2795 2781 28
3411 2150 5
889 3302 79
4928 4171 44
3936 2045 94
606 2259 63
271 4280 64
1675 3892 53
2182 1484 13
1234 2757 40
983 955 60
4519 2339 34
1636 1647 24
522 4541 53
2385 3106 38
2092 2618 71
3208 122 2
236 1710 39
4483 3828 90
1355 4656 73
1853 4887 84
3496 509 77
2953 1228 30
3426 4576 42
2198 1525 36
411 3040 66
4380 3967 68
2260 3544 39
1738 1834 8
1471 4087 39
4269 4226 43
2935 1025 73
1988 1859 66
1460 4507 96
3392 4929 68
1825 4779 37
3216 4546 47
2853 3943 41
4555 412 62
4607 2829 68
1849 4352 58
2395 2195 73
3174 3006 33
4565 236 42
2772 1012 3
1132 179 69
271 91 86
2494 4370 84
818 894 23
1585 3350 86
724 3376 40
673 4432 42
3246 3057 32
74 4293 44
3878 1544 93
1683 2976 51
4100 2351 14
1287 4209 90
4581 386 92
32 120 64
3849 2204 16
156 2587 9
3094 2534 5
4759 3700 83
4217 2206 91
1728 4841 88
4505 2440 65
2602 2627 11
1444 629 90
1213 2434 78
4864 3136 59
1841 1597 19
145 2929 61
4215 4326 53
4742 775 18
3060 2456 80
1446 3267 22
215 4921 97
4669 206 29
1805 4251 66
1014 2822 51
4981 4628 68
3751 4347 63
2630 1946 77
1805 2647 86
5029 2488 16
355 1532 68
2493 4090 96
3782 4301 64
2739 3652 60
2455 3351 13
757 3261 51
1935 1358 20
60 1514 95
3441 4568 91
782 178 84
1771 519 17
1029 1178 55
2468 295 69
4172 4489 16
4050 3947 64
1782 3514 18
152 1132 29
3123 1293 19
3257 862 81
1585 907 7
850 4062 87
2332 2376 60
1795 1530 64
2095 1651 88
1555 3195 83
1092 2152 91
2663 3834 74
1528 1578 22
1109 190 53
3044 4411 3
2397 4183 66
2305 3624 13
737 3649 92
1270 1866 74
4483 2546 86
308 1825 35
734 5003 42
290 319 28
2745 4747 16
1623 4177 16
1007 932 24
1372 3539 30
2419 2031 92
35 1732 33
3149 4716 20
2792 4649 53
440 3638 91
4752 3752 38
22 3405 62
3644 1182 88
486 3680 95
4250 3706 83
3490 4542 63
2149 1289 58
4691 1131 11
2487 2995 95
1599 4009 98
2794 1235 45
1937 2063 95
2895 4627 37
119 1680 59
16 1306 76
1696 150 21
1341 3918 29
2712 3599 33
4279 3725 74
2011 2308 54
1841 3319 48
4986 3704 15
4278 203 16
2430 3254 61
1099 5014 37
2960 2131 39
2522 1227 78
1907 105 11
3670 549 10
3445 2913 18
3890 31 15
4995 4624 58
2192 3895 86
2925 3190 41
697 4729 25
2352 3654 22
578 443 93
1407 4364 1
2124 3160 11
352 1923 46
2720 4943 34
218 3941 30
4908 1955 35
2357 4820 79
538 2205 44
4450 4808 21
289 174 5
1727 458 80
1530 3525 98
4525 1424 57
4187 5005 30
2618 2264 90
902 1731 7
1444 1977 4
3112 3801 67
3332 3290 16
5043 4269 39
4620 2079 71
4786 4020 80
4646 1868 57
3472 1430 64
3060 2515 100
110 1329 31
4444 4267 56
343 5033 16
4733 1041 48
2460 2403 86
3944 1345 23
3109 3059 44
4030 4916 57
3249 2553 58
148 4513 75
1095 4138 24
423 2709 18
643 1758 6
235 3265 85
2348 3258 71
1215 3385 13
4750 858 68
1665 2632 82
4418 3958 27
3128 866 24
681 2828 77
3235 3315 49
3192 2240 66
3658 1670 96
481 502 25
4486 114 85
1664 3129 20
3558 1186 86
2918 193 81
3567 74 38
2336 2854 48
354 510 62
552 3779 35
719 4081 71
3831 3811 81
3060 4924 43
2552 4387 89
395 887 77
1760 1794 47
1147 4506 55
2262 1827 27
2812 3837 79
1297 4957 41
3002 2731 99
3106 5045 92
2671 3791 85
2740 3339 30
3567 1730 9
3127 3347 58
2103 3751 83
866 4108 19
909 4839 17
1905 3690 94
139 4295 28
4885 1122 32
477 898 96
2392 3713 52
2076 3168 81
232 1808 46
656 2559 35
4486 5029 68
5020 1928 48
4484 1360 91
3855 1262 50
3507 4202 6
3227 2209 39
2822 1716 48
697 2937 82
4915 3401 30
1738 1337 54
1144 3429 82
1511 3897 41
4889 2800 28
4089 3103 75
4052 2756 33
3208 446 64
1518 837 51
617 3787 57
1113 428 17
3492 258 17
3806 3951 46
2799 4331 92
1522 2294 49
528 975 89
2583 978 98
3498 786 47
2088 2603 75
4394 402 91
1570 4949 71
3520 2873 75
1513 5038 70
859 2601 68
345 4585 16
532 4575 36
4994 2258 82
2547 2808 88
648 3968 100
2609 4115 66
386 2026 7
4075 4109 87
3745 3384 4
1291 2168 94
2649 1076 41
3900 4294 55
4185 42 38
1057 3207 96
4844 297 86
3486 3027 92
2101 3483 30
1527 569 81
558 3836 27
1009 699 30
235 4045 16
45 733 10
4380 4029 61
3162 3950 65
3162 354 99
1048 14 34
5000 2366 48
4162 2940 34
3438 2255 89
593 44 21
3552 4927 10
147 4998 66
347 2382 29
261 4822 100
374 2726 30
4219 2217 1
3461 2716 76
3235 4420 39
2483 328 28
4738 4922 83
2883 4006 7
560 4794 79
3840 3056 2
3025 4586 32
390 4587 29
3481 4403 35
1109 28 33
995 1461 36
2217 1246 78
789 1015 13
4501 107 34
3227 4278 89
2105 2387 38
3811 3008 27
4826 3100 6
2731 3712 81
2084 1081 10
999 123 28
662 197 3
1585 3199 49
2882 4163 38
1007 2062 77
683 4397 94
3864 2548 86
2324 4104 33
2211 4494 83
445 563 50
412 4713 20
2601 3033 96
1792 3883 70
1109 2106 65
3426 3143 50
296 1045 52
1241 4792 33
2734 2848 80
151 2584 62
2169 1740 80
780 984 80
4901 3475 37
585 2337 8
2143 3482 98
1513 440 86
3397 4398 53
42 4519 99
1768 1496 64
2324 4400 21
3644 4256 91
4901 2016 43
3024 3127 71
2237 1419 34
4135 4790 52
3639 4611 22
4772 4694 96
1009 3061 27
130 1844 48
3223 4599 69
1064 3364 58
2884 102 8
4246 3738 31
2305 865 67
1787 1642 11
2714 2970 68
101 655 93
1 2735 83
996 1720 46
4358 4198 32
4516 696 95
3306 3602 50
369 4871 35
4762 2462 50
4378 2635 95
4140 2613 79
3212 137 60
3073 4350 59
944 390 10
1059 1618 84
4912 3344 9
3823 4369 10
3023 2331 63
3176 4424 75
4516 1317 93
559 564 5
1570 3733 93
4185 1787 64
134 4719 51
4378 1150 20
3200 2909 37
4858 1380 88
1549 418 36
3023 3331 21
868 2947 22
1474 1943 78
459 4419 30
633 4007 71
3358 1450 64
147 3524 12
1269 4195 67
2363 783 78
1267 4607 13
3246 235 22
3556 1751 61
2651 2834 82
2517 2454 3
3484 1110 47
3567 407 39
2257 1237 19
4283 3634 25
2990 3423 66
2656 4818 85
4426 717 72
3496 393 87
477 395 6
4922 4692 32
3539 1010 8
3798 573 61
2181 3585 91
3227 3934 16
86 2261 11
2428 3043 51
139 83 81
4876 1892 3
553 2650 13
4979 2219 100
392 270 24
3914 2697 79
2027 3673 96
999 3094 53
3498 4043 64
818 1140 78
1028 1409 49
865 4263 18
4267 489 26
2086 2185 52
2368 3660 15
1406 4458 67
2630 3295 58
1341 633 40
2868 1867 51
230 1069 74
1120 2193 18
3415 1295 13
3539 797 4
3266 1683 9
1968 4406 98
2569 2625 20
1926 2780 100
2445 963 12
1501 488 78
3831 1615 33
3169 2153 14
802 2522 2
1700 1546 31
3096 3758 90
1956 1402 71
318 4321 89
3356 2027 82
2591 1366 76
4505 451 86
3079 1949 44
2929 79 14
2321 3938 26
1476 460 74
22 2904 86
1009 3155 97
1380 1077 15
2807 1991 18
2525 1725 23
1100 1090 42
1330 4039 38
1808 404 52
1434 4635 7
4550 799 7
4222 2122 91
4432 1619 99
4638 4557 89
2385 1674 22
856 3756 58
2692 3156 58
1946 2442 11
3347 3546 14
3948 3786 96
2280 626 93
861 3814 8
1459 3402 19
22 431 90
1615 3611 98
2357 1462 77
1859 4180 47
633 664 85
4052 3356 70
3183 1535 31
2276 1851 52
1459 1871 68
3265 2038 68
1829 1722 46
3149 1066 1
1007 1482 22
3201 4840 95
149 4914 34
314 2494 59
3758 3681 26
4578 731 85
1646 2964 38
3711 3395 43
2655 3949 98
2324 3841 90
4055 456 90
4188 613 93
3364 3120 79
3546 170 80
729 609 30
1017 1238 32
1773 4876 40
467 4076 50
4215 782 10
165 759 55
1374 2677 63
4548 2044 92
3587 3365 50
2221 1485 38
1635 747 41
4681 5043 93
354 3076 8
782 4343 19
2593 930 4
4746 4760 32
937 4653 63
4574 2051 23
1946 1649 1
4305 2057 64
1132 3239 3
4519 3583 68
2361 1349 43
2223 2413 54
2649 2906 99
4304 4512 8
3130 4119 30
2458 1944 23
4466 4388 48
1091 4011 17
1708 2752 51
4823 3255 56
845 3661 36
3662 3953 1
4256 4337 45
1137 3884 1
176 802 77
578 651 29
147 3437 69
1044 2737 55
2281 3622 81
1046 3707 4
4050 229 65
1179 852 54
1088 4728 10
403 4925 71
762 288 72
4129 106 67
3410 1377 13
4928 1822 20
3238 4748 60
2506 244 56
3103 2409 90
3108 4666 86
4052 2792 54
4901 4805 87
2654 4335 7
4236 2252 88
4372 3542 35
4018 3122 39
275 867 7
1467 4913 22
3794 4631 90
63 4042 60
1507 3734 76
3200 2426 24
3947 901 93
2459 2112 71
4928 2098 63
4826 2221 57
2589 4680 33
4785 3438 76
717 2931 17
1808 1614 37
1129 3046 70
769 1984 21
639 156 15
3446 2011 87
2744 3363 27
1655 1067 37
78 22 15
4359 1542 87
3443 891 26
1919 2314 13
4499 2724 10
2847 1174 79
3850 4080 91
28 4539 96
2969 3929 97
1967 4473 28
2537 1162 49
1760 691 63
3323 3062 66
875 1813 44
2195 3250 69
2868 661 65
88 702 21
3482 280 13
3448 1288 40
3144 3063 41
2433 1001 69
4300 2088 78
1213 705 53
3286 2220 9
3023 751 86
1471 2181 34
3115 4756 73
3531 1488 10
3558 2825 9
2362 3308 79
4585 3324 18
1918 4314 84
4550 2832 10
2472 2579 13
4194 3188 4
4300 4110 31
2681 1662 82
755 4206 64
4393 294 84
1441 490 29
1125 3296 3
3540 1756 44
1563 1616 55
681 1441 70
1466 4103 63
4980 4891 46
601 4496 55
1023 4121 44
2024 1807 12
3227 2018 47
203 3252 48
1432 2980 16
2069 4703 58
2926 560 38
933 3170 47
4928 3369 64
1503 3907 22
152 1006 60
1941 3198 78
4717 2684 39
2743 3081 70
16 2216 51
3605 3668 86
1748 3576 49
430 4096 57
4249 3876 52
2895 2377 9
1805 1078 28
4481 2325 85
3831 1292 27
1841 4675 11
4070 3234 78
1655 4162 81
1142 1547 63
4326 4330 41
1911 3214 8
2516 423 42
851 1736 34
2278 964 27
1528 97 13
3751 1671 61
2988 1351 12
4761 4313 16
3179 3797 61
4603 4952 7
4252 1665 15
4905 3375 15
598 256 62
2430
4801 2570 2807 1297 2451 245 689 3852 4608 2337 2325 652 725 4514 2018 3412 820 1147 3836 1866 2683 1752 316 2218 26 2315 588 954 3434 3780 4745 233 327 1704 4484 1702 155 2157 704 4837 3054 3749 2124 2715 100 317 2428 830 812 681 1052 3626 1838 1672 4197 651 3513 2789 2394 1383 3305 1253 3949 3674 1888 525 3817 1688 146 3346 4624 824 1933 4204 837 1470 1712 306 1919 2802 785 2144 4748 268 1507 456 2277 4401 1842 4883 4278 4106 3628 2443 782 4989 1711 4228 3476 918 3657 3944 607 921 4341 901 3829 3880 3801 5004 776 4104 1401 1374 852 2427 3888 2517 427 4182 1815 1955 2756 4472 4308 4412 2371 2268 3684 3491 4003 1726 2526 1389 1901 1848 249 1196 2034 407 321 2605 32 3823 151 1238 1151 4525 164 4796 774 3716 4103 2922 838 766 1117 3227 1140 3755 418 2400 460 2775 208 4957 3556 4566 2474 4291 1326 1427 4214 3020 2530 2499 1134 4998 2363 96 941 1611 1187 1567 2190 2666 1827 4672 188 2047 993 4808 384 2776 4572 817 3620 172 973 4535 225 2357 2167 4576 3165 2164 917 686 2352 3153 4788 391 2597 543 2886 1964 1294 634 4908 729 145 1837 4312 82 3765 3530 2639 2885 196 1231 1183 363 5006 193 4519 422 4938 368 305 215 1655 4523 2795 2304 2321 251 4462 888 200 4256 3333 2835 4031 3324 4208 2537 4855 408 2934 401 2936 3221 2781 304 1987 3501 4111 2846 4933 4913 2767 2674 241 3469 4921 2104 1882 2415 3934 3170 574 2402 1917 1448 3644 1771 2979 1589 1915 4503 1743 2838 4303 2828 3142 4697 129 3435 3065 4190 2202 2432 864 4657 2414 3188 2693 1180 464 4294 2396 2002 2873 551 816 3146 1115 1031 3901 2462 1820 4185 4226 1367 2705 3225 1823 2827 2512 4161 2540 122 2476 1003 3881 2344 619 2494 2971 2506 4085 4252 2706 2130 3747 261 1310 4793 441 2761 1384 3075 467 2139 399 2094 2426 2580 4172 210 1720 4369 4292 1207 529 3497 3676 3723 2932 1175 3461 4685 4850 567 661 3706 1203 4490 2143 3049 3913 3272 3084 395 3882 2723 2257 2647 1241 840 626 2612 2558 4253 1174 2267 1066 1542 137 2760 903 925 4457 3975 3047 3201 4230 942 140 3108 4379 1833 3697 3969 2418 5015 4981 1539 4876 611 4265 4761 4223 1989 4687 3515 4950 4347 1104 228 2650 1392 4145 4164 2711 3810 2442 4499 329 2884 2976 2624 4133 516 2529 3383 272 3744 2192 2165 2920 1121 1345 5024 4527 2211 365 2138 4703 3152 4723 394 331 1967 1234 1404 814 1858 2339 1526 508 2958 3756 5035 759 2919 3378 4671 1296 3482 168 3799 323 1748 333 2108 4046 1652 2588 3096 3861 2545 2964 670 3380 3280 3592 1564 310 1492 1871 3635 367 799 4302 3421 2084 3504 1628 4794 4477 899 1095 709 2401 1775 2472 5011 1286 4374 923 561 2757 1135 843 3709 1578 4759 2800 2532 3790 3973 756 5040 4770 3922 3077 1275 4901 1929 505 1677 1914 3777 947 2264 1429 2552 2282 3089 3659 1397 4594 388 953 4418 5044 2079 3555 805 2882 4451 1063 3388 4898 443 113 3155 3462 1961 571 1872 3941 1533 786 482 887 3254 463 2987 1313 4147 1165 4452 1354 3745 2490 965 1311 4192 4670 1786 4482 474 483 2204 4798 2117 1148 3715 3160 2053 2544 514 778 2333 260 683 1441 1791 3408 4524 4251 1630 4186 2255 4330 3132 660 757 4568 3798 1197 4487 3439 632 4089 3953 4814 4892 2390 3605 69 3452 3431 4541 4943 3182 2553 2421 3629 851 3159 3769 948 1094 2207 3778 4743 1064 841 1469 2271 2458 504 592 4066 4321 171 3042 707 1828 4079 2579 884 1698 583 1051 2661 4391 3727 718 1746 3499 3982 1623 4138 1218 4151 3268 2821 217 933 4918 4108 1242 3959 1911 1044 492 4614 758 635 4039 2844 2220 257 2774 2600 3199 791 3124 3167 3898 3035 1128 4453 3234 4146 3598 3992 1840 4628 2074 638 2694 1607 3834 2764 2033 4242 2313 3083 3360 2567 3637 16 2261 3603 4043 1261 593 2988 1777 4006 4517 1984 4460 1821 2622 68 4485 2497 1570 1266 4307 627 1150 1368 1854 3060 224 1329 2866 1473 2234 2963 195 3681 4522 2269 3068 643 1806 1649 2393 3475 1160 318 1637 5013 2794 496 198 4842 533 2736 1078 2852 2037 3081 1291 4880 1891 2481 3048 3737 197 1907 1862 297 3607 712 2249 4682 2523 3972 2729 2316 4705 4961 44 2733 1004 4854 2189 519 1498 532 218 4222 2504 2843 2467 209 647 1999 121 2768 1086 510 4001 1223 336 414 3735 3930 3517 1923 3792 2876 2038 4734 733 4088 1341 2330 2176 1708 387 2382 1831 4274 3712 4024 3303 1554 4641 1321 5026 2874 3840 1443 3914 695 1325 2296 4865 3295 1366 1475 3036 3416 369 2758 2489 4143 1585 839 2276 103 5042 4802 4015 1724 2640 3619 3394 3243 1541 1282 1926 4948 2998 3700 1808 1424 714 696 1122 1458 1568 2982 1881 2040 1843 4755 4546 444 2162 10 1755 3276 3376 2244 4122 77 1763 2607 1243 1947 4080 547 4997 819 2278 2785 3365 211 4277 1386 2021 2630 1546 4033 573 2120 1185 4575 4735 2193 4871 3271 43 3339 1729 3539 2550 2310 3200 2825 4299 3588 1323 4432 3028 1731 109 1596 4681 1970 2067 1322 3131 4148 1050 3440 1978 4454 2008 3579 3998 1971 1519 1190 3661 570 4699 3319 1248 780 1644 1825 3783 271 2584 3774 3536 4352 3496 347 3867 4297 1062 472 372 3459 4631 2118 636 2956 2081 24 3258 1965 3107 2598 4605 479 2561 4049 623 4275 4773 3636 3274 1379 4424 1805 768 1560 1268 2001 2663 469 4232 3113 2970 91 3189 2668 1765 580 2959 3194 3695 244 2503 3330 2100 4184 1173 3347 1957 1504 1975 1467 2293 3136 2746 2000 330 120 982 4351 192 1950 1454 3340 3101 2098 4436 1904 325 1516 4399 4132 2589 4282 2331 4841 3743 1668 4174 250 2601 1569 169 4777 4017 717 3147 4189 4763 4603 202 3399 203 1863 4985 2258 3264 4988 3521 2907 1274 1164 2438 3757 3994 2343 4061 2695 4238 3056 2405 1774 4598 637 2361 2809 1591 1446 2726 4520 4086 2051 1719 4375 1635 804 4706 3005 2788 4507 335 2076 3839 18 2654 1684 3336 849 1289 3443 1199 3422 1205 3797 242 997 500 2346 2062 920 3679 2227 1645 1741 2026 1990 2681 2059 1573 4993 478 184 2649 3093 2902 3859 4140 4128 3734 1682 1405 742 4171 2732 3102 3987 141 1074 746 3971 3027 177 3164 4100 3013 4355 4035 1671 1358 3145 3051 2505 3935 2826 1751 3172 4362 922 1334 3813 672 493 421 2762 1373 4625 3921 1594 4116 871 205 2995 4878 669 1734 4565 1709 2883 2862 2386 165 1783 972 4262 984 2365 3663 4384 4947 342 5017 2488 1680 1220 1457 4433 3323 357 3586 4889 3999 4664 3110 2898 1659 3638 2154 2186 1730 2745 4010 885 2727 4178 1316 4260 1532 1090 4551 1375 502 2633 307 4516 2578 3767 1527 1080 1946 2375 4823 3079 1288 2147 865 908 2645 2591 958 3660 355 3312 2099 4903 4975 680 1856 4562 2440 1336 1898 3906 4675 1222 4177 1267 17 4113 1803 4815 4037 4941 3428 2754 3870 1639 4529 2805 3952 3012 2032 4992 3849 2463 3978 3854 2719 4176 4405 4179 240 3559 846 4165 1855 4684 3163 4016 2208 1599 4068 3480 412 1053 3693 4729 214 3177 2126 1023 3061 1505 3990 2603 2543 4289 4160 247 313 3247 236 4491 1124 3235 2216 1944 3299 4131 1110 4792 2391 3811 4838 1973 2288 2224 3017 4775 4740 1576 2583 1213 1005 1307 3762 4879 3885 2307 4381 1597 927 4026 2587 4934 1849 2539 4693 1902 2297 4893 4767 1617 258 12 2549 1398 658 1279 3410 2864 2334 1536 4254 3646 4612 4496 1794 4413 3692 1376 1909 2048 3140 702 1834 2797 2068 319 183 708 2342 2791 2817 2944 4444 3144 4081 928 2916 1381 4917 3372 1191 4560 2329 1626 4858 1924 992 2610 1002 1259 2080 2169 2782 341 3523 4394 3980 1415 66 3331 2771 1736 753 71 4339 4600 2027 939 558 3407 3447 180 30 4063 1717 4899 3216 2416 591 2473 2374 3673 2858 2637 2078 1676 4326 1082 3625 157 116 4092 3043 1663 2445 2527 3863 2975 4342 3057 1949 2718 3733 2522 2338 264 5021 2595 263 2848 2687 3001 1885 143 625 1493 1315 4673 380 2328 1263 4781 3351 2592 1000 4435 3965 3436 4782 4559 4359 2910 2627 4570 1553 2340 1192 2161 767 62 4709 74 499 4547 2498 3489 3957 3111 4220 1733 2172 2657 915 411 332 3310 2464 4737 1865 87 3178 1290 3492 3023 5019 413 4466 393 1826 3572 67 2921 480 1956 4569 4467 4710 3085 2241 3612 497 440 3707 2973 1802 1509 254 4638 4708 1478 2701 715 159 4013 4293 3175 4586 878 2609 2461 4034 2613 4075 4836 2453 4882 4058 985 4999 3486 1453 1601 3532 3318 1087 2939 3819 4967 955 123 4910 1859 3226 4868 1529 3487 2035 2111 3088 740 1625 4704 360 1640 1452 1972 2957 156 3354 1883 4397 3647 1699 2372 3519 4766 1778 1428 4803 2349 3981 3022 458 1517 2410 4912 1059 4994 2364 4645 3356 1257 4655 890 282 762 3687 2699 4023 461 2783 4644 1032 4211 3866 2457 4785 517 2043 41 65 784 6 2704 1075 4439 4886 4597 4715 4096 3731 2318 4968 3594 2017 95 2187 4574 1254 3224 1512 2379 3800 2621 4873 5005 1873 2471 3232 447 2320 1193 404 4196 2937 557 2058 2345 1152 2466 3458 3835 3630 2285 4890 2238 4610 1377 4261 4635 3889 4874 2485 4358 4962 3917 3158 4209 663 4826 2983 2274 4316 2389 3256 1544 3129 703 3508 630 3450 1685 199 2003 358 1369 4474 2812 1390 1434 2698 4583 4469 2500 1265 3891 1981 2250 802 3591 1667 3275 3250 1365 535 1780 3942 1461 4361 1444 1126 641 4461 4712 1604 1198 2369 4696 3309 4738 1057 1715 3217 4306 3505 3754 4272 2214 3391 4287 4757 150 2166 3041 1111 3444 937 4750 3827 4648 410 2786 2813 3738 665 1937 876 3392 39 2206 1788 3456 1278 2742 1789 4797 3535 3097 3721 3623 3685 4200 3702 2721 33 3947 267 2685 4191 2408 1695 3551 3509 3527 4270 4719 930 610 1675 1285 4268 300 4067 855 1613 1690 4626 343 2717 644 2804 1309 3031 726 1939 4489 2292 2006 2784 2201 980 1306 3490 1772 2384 3139 2889 2122 1410 3126 4288 3565 4885 4044 3267 2070 4543 2887 4742 3671 4279 2495 5008 4334 1142 1810 2984 3601 3314 4584 3290 3413 3466 1432 1897 4674 1930 4756 3728 1590 322 4573 3253 4727 4960 2710 3384 1408 248 2868 471 3174 527 1245 4966 4721 1024 3548 1034 1250 2641 3857 4970 3803 3845 3752 2378 2803 4437 566 2673 3281 3546 2468 3956 880 1359 545 872 3512 4835 4074 4290 808 1547 2992 468 781 280 1233 835 4944 4848 4964 2248 385 4651 1980 452 3970 28 3814 1014 2299 1181 48 3542 1252 4789 4338 603 4376 3929 3230 2808 4914 3587 3315 4831 3291 3606 2562 3764 2623 3812 2724 2232 822 2013 4322 398 2990 998 2178 3240 797 1479 3313 49 1327 312 1739 1351 2772 618 5001 1614 1627 4445 2065 4923 1583 5000 4779 1890 3255 526 2149 854 3026 1892 1236 4548 3379 4331 1908 4606 719 4101 2441 4741 3382 3448 1249 2502 720 1565 191 3820 3357 3030 2434 2243 3185 1472 3212 2086 2652 4229 2572 2548 2856 3741 3533 3665 1328 1020 5038 4506 932 353 1844 3773 1210 3137 2716 2847 3950 1172 4895 1986 252 1145 1575 4677 1487 3724 1705 1515 2061 1144 1040 5032 3090 227 75 2024 879 521 5022 1584 4281 4866 4098 3398 3257 4350 3236 798 735 2480 3358 61 4505 628 2298 2312 1184 2156 2406 3843 206 1132 539 1480 1809 655 3850 1893 4920 4760 434 3689 3568 3825 2911 813 3127 4025 685 1813 3877 4563 1916 3753 2171 4280 1801 1847 4637 640 575 2593 4154 836 3694 5003 4974 2935 3169 3550 1403 3842 2510 1399 119 3400 4470 3960 1161 2332 1905 3229 4554 3473 3742 3218 3432 3945 4488 1387 2102 448 1298 459 3176 1598 1557 2954 2879 2125 149 589 3135 4711 1201 3662 2796 4053 106 3442 1262 3437 1483 2152 788 738 1069 337 4571 1406 1556 604 3763 3259 3574 3134 856 523 1880 4689 4577 1582 2709 3117 5039 2905 2880 2524 2829 4 1713 420 2199 31 3472 4206 676 1167 2254 1436 4267 2906 4301 3761 1072 596 3297 1438 4787 4480 97 4078 4754 4979 2159 4856 4932 3522 974 4357 238 144 4976 4853 1581 2671 4518 1636 744 20 1654 46 4323 4054 2487 2857 3927 3187 3417 1013 2436 2996 936 1440 396 2020 800 154 457 693 3678 1091 3441 51 4325 3740 4310 40 3580 124 1870 4183 21 3067 3655 2198 1830 139 2590 2228 3667 4585 4510 1413 1046 3204 4173 3590 4431 450 181 4368 847 3775 293 2836 3423 1548 4370 3830 1804 4083 2777 4592 1332 4531 4193 473 772 2417 3286 1622 1466 239 428 1419 4285 1395 3342 4426 52 5028 2314 3541 1347 706 446 2022 549 64 491 556 4318 79 671 4688 3222 1525 1357 2840 994 2731 4365 825 912 2676 1346 3538 4716 256 870 3596 1281 4239 1105 2205 3923 2824 130 3892 3791 586 2636 1495 3958 1133 2972 3916 2686 4634 2300 2658 4217 3316 929 2028 3701 666 2311 1953 3301 2132 4298 175 1600 3928 1284 542 1562 4588 4593 283 207 4422 4032 1921 4762 270 3669 2145 3389 3937 1462 108 3988 2616 3714 3933 2134 4911 1878 259 1817 2744 3029 2912 1464 4680 3808 186 4926 1524
