3424 233
685 2684 8
1119 2658 8
1972 1977 39
810 3402 10
3311 557 12
716 950 92
1129 2327 41
1575 554 37
223 2781 31
2032 1952 62
661 2542 35
1145 1185 6
2068 1589 60
1942 3099 23
2112 960 48
2189 2709 33
2189 2133 70
12 2330 56
3059 71 39
875 70 11
933 263 50
2130 1482 87
1286 1609 59
1907 2498 14
1505 453 28
948 286 1
2547 54 86
2546 696 78
2060 1632 17
291 937 100
2361 2255 73
2551 2616 95
2511 684 59
1624 2274 6
2838 1733 32
292 1633 68
2630 1083 87
3076 2934 72
2704 1169 68
2166 3412 90
863 1218 25
2339 1871 28
1126 2615 13
1996 1077 14
3344 1367 85
1688 3116 68
3262 2771 86
1039 1437 25
1116 1538 39
1678 2276 28
3283 2047 77
744 2436 62
2127 160 13
555 1076 14
1434 751 44
1428 12 40
2139 2627 61
3417 2268 63
391 3418 39
502 1347 70
1900 810 49
1719 122 45
991 2834 46
25 383 57
2628 2172 74
461 468 52
1853 3194 81
1950 973 15
1061 99 74
3212 1745 67
584 1866 67
2891 170 14
39 1098 54
1244 625 8
1811 3075 87
3378 3185 62
1332 1378 7
948 3262 12
2148 2595 24
2107 3404 51
101 3213 65
1486 995 32
2494 1622 92
2306 464 48
1646 1122 50
1157 2441 14
114 839 71
948 1486 57
2055 944 71
163 354 68
1109 3090 87
1230 1913 48
1253 2505 73
1542 206 89
2876 462 28
3411 343 89
2577 873 93
512 3022 6
1408 1682 28
1318 1525 92
303 118 12
1144 727 70
1289 156 11
3079 2028 34
2561 677 74
1092 2243 71
117 139 93
1570 2919 61
3311 2078 84
904 1562 18
1669 898 20
1957 679 57
145 87 29
2412 1309 51
1710 246 53
3392 2244 66
2803 2945 61
2874 2904 53
104 2791 7
527 1252 61
1724 2880 89
3294 1833 2
2116 3007 21
1490 2491 47
2119 98 72
1624 1744 52
938 2639 27
2897 3259 100
3175 131 22
719 1202 72
1797 2339 55
2460 1298 38
671 365 92
1680 1974 76
2908 3130 6
1721 1112 36
2965 729 81
3244 3042 32
3388 1987 77
1561 2871 4
1578 257 83
2659 2161 69
1700 1258 38
850 2451 2
324 3189 62
3043 3207 1
3252 2872 91
2551 2861 9
551 3064 76
3277 952 50
2874 1795 54
109 326 13
2669 932 84
603 1606 73
1376 176 40
92 1591 15
858 757 25
71 1136 31
1838 181 52
925 672 6
2911 3309 66
2008 302 48
1319 3202 70
3165 1146 69
2773 212 45
603 1685 5
215 3290 44
272 1588 23
418 1739 54
17 791 31
387 1683 54
1615 389 6
3220 474 29
2837 74 15
221 2027 62
1542 1541 51
263 218 57
2866 657 68
621 495 8
2097 871 51
2773 2565 49
1033 21 64
2389 2370 88
1605 1780 44
2017 2193 79
328 379 6
3187 2664 28
4 656 16
3102 69 40
2995 959 64
1978 545 7
1241 1151 75
3171 283 82
757 323 54
2180 1937 2
2482 80 89
2263 2016 32
3383 3105 81
3169 2347 63
1577 1605 86
2100 269 81
1061 2777 32
2511 1396 95
2911 208 78
2318 2739 82
3031 1027 45
1393 620 78
2917 1480 60
46 1462 82
3379 992 21
1700 2090 16
3014 1900 69
2554 864 81
897 2579 46
1012 3071 16
1574 1496 14
1704 1778 77
1663 2944 2
2554 1139 71
1858 2214 47
2001 2440 66
39 519 71
420 1181 28
1579 2640 94
3246 2279 48
2258 124 88
2646 1789 62
2049 713 1
2073 1433 48
2333 2837 46
451 1716 12
3247 432 99
1959 469 61
343 2216 6
335 1018 11
3229 285 42
1311 2026 16
2235 1006 26
3115 1756 62
2384 147 79
1073 779 4
1514 1515 50
177 3332 50
1828 3254 43
1892 841 28
3413 306 54
188 95 92
251 2522 66
687 1317 87
1388 2183 82
1475 2535 95
1619 2001 43
1987 1558 23
1906 13 15
1102 2784 68
2778 2311 91
1445 1767 6
2174 1532 100
1578 2507 44
470 3078 99
2909 1082 83
2651 3000 50
2995 3076 97
2697 311 7
2194 2015 13
1495 2408 64
2925 1951 34
2445 3115 27
259 1775 84
1861 3232 32
1211 1967 22
3316 3015 3
725 1279 9
967 3203 58
1380 2960 90
496 581 3
556 2831 92
2650 3079 44
2551 1268 42
1990 3266 8
2006 2175 1
2019 3409 69
2494 1902 6
882 2072 39
1611 1277 57
2011 1711 62
2211 1865 21
2650 562 52
1406 1210 56
1327 2573 69
612 628 45
2000 2545 8
190 2333 44
2584 2867 35
378 815 91
2800 732 58
1481 1274 88
2378 2071 85
1202 799 94
2217 2377 22
2374 1456 2
620 2903 34
155 668 85
2620 1339 41
1909 2245 53
3417 533 10
2165 3420 6
3153 2732 45
2894 3411 33
813 1854 44
73 2108 41
1288 2343 47
1575 33 82
465 3002 31
2119 1199 84
2971 2256 64
2252 478 44
757 337 39
712 2442 65
2142 1447 96
3406 3369 69
1050 216 59
332 1924 63
1309 378 11
2442 2924 45
385 1799 26
584 1177 92
1683 1790 69
2061 3104 67
2854 1123 18
1724 719 11
1162 728 8
163 1725 3
2130 359 90
790 421 94
2062 1140 37
1664 1553 34
535 3348 99
1347 2069 19
1836 715 82
2172 3020 15
27 814 72
1099 3268 79
2423 687 33
1578 1425 37
2217 3315 14
2089 763 55
270 2332 87
2546 1412 74
3150 489 98
1752 2119 59
2938 167 21
2737 862 75
2189 1428 52
1896 55 37
1844 1949 26
1475 1005 11
2744 1002 76
1777 3200 82
2886 1458 73
2871 1063 20
745 2042 20
2832 665 60
2130 2204 83
617 863 81
2721 2683 48
992 1910 41
2028 3184 21
3265 2382 24
2374 942 92
2954 1970 26
589 551 27
650 2636 59
982 1759 18
3297 278 86
1691 509 7
921 3216 96
2690 2037 14
2610 115 42
1280 2958 32
1704 529 69
2069 968 50
752 2449 63
2725 2811 75
1541 1520 49
2253 2652 48
2031 673 16
1012 2865 64
3284 2224 78
429 842 53
1249 1369 45
3245 1960 72
2687 2901 49
1670 854 41
1542 1792 48
2994 28 98
71 3041 38
1857 1468 32
1258 14 94
784 3054 6
2672 1192 83
1073 3048 24
2116 396 81
2313 1488 7
1045 2820 68
650 1769 35
3376 3180 98
25 2446 35
3323 1276 3
625 2959 11
1450 3108 49
1327 1811 37
1017 1079 51
502 2450 15
2755 1945 53
568 374 51
3141 309 25
463 1637 81
1906 3274 30
1843 299 100
679 1057 1
1659 2151 76
3273 2761 13
1170 547 42
2590 1241 81
182 399 16
2865 2435 23
471 2103 45
1011 1204 73
1148 790 37
1946 2563 91
3021 3327 7
1102 313 1
3060 2067 80
2896 3096 82
203 2624 99
1331 2130 46
1859 3061 34
1214 3250 73
2195 2475 21
3223 52 46
1667 1335 75
265 2968 57
281 2229 4
812 2021 45
3006 2511 72
73 531 59
2268 255 87
906 1306 40
420 417 15
370 708 82
1030 369 88
1050 3156 3
3282 3394 66
2213 431 51
2830 2035 71
2889 117 31
2566 888 44
1312 2582 32
703 1466 70
1518 1973 26
3273 2321 22
1922 327 91
388 1930 81
745 2809 30
3126 1800 71
217 2660 47
2739 226 77
3156 745 42
985 172 1
3071 2486 52
1222 3225 91
604 1434 73
871 1841 76
1895 140 62
3301 946 95
694 3311 8
919 422 10
325 239 77
2901 637 47
2044 1312 71
3276 235 35
2011 2239 58
1810 2154 14
806 3317 52
3060 3170 51
3187 2160 68
610 2987 14
1414 1494 61
281 1371 91
1067 1044 3
2313 2492 1
821 2574 80
1948 1287 43
3074 2947 99
1742 3245 4
3285 1197 45
2650 2753 78
1067 2409 30
1720 1848 95
1535 2841 62
800 2612 23
2942 892 80
604 1508 36
2295 3287 92
3068 2863 47
760 1341 6
1275 2821 47
1324 1736 10
3059 1988 43
1150 3391 69
2430 594 4
788 1049 51
3304 107 89
564 723 25
2648 340 77
684 3204 72
2895 1452 72
850 1837 8
1626 247 27
3423 1547 16
3102 1809 32
2204 1157 88
49 731 3
1719 767 41
1468 3097 5
3348 1982 7
3382 2844 49
1461 2472 53
1451 2835 10
2745 236 19
1030 1092 79
1199 1838 43
1797 3419 44
629 2404 72
1496 2356 1
1928 2022 83
2465 2896 11
2213 3153 45
2015 962 60
1605 607 91
1170 1107 91
1192 2179 70
115 2399 89
1429 797 65
2970 1884 21
1097 301 47
1570 276 75
2158 539 8
3419 1722 93
2243 2985 61
343 2967 71
3293 1445 93
2246 3289 60
2059 2373 61
2899 171 40
1164 2217 76
3094 4 7
3262 1118 79
2153 2525 71
2318 2874 34
3297 2833 39
859 608 97
1554 2690 55
387 795 52
2692 1048 57
941 1453 77
2420 2029 44
2589 3169 27
1529 999 91
1922 2032 17
2473 552 31
1233 2897 13
1968 900 35
2995 1621 78
1613 1892 70
1597 488 66
2298 705 43
908 1183 21
2211 1567 58
1605 426 11
450 2751 76
3168 756 67
2573 1550 82
3350 409 20
708 3058 91
1938 1438 40
2967 3303 95
1686 1729 77
170 3098 2
2497 782 19
3226 425 23
3257 1043 58
2145 2707 25
2013 2228 57
858 2459 94
325 2477 53
1029 927 85
1521 1528 82
2897 3338 88
2768 2397 85
1104 416 65
3060 2049 45
2003 710 55
9 3060 48
2338 3302 46
1676 3234 21
940 2764 93
1518 1989 25
2733 1190 8
3293 3371 50
2978 1467 35
2211 843 52
2344 1133 73
2214 746 31
1984 2362 19
1409 3129 88
2200 1829 42
1216 3143 68
272 1414 8
747 328 8
814 300 41
1451 522 31
1836 1692 47
490 40 67
1937 1398 75
2685 1439 20
867 1602 20
1450 262 70
2753 2671 71
255 132 1
726 1160 29
1464 2484 96
286 2508 92
2005 2121 87
600 2304 64
2894 1180 79
1789 1648 62
419 1050 2
801 265 94
1222 388 15
2778 524 69
1528 3387 59
1742 758 71
2929 2862 88
159 2148 77
431 332 50
2140 2667 95
1799 1459 13
2401 1883 51
2180 671 2
1058 945 27
2290 3172 8
2697 880 38
2614 1034 58
574 1735 99
3118 492 96
1695 3190 15
2627 2623 89
170 1441 2
906 1923 29
3348 627 5
3372 1078 84
3342 2125 81
3118 2278 4
584 3343 85
1704 865 81
3246 3053 9
1974 1852 57
3277 1469 43
2995 1492 97
1712 3165 16
962 963 85
2025 1144 8
2929 2264 85
3174 2080 66
778 1304 62
2003 568 80
2991 1581 89
400 3401 94
3017 2685 38
2423 2002 35
1986 166 97
3251 3393 33
2407 15 30
3380 1256 51
136 1373 74
1327 1415 98
630 1141 92
2488 2295 100
2735 2933 22
584 1702 53
90 355 11
2514 663 38
1390 3003 13
778 1512 51
1476 836 20
116 457 48
2810 2138 55
2851 3212 41
889 2358 10
1337 2055 85
2772 3101 88
2279 558 86
2456 2419 95
1215 1179 19
1200 1705 55
1876 2452 14
208 3085 91
1116 2772 35
2746 1963 87
2061 2938 77
204 2776 3
241 2079 8
2759 274 5
2088 2702 75
2954 297 65
197 483 29
1635 400 57
1144 2086 17
687 391 83
2248 1015 17
1476 3350 88
1499 3012 63
1120 724 33
1667 1031 45
491 1517 75
414 2031 88
2730 980 97
995 271 10
2892 2169 95
711 2602 23
3392 1365 86
426 2568 82
2886 1404 36
2313 264 75
160 969 59
1386 738 47
747 266 75
1721 2036 100
1470 916 1
297 1158 98
232 1470 54
1982 1325 60
2710 912 2
1393 1665 3
2991 1121 91
2879 2210 69
752 2875 71
1734 2340 38
659 1901 17
3293 227 99
448 2787 50
3146 1985 73
1081 1618 70
1848 2487 78
522 2589 68
2580 2398 24
2980 3281 79
473 3257 91
2789 1638 52
2472 2654 9
111 2546 9
1047 2293 53
1263 588 18
2919 1710 4
2719 2109 95
3274 2199 21
2924 2969 19
1803 155 56
556 315 5
2709 1182 45
3309 2923 15
1942 364 48
182 165 41
2381 1071 96
829 187 32
3412 1069 14
1472 393 84
1671 2101 34
343 1432 35
2111 2878 14
159 1776 1
357 3222 16
3185 2917 38
2035 2238 87
1226 452 76
1472 2714 84
1042 2147 42
2480 1912 38
1802 2153 52
1143 2644 42
3096 2676 76
1164 2313 62
835 1355 31
2866 1941 25
1798 3349 43
972 2493 61
2138 2941 32
2281 1000 8
599 2326 40
1935 2280 33
447 3377 42
1989 180 96
57 1245 39
3272 2289 24
1217 1693 3
1528 2407 4
3179 1732 54
2087 1815 49
3301 2383 52
466 834 55
2891 2899 45
2081 2262 41
24 670 17
2832 2041 26
275 1026 1
888 1269 69
426 1413 9
41 872 36
2217 2379 87
800 344 43
2321 936 38
448 3236 55
3284 1586 83
3043 2748 84
3059 1860 11
815 970 40
779 1936 34
2570 1491 24
657 2420 59
2625 201 6
3224 1624 84
1779 688 18
1127 3255 84
2539 2085 42
650 1334 92
2410 66 27
2199 2425 16
3187 2076 37
974 3306 67
635 2795 87
1706 2303 95
1319 1984 28
2978 938 18
3275 635 28
2954 1919 25
344 1223 17
1333 2307 46
1950 2415 78
1048 1243 97
2365 1563 50
2745 2301 54
1816 1135 41
218 1187 19
444 1504 33
2916 3361 62
1720 2512 8
2011 499 3
2130 3423 7
3012 2202 40
2543 1097 16
105 920 52
933 3283 71
3059 2564 47
3387 1463 12
2947 2499 49
3033 1619 17
499 2426 38
2747 3069 73
2878 615 47
3419 2285 6
932 41 82
2917 1894 87
1195 60 23
2492 2259 25
815 1914 29
846 410 24
2735 1230 55
1721 1699 53
731 602 6
1518 1887 58
2401 770 59
521 1329 67
1278 78 1
71 2891 97
118 1587 43
1015 330 63
2180 2735 72
1124 2197 12
2387 1498 24
142 2367 57
600 2246 4
454 1142 21
2709 2558 23
1669 1359 73
506 231 37
2541 961 10
1333 252 23
3099 765 77
3365 741 98
2417 2118 47
792 507 40
650 2584 18
2410 505 49
1906 1382 20
466 2942 15
1423 2331 85
293 2296 98
1689 3095 5
1045 1613 93
2197 813 89
2047 3023 28
359 2682 35
1386 1021 3
1248 9 53
3375 2813 72
2375 2818 17
1282 804 56
294 1184 98
2730 3162 91
459 1907 34
101 1356 96
69 1757 82
3156 835 76
147 2137 22
3057 1714 73
2280 3215 8
1797 3305 47
1170 1242 29
2120 2073 67
2487 1207 44
3044 2483 90
428 2476 20
752 1543 73
680 2855 52
2130 2894 24
3192 638 21
2287 913 71
2852 2594 43
2226 698 66
1406 23 46
911 2249 3
3037 2095 89
1618 1450 16
629 2318 12
2852 2720 78
2627 168 38
244 2146 40
810 2718 86
1319 2851 29
1514 1980 69
727 1895 89
867 3416 8
1096 3199 55
702 2053 48
1239 2203 18
3413 3027 7
832 1117 97
51 192 63
3273 3132 95
2954 910 82
626 764 93
233 484 2
2704 1916 29
2040 2388 53
129 2976 19
2629 3331 6
2875 580 98
226 2178 58
220 1358 11
921 288 61
3277 1321 63
3141 1284 70
99 1851 92
2219 437 81
826 3025 31
1020 3260 71
1634 2953 76
2642 1994 62
2120 633 39
2964 1850 7
2970 1942 65
400 3424 28
1176 253 59
1598 716 67
663 37 36
788 2609 46
2665 1691 35
1671 1774 25
466 2390 44
57 1409 50
907 2580 83
440 2693 26
63 1091 75
1273 3195 17
1385 1020 98
1038 3164 19
2660 2698 99
1665 2979 59
1289 59 13
582 256 42
2577 2908 81
3213 981 24
1574 2371 37
1605 1473 87
286 3173 40
633 1689 92
145 3251 32
2890 1965 45
2610 3353 91
1020 706 4
466 1130 9
1511 3114 4
1528 1188 25
3244 19 78
441 1915 96
1239 3001 8
1379 2182 26
2725 2252 99
1485 577 1
1080 1178 50
3012 2893 25
564 2445 89
2532 2743 74
2756 1805 88
2621 2983 60
1081 1669 24
2492 1752 84
1514 1707 93
2555 3300 39
2604 2618 71
355 3154 28
2017 3390 100
3389 1368 49
2259 1891 33
1624 2201 53
2130 917 81
1211 1282 13
864 2454 89
1884 214 43
2288 996 12
925 161 78
2497 2994 18
784 3242 100
826 1920 51
2813 2608 48
3246 1264 40
725 3181 62
3297 1380 6
1665 1059 65
1657 2424 26
3423 1634 2
2200 3055 6
3094 3249 94
3274 2955 41
3072 3380 18
3144 1628 70
757 1497 5
227 2939 41
3048 3138 100
963 802 43
2278 1971 14
2545 2712 92
2897 2581 16
1288 2637 59
3247 1023 27
2222 222 32
58 1221 10
724 3336 100
2866 1704 21
2189 2534 6
1715 331 23
1510 769 20
2053 1172 52
414 194 16
2194 3092 26
3385 2034 10
2489 2731 28
1991 3280 35
14 787 4
2195 2112 24
1650 1802 75
3059 926 3
2000 385 94
1477 2097 59
1736 2848 63
1593 2265 14
3074 1502 62
304 438 57
613 441 10
3371 1259 83
2995 111 85
3064 1580 30
3118 3087 26
1573 1465 3
175 895 67
118 2604 16
2837 405 52
1164 25 27
2420 2998 53
2801 3291 80
1073 792 99
1665 1354 15
885 1490 75
726 26 23
2878 1798 47
414 1296 58
1895 650 79
2472 3091 32
1538 3240 78
3187 93 29
1385 1667 38
2606 1189 49
2497 1990 40
69 878 86
2278 1731 9
2467 1597 27
88 744 41
1439 1088 11
1439 1196 70
1410 1237 66
2236 3256 1
2091 747 7
3072 2423 38
2882 106 83
263 73 25
1900 223 71
2214 2845 74
1634 3247 59
3267 852 76
635 1523 24
2492 1526 54
1998 3014 49
745 2519 71
2792 1715 64
3265 570 9
1428 24 41
3277 1093 74
2465 584 33
985 3378 21
3038 2142 70
1570 2778 38
3118 933 75
1429 808 6
578 752 43
1296 2528 51
3342 2342 18
2211 991 34
1957 712 86
2062 1110 95
1456 695 27
2110 408 48
377 1656 57
2777 1969 48
2761 2992 29
2894 957 24
2483 361 38
917 1646 38
2199 598 86
2142 918 80
2483 971 59
148 108 32
2666 2106 2
2815 740 99
2313 221 84
1611 186 18
405 2797 24
2380 2058 41
991 1514 60
1392 195 44
3161 109 82
1152 2590 29
3301 2410 14
404 10 84
2379 3067 14
3201 1961 20
790 2075 14
2912 1324 35
3301 1645 79
492 515 74
168 3372 34
512 1451 54
2894 49 97
2155 2695 90
3362 2536 20
1680 1922 59
1943 1417 26
1475 1959 42
967 1721 32
880 454 49
2404 1295 15
1413 3013 32
1602 287 21
1131 1278 3
1588 768 14
1724 2232 28
843 2431 25
1780 2317 61
190 2061 53
286 1663 37
633 669 95
1836 342 22
1029 2909 56
243 1816 96
1327 2230 13
2052 1363 81
810 1765 2
3000 2665 87
837 816 9
3096 640 100
985 3112 8
1845 2248 20
2995 2387 16
543 1723 85
1567 2164 52
3185 382 48
1179 3024 3
263 2634 39
233 1016 12
2679 1375 99
2048 1530 47
448 429 65
3339 2455 68
136 1853 56
2965 229 85
1521 711 86
2133 612 58
3254 1115 73
849 404 75
1222 2215 94
372 1999 33
356 1966 32
2263 2043 42
3267 1395 16
1164 2457 70
1332 407 58
448 463 7
3061 1010 51
2052 653 89
3166 1968 67
734 1651 85
2110 138 52
99 964 38
1978 2766 41
1099 2077 76
1747 1881 45
2634 3244 9
3156 2927 84
671 3299 29
145 2799 42
657 3314 72
715 1573 80
1621 1576 22
3313 465 72
1399 81 49
795 2430 92
2368 1882 64
1736 2008 68
1818 1658 63
2866 1819 16
779 599 61
861 1787 16
490 2298 79
429 232 35
123 2930 43
617 1448 4
1288 3206 75
1857 219 56
2211 2324 29
2554 2559 68
2026 806 16
2915 2240 85
2127 312 23
2387 2194 61
1935 1660 87
2515 789 94
1162 1791 3
457 1416 29
2570 1664 86
876 1239 48
1900 1039 84
457 3205 89
1055 200 57
863 1267 79
279 3330 46
1894 2722 76
1900 2208 88
1961 1064 30
2613 1070 1
2231 2617 61
2139 1659 69
1274 1360 60
882 3043 88
1888 3109 94
1795 1236 16
866 1928 76
2792 1073 91
1692 1175 63
3309 346 94
3283 784 18
2459 1978 86
1517 175 11
1244 1537 29
3303 2462 93
1244 1737 94
1362 395 41
3297 2881 11
1187 3168 53
2631 2162 50
2970 190 49
555 182 41
929 1939 7
527 1614 1
332 1878 86
3397 3198 8
3098 1932 52
356 2677 19
3262 2089 14
711 564 86
1488 3258 1
2736 2283 44
381 1406 9
1202 2613 98
549 48 11
55 2439 66
990 1993 20
381 2977 10
523 1217 38
875 1212 31
1360 2310 66
1528 2019 21
1311 1996 27
361 2631 26
1763 2566 35
2866 948 81
2590 1688 39
1435 1764 83
635 1167 69
1796 978 72
1785 2793 61
1957 722 76
1213 2643 75
2366 3325 41
2140 275 100
2633 1820 67
2815 953 81
1353 2827 79
3205 998 12
248 2272 7
3119 2964 66
116 1650 79
2694 700 38
801 116 63
3411 1825 88
2577 213 19
3295 3011 94
1108 3134 58
2489 2308 87
1429 2040 92
1125 3193 49
1775 1713 76
2077 2916 10
1575 1310 18
2317 1557 7
1822 3035 56
1720 2368 33
1380 2830 93
1828 2227 47
215 368 68
1918 1045 77
1593 866 30
633 2662 25
956 3113 93
2100 2113 9
2165 737 82
2650 886 39
1575 2192 49
3273 2345 13
104 281 82
272 2789 57
492 1066 65
1054 1972 20
3309 1858 51
2264 928 90
1429 2783 25
1517 2673 3
2994 1748 27
1144 1131 39
346 1114 32
1717 2263 80
2060 1545 94
2825 3374 39
691 2989 55
541 1001 73
2189 1229 11
1251 1024 59
2488 1152 9
1686 666 84
53 145 10
1514 2805 35
3219 2680 3
3007 587 100
2499 2990 5
1485 3030 47
1575 2544 28
1487 2156 32
1086 3126 59
1124 609 60
863 38 88
2965 199 65
999 460 47
2995 3297 47
846 1216 35
2810 1102 49
302 423 23
3263 2066 86
1125 1877 65
1574 1872 29
1229 1763 22
1061 3166 94
1000 1846 4
2824 2494 62
2139 2354 44
3192 3158 8
1164 121 18
2553 3086 17
2383 1556 87
2837 2852 63
306 2444 80
3397 882 9
1087 1353 20
3341 889 60
213 2352 24
2732 2323 42
1947 1235 2
245 2421 79
2575 261 74
1663 830 23
1206 2434 45
768 500 87
767 678 67
3172 646 31
2838 1975 69
807 2932 21
117 1671 21
2789 2422 45
882 1052 75
1515 2888 32
1630 3005 49
3380 2473 6
3137 613 76
1347 899 66
234 1981 76
2984 193 6
2130 2838 17
684 1519 26
1384 3345 67
1 906 61
1735 2686 1
2338 2185 60
657 2692 76
715 2057 39
260 1615 29
1391 1755 80
2306 3405 77
1406 867 76
981 3395 21
825 34 71
891 661 100
3146 1405 5
3237 1565 59
3202 2973 55
286 3136 75
399 3163 96
2320 718 94
523 1991 32
1647 3288 45
689 2018 47
286 1072 55
858 772 20
2897 1444 92
1390 341 57
2709 510 17
2068 1254 41
3213 2334 38
277 458 68
917 2403 8
3003 1203 4
2403 783 36
2864 3351 54
3312 2054 44
2052 1766 40
1515 868 90
629 1461 10
3309 318 56
2773 1911 84
1255 893 58
1688 2757 21
1572 1706 36
1234 2814 44
1603 207 49
589 1362 50
2387 1400 36
1303 345 43
2387 2704 40
543 707 17
1722 1205 77
3080 709 49
770 2115 27
725 2999 82
3278 1214 51
2772 1548 57
3089 2074 62
1778 358 96
232 596 28
2995 1164 80
168 3066 15
2211 1213 42
2605 1410 64
2357 3307 61
3326 2385 89
125 730 62
2783 1921 22
2789 1336 10
2018 1087 12
645 983 97
2783 2136 45
2429 2084 22
3277 2083 89
1779 3376 75
2489 67 35
2672 2620 19
1303 3322 20
3170 270 90
1779 2538 93
1086 308 43
2215 394 54
135 1826 72
1217 1893 35
414 850 4
221 2288 75
950 3148 8
3227 2413 100
1577 3118 88
421 1889 80
1290 2198 1
2864 1008 34
1271 3008 40
1331 1061 90
3347 2719 50
3160 1824 81
3312 2489 58
1369 829 78
2597 1126 3
1594 76 60
1613 2592 94
3119 826 79
1532 793 98
467 178 72
2479 2734 56
1974 2949 7
2018 676 36
1679 778 98
1526 1801 19
2110 1487 39
1585 334 67
2527 72 17
812 689 91
1000 1600 87
1900 1383 70
886 1794 4
2278 1004 39
3245 2988 12
2253 1754 37
1814 2576 14
996 415 74
67 2550 84
517 2641 72
1099 702 15
2130 436 26
2086 3261 24
2803 2155 68
1009 1672 60
3072 3139 83
2905 856 54
1715 2150 16
597 2527 46
3269 1348 90
1731 1751 83
1319 2488 65
416 3010 62
788 3074 14
1519 2325 21
1291 611 51
1152 2750 90
1016 3122 15
2801 527 68
52 1785 44
1017 986 95
30 623 73
2145 1943 66
343 1426 28
1715 1403 8
878 3248 58
3342 832 88
2637 851 68
1443 3177 16
3423 3128 64
1244 652 26
3044 820 90
2684 210 31
3380 586 5
3224 1263 21
73 3284 34
502 2181 6
1079 2009 26
1401 1718 41
1845 1635 36
2432 2779 68
1941 2971 25
3212 2269 18
3078 268 26
466 1957 42
1472 2020 93
562 3019 35
465 1595 85
2995 502 95
1858 506 49
2035 57 68
2771 2711 86
2784 2059 97
3217 3018 58
2696 534 40
1331 1101 68
967 553 43
828 2675 45
2725 3397 29
3312 2956 94
2616 761 52
800 857 18
3417 259 39
1969 2657 19
3374 2188 92
1936 1289 93
1517 2857 90
3071 307 32
2341 2320 3
461 412 81
2437 693 64
1529 1297 21
2102 84 25
2551 890 13
2091 3159 68
3283 86 63
308 20 91
2488 1657 11
3246 1506 91
4 1717 25
650 1170 90
734 1399 40
1456 3344 64
1409 3135 23
1180 2647 99
1178 1427 78
851 1143 58
3231 47 90
3314 1607 19
1525 2555 73
650 2395 11
3165 686 11
3017 1709 10
2489 2380 1
375 1391 34
702 3285 40
731 2744 72
482 1084 28
3246 600 97
3246 30 45
455 58 61
1462 1777 58
201 1150 71
2691 2520 5
807 2366 8
2770 2299 97
1998 861 41
1196 2570 26
484 2386 78
757 485 36
991 2432 78
1588 2561 60
2787 1579 98
1990 314 89
1548 2742 5
2015 31 64
699 1138 55
30 1372 35
2535 94 87
2709 1149 3
2773 1750 87
2032 2226 49
911 3298 22
2280 1590 70
1432 2478 12
1563 540 2
2271 1238 41
2380 2810 31
179 1104 41
1577 597 82
3156 2087 3
3150 1917 28
2367 1350 97
573 530 91
2747 3235 57
1808 2010 88
163 1484 51
2195 1058 17
2956 3141 14
2309 2575 28
1942 215 58
938 3050 100
464 36 32
2279 1067 98
274 2539 14
2093 1568 85
64 2770 73
2545 2006 7
3344 807 3
849 837 32
3246 617 40
2691 2970 84
2803 450 2
1722 601 89
2634 3398 36
455 2474 17
2504 1649 34
901 877 78
1128 543 92
372 1293 45
1066 1220 83
3321 143 8
1473 2597 72
2123 785 92
2464 1299 65
849 2336 59
218 2965 45
3135 3318 72
2837 1604 21
2484 2591 11
2409 2152 46
850 2765 36
350 3406 20
1013 204 86
3236 1925 56
680 3033 13
1913 775 16
1303 3304 30
1320 335 27
277 1017 38
1767 1640 39
3144 1232 92
2725 479 6
3382 2980 98
1702 1874 92
2217 1040 60
2702 3183 81
876 720 14
1521 2025 42
600 2223 32
1425 1503 2
2643 1762 1
906 305 91
2077 1137 22
2965 1793 19
812 1870 41
380 2315 67
1730 185 80
2546 3239 3
607 1186 25
779 1740 9
1521 2266 86
773 2521 23
3223 2351 71
2008 3320 26
902 1674 19
170 2063 68
1428 1475 36
3382 1292 76
1393 8 64
1254 2030 88
3247 508 76
1571 1886 95
75 362 30
2499 134 29
1130 427 4
2234 2305 34
1229 1125 81
2558 1435 17
2783 1861 73
1542 2381 34
2824 381 93
537 1291 72
17 2935 67
1872 2122 13
591 1539 38
2354 1934 100
2621 847 88
436 472 34
232 217 30
201 516 84
2168 3040 44
1635 303 44
2383 411 41
1780 590 9
1496 280 70
2709 579 77
1813 3392 90
1201 591 90
291 2703 83
3411 3052 65
1821 1661 100
3130 805 52
627 1056 12
2648 536 24
1390 717 58
34 1161 71
2842 1314 4
1183 3127 30
1385 1392 90
2923 966 79
1985 1156 89
179 3316 89
2815 209 97
1577 1747 64
1521 2792 89
1978 1332 19
477 994 99
2130 241 27
1109 3133 51
584 1429 85
1574 833 49
2948 2014 23
2949 561 2
3045 1253 58
2555 798 50
991 1476 83
357 951 30
2088 1033 70
2573 1226 6
2866 1845 50
99 2129 82
1523 1041 86
1267 3167 27
2540 701 19
2352 2740 84
2519 606 4
1845 896 38
1451 1554 69
2936 929 8
154 1906 63
1280 1255 54
2153 144 48
1848 2013 21
3181 2177 74
2875 517 28
268 325 62
364 550 73
1124 2364 14
2742 1955 93
1 2918 89
842 934 93
1097 2642 18
2086 1394 74
1405 137 20
1290 290 74
2771 434 66
1835 110 85
1706 2316 14
785 2552 1
3295 2309 77
2795 592 79
3061 105 32
1288 2859 94
625 1251 31
1109 2877 35
556 2132 73
2656 997 24
292 1821 77
3006 2163 26
2642 1926 7
2407 2911 78
1603 3301 86
2947 3252 22
151 1349 57
356 2427 51
1596 548 39
2965 3276 55
2576 413 4
1109 2091 50
2403 2412 63
2100 1827 40
151 2045 46
75 2416 61
2601 626 68
605 392 28
2960 371 82
2612 100 62
821 3238 4
727 593 52
1991 1376 37
3 2173 44
2389 1094 42
3211 2105 69
558 3370 23
1920 2186 72
2508 1231 26
1086 3347 5
1456 982 58
1503 636 80
2292 639 84
2947 2674 90
403 1338 60
1950 1842 84
2145 812 11
1153 2372 59
1332 2322 2
364 2869 34
278 3294 76
285 3223 30
1312 2394 80
929 18 56
1456 827 63
116 2348 88
2908 2344 78
1124 1165 64
1521 3312 51
3292 2729 58
2402 725 86
2851 2885 20
136 905 9
1124 2752 57
1980 1013 67
2842 2556 12
2508 1507 86
2858 1958 70
3420 691 68
2116 1610 53
356 2906 91
2789 53 58
605 2907 78
1131 2448 96
2086 2860 62
1797 1145 78
646 2094 62
1740 1464 74
465 2524 88
1127 1864 87
2960 2107 75
2456 83 45
2285 3084 52
2811 1328 59
133 126 7
1062 2464 72
1984 2065 48
2374 3422 48
2648 859 2
518 2815 1
1596 1054 50
2379 1116 57
1162 2338 11
1691 1953 11
2317 401 90
3132 3026 60
2519 348 86
3253 3217 82
466 985 81
629 1331 28
2195 2993 89
1704 2625 50
752 1662 5
2906 634 7
414 1176 80
2735 2300 89
2488 3295 2
305 2873 94
1816 1219 58
3201 1257 62
2089 523 100
1503 1351 25
3132 2312 94
364 3150 19
3175 2257 85
1720 1493 7
2139 3017 65
1521 512 22
1818 924 32
2381 375 9
2620 2892 69
427 240 10
1005 317 60
492 1030 73
1372 831 41
1183 2763 74
485 2655 30
1164 1724 97
2503 2537 74
1144 501 50
245 2414 49
1521 3346 17
3284 1761 44
1488 2165 63
634 406 34
857 2241 59
2407 3102 27
1062 1518 17
2992 2294 50
1686 901 13
242 2297 44
2850 1997 58
350 2306 82
539 2598 69
697 750 32
620 2701 36
2735 2102 41
1390 1681 78
2032 1366 88
2604 897 62
283 1132 67
2709 726 13
2668 1698 79
286 1168 54
760 2523 89
906 2866 69
1497 1773 29
2482 433 26
1018 2768 23
2513 1950 9
472 1529 86
1448 3100 13
3124 1019 72
1498 141 26
3369 2247 80
448 2825 41
2436 3083 68
1974 7 47
3378 3362 52
2035 370 52
1347 605 48
2668 704 52
2563 2159 56
61 380 4
778 1940 2
62 2629 26
1233 1501 45
40 1643 85
812 1908 90
1319 2374 34
1625 2812 30
2240 2847 68
3002 2963 50
304 3296 76
858 2357 23
1385 440 69
2991 1738 52
2838 3339 63
2670 3282 93
1012 1201 8
1678 16 78
1386 571 23
466 196 87
711 133 66
2013 2767 90
1045 1333 52
279 1326 27
2684 339 71
363 1933 44
2100 1810 7
727 338 56
711 2225 36
2801 2220 25
3397 2518 77
235 211 46
3247 1899 23
2285 2456 98
1564 112 45
2489 3373 92
101 1224 4
1789 2314 9
2859 77 11
2616 518 23
1582 2417 14
3280 183 26
3076 972 98
1024 958 92
2954 473 25
2929 2801 34
983 158 94
2449 353 25
2866 721 81
1974 443 90
2324 445 93
2637 2839 17
3197 248 81
3314 1540 59
1332 3032 97
2027 377 16
604 3221 61
3239 3103 21
1012 2823 18
2403 1086 27
2090 1460 92
2015 1712 46
338 1679 90
727 2826 60
1548 2443 53
80 2943 99
471 1379 46
1023 703 87
39 243 34
427 2350 18
784 2790 90
2341 418 61
1853 490 70
617 2218 55
1688 2081 35
679 3270 26
812 979 31
2135 173 71
2044 794 79
1524 2287 80
3324 1105 76
3187 520 20
2169 2600 70
2721 3265 85
218 2694 35
1727 3241 99
154 776 12
1858 3368 77
472 1786 45
3312 1081 79
2868 130 76
447 2277 69
3140 225 14
3132 585 79
1969 120 42
1588 101 26
57 1206 30
2995 2726 94
1090 3089 2
1740 2360 68
1727 1629 81
1019 538 56
1538 2260 44
2 1929 94
3323 6 91
3292 2190 93
1480 220 35
2722 2661 25
3096 3093 95
711 3231 51
3072 3187 13
1165 1584 70
3344 604 15
2803 2569 94
2282 3383 95
1528 3124 60
2735 3271 88
902 2659 60
603 574 14
187 435 82
1551 1155 67
1119 1855 5
452 3243 75
154 304 88
2910 630 76
360 1768 41
2205 514 71
337 2981 13
470 908 18
991 1361 91
2125 2485 78
219 2235 34
1229 2651 32
1858 3068 36
2082 3415 59
2191 1840 11
513 922 4
2866 2429 14
465 1036 100
136 2461 24
2018 1300 37
2599 1051 89
1495 2328 97
1865 2143 63
2139 1248 30
1621 2733 27
1311 1393 49
2128 1198 24
2365 1796 29
604 1455 75
2482 1307 91
2891 1746 8
163 3230 19
1704 2189 5
1290 1244 13
1900 2052 77
197 1781 87
467 3106 25
2623 647 40
309 2794 11
493 1407 60
1073 2017 86
1097 2453 82
1202 1424 3
2965 1481 9
3360 2668 92
2465 466 44
3293 1195 3
702 2715 1
657 1979 12
3305 682 71
1144 541 91
2112 1868 18
1922 2747 77
304 2092 87
199 2120 42
1747 2056 9
2313 2929 36
3060 1582 50
1922 2447 85
2047 153 84
573 2258 99
1036 1772 15
552 1788 98
3150 1273 30
2843 2653 71
278 2619 26
2625 3277 86
3192 2853 70
1780 475 90
683 1442 92
3396 542 17
3175 2219 18
1906 3273 88
2942 2191 52
2309 3269 46
3094 675 76
699 2921 80
1667 3272 59
2266 643 89
2340 1111 70
2011 254 80
2021 1302 23
3007 2940 79
1959 563 92
1799 817 24
1634 2221 44
948 902 83
3362 603 11
1238 2762 89
1740 885 1
2019 1357 51
1050 2549 1
1525 3192 43
1858 1844 12
2174 1873 88
662 3057 37
837 2774 20
2701 560 44
657 572 45
1248 2650 80
2307 1301 94
2789 1387 43
1201 521 10
991 1397 75
2217 954 89
1988 3308 100
2230 1546 15
1448 2868 63
2123 3357 50
3417 2212 43
3417 497 34
3309 2213 48
733 1947 70
2394 1569 29
55 146 82
3076 2195 40
1453 3182 83
1079 3209 11
1761 148 65
1324 2051 16
933 685 15
2310 2937 100
2710 2261 55
772 947 77
3117 3175 36
463 387 91
970 1074 52
1322 2471 13
116 56 93
18 824 84
1428 151 81
2139 1720 58
466 1542 94
676 3081 69
850 2038 43
2160 322 63
2418 1867 58
3108 2267 52
470 1719 59
2908 1726 86
1901 955 2
3139 2850 76
3388 1029 85
292 1857 27
512 477 85
760 3065 60
2422 1106 87
1401 2610 30
2960 2606 92
629 2954 90
789 2585 53
820 1389 9
2450 3414 15
801 1233 28
463 618 51
1333 242 77
1974 491 5
1334 1652 55
1116 1311 81
2381 2341 45
1458 5 38
3039 444 63
263 1418 87
3183 1500 80
2096 3286 5
73 150 70
1373 1687 89
3397 2646 57
766 811 46
364 1626 79
3079 3063 64
1577 272 2
2636 2858 4
834 796 3
80 2005 80
2560 294 80
1884 2349 89
4 2557 90
597 2506 25
1761 977 35
2602 3174 3
3338 3403 41
2174 2458 6
3256 759 62
1996 1992 23
2936 2135 40
2960 1890 90
3065 649 70
2948 3366 9
2745 3137 11
2829 2808 44
1634 3358 23
2735 3333 40
2563 3214 48
9 3267 1
1811 3160 97
1613 467 12
2357 583 6
1000 1673 89
1764 298 69
2590 1986 30
1610 2124 93
2795 1828 57
1185 573 69
2302 3342 5
3181 1575 75
1802 296 19
1399 2329 10
2649 1527 33
2551 2286 92
1797 2365 62
1542 420 51
2160 3400 76
1251 2645 25
1307 2786 46
1054 2114 89
1073 279 92
2269 3219 28
2335 1964 9
1211 632 53
2684 503 58
2404 2468 28
902 2697 84
548 2375 40
1889 1653 26
2368 2469 73
1045 2490 60
4 2100 24
568 943 76
2387 234 9
1052 1085 25
279 249 59
2338 645 66
3262 1288 73
3161 780 41
1859 1474 24
3275 1408 27
426 3385 96
635 136 9
1486 1250 72
1783 1697 59
1994 2705 66
1843 2829 87
742 987 5
2817 526 3
1453 935 83
370 470 29
268 376 3
2982 3080 91
1639 3123 78
782 1678 4
2778 733 35
882 846 73
1725 3389 4
1630 1402 82
2321 428 10
798 844 50
2963 449 85
2088 1174 48
27 660 2
461 2890 18
650 2769 25
2911 1686 56
2969 1677 98
148 2728 68
1439 2167 37
878 2007 85
1811 1472 81
2866 2551 25
1635 654 56
1642 316 30
1656 45 43
3044 907 15
83 2931 71
2496 504 68
2459 1876 32
3381 2632 3
824 2950 2
722 1345 79
2025 629 1
2195 1440 10
357 595 13
1045 88 100
3323 258 34
1145 680 36
580 1313 84
659 642 74
1740 1222 68
2676 821 73
3419 3072 46
2032 284 31
2980 809 45
2620 616 46
605 2104 40
125 2250 11
3161 2176 3
684 46 36
2384 498 52
569 1730 24
2354 2746 22
2533 2910 41
309 1100 56
1727 1457 93
2994 2200 77
1295 2700 71
2396 3355 25
1568 1885 12
3238 2587 55
1311 800 21
1428 1639 22
545 1559 76
2923 1585 43
2780 1431 40
2233 667 57
1239 1129 14
2253 2515 82
1733 2807 67
2570 3157 38
1881 1617 99
2836 681 77
1497 845 36
2406 2583 64
584 1533 29
3064 2510 9
644 250 91
1188 838 40
1097 471 7
1535 494 64
2422 2127 51
2960 1904 14
2965 3382 68
1145 1011 62
3078 1419 2
2140 419 16
1635 1593 20
2449 2495 51
2044 2649 40
3322 3208 96
2616 3381 93
27 2378 38
1366 2171 19
1610 1516 41
3086 3359 35
383 1342 50
2664 2481 54
742 1803 46
2831 1690 90
2139 1849 72
441 2082 76
3246 749 70
2189 2730 65
3094 2780 89
942 2411 94
535 2302 70
2404 2033 91
959 1449 21
343 2567 55
51 157 62
3366 2406 79
1362 2883 97
1998 3094 21
812 128 26
2644 3073 60
3162 1420 36
1647 1477 41
2133 1080 34
3397 1888 20
1144 2531 98
457 3149 91
1671 3077 55
1187 2884 13
1482 1294 90
1715 289 3
1226 1976 39
572 1171 46
3246 801 34
650 2060 24
2843 931 78
2789 3004 84
2835 2503 13
3170 2882 54
1504 1009 42
917 1401 14
2095 3228 57
269 1272 1
1859 848 13
73 3375 65
190 773 93
2936 1561 67
498 1283 94
878 2275 35
2746 3036 6
3185 3367 95
359 2128 84
1303 2736 71
1625 1003 63
648 1109 99
2167 1647 7
2001 1479 65
1029 2533 46
2637 486 41
2566 2480 7
2735 1741 88
1464 2532 30
313 566 97
1 1012 63
1264 2975 46
1572 90 74
1110 2663 67
779 788 33
3018 1489 47
1499 1804 96
3263 97 57
1373 3279 81
1086 2 32
502 1423 38
1521 2139 68
99 748 49
317 2984 10
3041 1783 65
712 2887 30
2200 2502 51
2923 114 35
1123 621 72
2441 3408 16
537 565 81
420 2068 81
3079 3145 69
2489 1319 55
1599 3313 15
1725 2496 18
1199 129 43
111 439 97
3360 1099 96
3326 3319 22
3039 2648 22
199 357 31
182 694 71
2982 3396 100
2754 1879 9
906 2995 75
2165 1308 44
1148 739 41
218 1946 2
3139 941 59
1204 2355 15
1 1521 5
2755 1847 36
2200 2290 72
1936 2577 14
3419 940 29
2496 456 50
293 976 92
419 154 91
1645 1035 47
1584 68 89
889 2405 93
1040 2553 12
431 1566 7
1508 2562 70
74 189 80
13 184 68
1504 295 11
2318 1596 70
995 1128 30
1900 2972 76
1038 2621 95
242 2222 79
1258 1770 51
272 1290 73
2318 855 66
152 2438 47
1544 1592 16
3376 1330 82
633 3029 40
1918 1075 1
2503 1483 94
794 230 56
574 1388 84
342 1995 30
812 3388 29
2711 743 54
2692 1446 12
1649 3334 78
1427 2196 94
2194 351 95
1852 2088 39
326 2699 16
910 631 96
399 3107 56
1061 2925 1
1185 3211 19
2770 2270 1
1702 2876 40
739 974 74
3267 2384 82
2402 162 85
1523 1931 85
629 1570 31
463 367 100
629 2479 53
1204 1042 23
470 1875 42
3145 2738 75
1621 2986 84
3373 103 29
2286 1208 52
1232 2803 29
992 714 46
1251 1728 38
2874 2914 77
2466 2828 23
1597 1641 85
213 742 22
1188 537 26
2174 403 26
1687 2713 65
1857 1323 73
3144 1612 76
2627 2723 32
53 876 48
1321 321 15
966 32 14
3352 930 53
801 372 28
3218 2062 33
1849 496 65
2333 3196 19
3072 1927 98
1799 2024 68
3185 2516 76
492 569 43
25 2513 45
3313 697 8
3123 2991 66
2489 3059 67
1314 2389 78
2348 2273 67
3326 350 19
618 2669 75
654 736 21
359 3039 47
1275 2957 38
3227 1153 6
1686 2633 79
1670 2727 20
268 1028 94
555 990 70
779 1832 78
684 3413 51
1911 2737 41
2031 1193 21
2954 1909 92
707 2400 89
1836 3131 7
391 975 21
768 352 31
3137 1695 33
1459 3292 71
1549 2603 3
1039 1534 34
2292 1007 96
292 3110 23
2513 159 92
1164 2123 63
1862 3179 78
1054 11 86
1498 1047 56
1659 1436 64
3239 1443 29
59 786 48
332 1285 18
2217 2725 31
584 51 7
2119 2687 85
2756 1385 20
191 3151 86
757 2870 17
975 3227 23
3336 2237 23
3326 734 8
3068 324 9
2194 3121 86
2462 887 76
2457 27 72
2864 2509 54
141 2962 98
754 1209 74
452 2596 37
1548 1734 76
1525 1753 84
2456 2207 66
3118 3253 16
2545 3323 99
1709 1038 86
2973 2679 22
2742 273 50
2295 2670 45
1647 2672 75
619 1113 26
556 277 95
448 2936 16
99 2140 13
3118 1390 97
3149 1381 16
1499 828 33
1663 1147 16
951 135 92
3312 260 28
196 1322 26
2165 2337 19
2081 2168 85
2750 2782 77
466 3224 76
3006 3111 48
2834 1812 44
7 2819 99
3059 1856 49
2076 333 9
427 1303 9
1984 2184 92
1062 1862 78
2735 1956 68
2168 2096 56
185 819 62
1669 447 71
163 2773 63
2295 1509 22
22 664 67
833 1234 16
2395 85 66
2886 2842 56
31 3 83
3297 329 66
1951 1608 31
265 2996 72
721 3016 64
1514 1779 12
1327 1286 68
1000 1708 11
2318 1918 1
1282 3188 75
553 993 97
2479 1281 41
2159 1046 19
3132 904 78
1683 1163 96
1884 2157 70
3277 528 42
2870 402 29
3265 589 5
1957 2003 18
735 513 71
1898 525 60
260 3178 44
2873 3386 8
1362 197 88
2894 2879 47
966 1684 14
3207 699 91
1859 1814 77
1868 2428 66
483 1701 88
2888 575 19
2610 2254 76
2687 390 16
849 238 76
1635 2145 72
2393 1344 36
1720 2816 56
1050 840 79
190 2798 46
597 1025 91
489 915 99
725 1120 61
1136 818 96
3125 3046 10
1264 224 13
2929 1742 68
104 891 29
3217 3324 26
1679 1817 53
399 1454 81
3014 2745 54
1435 1055 40
929 909 66
1425 1386 46
2087 2898 71
51 919 16
2656 2497 50
2253 1173 70
502 3021 24
2908 50 67
502 1603 41
1327 1808 16
92 3278 5
2625 1703 90
1438 1032 90
3201 1090 26
892 174 4
1125 1859 78
3084 1636 61
182 244 14
735 430 8
1422 3310 76
1938 481 90
1956 777 59
382 3009 16
272 142 98
3419 1060 38
497 3237 16
2579 1818 90
221 2696 90
1472 3201 16
843 3384 72
177 2572 52
1493 1510 72
2968 532 40
1724 2840 44
959 911 99
2851 2211 97
2139 3417 47
275 2710 70
1166 22 95
3265 967 72
3295 578 62
2756 2796 45
1131 3229 2
392 177 2
3318 2952 98
3293 2605 43
3423 555 75
1898 347 69
906 1797 67
2318 1159 26
1557 43 81
1360 2854 22
625 1896 52
399 1625 35
3144 1834 78
1528 3140 61
2354 2000 52
1656 1377 29
2833 853 29
2894 3006 80
3305 2724 48
2914 549 98
1870 2369 65
889 2982 48
2853 3117 32
536 3045 74
109 2466 48
1072 1522 61
1047 1271 48
2253 849 31
702 1260 80
2937 237 9
1430 179 76
3032 1782 34
1401 1935 80
1858 2526 23
3383 3364 58
218 1246 100
655 3410 66
2660 2900 3
1130 2234 16
3413 956 14
644 3062 14
861 692 77
1800 823 43
358 386 24
1521 1574 59
2326 544 28
1785 198 52
1885 914 73
1727 2554 4
2845 2048 80
521 205 12
364 1831 43
1 448 80
1185 360 14
2489 2560 48
798 884 54
1298 398 51
882 1227 5
3180 1343 54
1906 3044 60
2031 82 89
1386 2093 31
1037 3321 35
1390 3275 44
3217 202 89
1008 89 40
163 1194 66
114 1938 81
1472 1880 9
2189 2205 19
2411 2541 66
2325 3421 13
957 2500 10
956 762 35
3143 3363 84
220 1068 91
133 480 67
1705 3142 24
745 2418 94
3274 1265 52
543 1485 73
949 169 11
1819 1124 9
448 2721 58
777 1631 3
3373 3293 2
348 2530 83
687 2760 88
2473 2126 70
3102 3233 67
3142 2099 84
661 164 81
268 1962 80
1096 1471 9
617 3360 7
967 1505 25
2055 446 42
1867 2050 71
2123 858 93
2385 624 59
2061 1384 22
2509 2233 42
2044 825 10
625 1601 40
2488 2824 48
2374 2756 54
757 64 91
1198 1839 68
896 2928 92
565 1823 93
959 1337 84
1918 2134 18
2987 3186 29
2052 2011 97
1518 1240 99
3244 3146 34
1059 2717 1
2463 1675 23
1572 559 48
2721 3246 79
2379 2804 94
3319 44 25
1619 1644 70
1416 1551 26
2891 2335 38
327 1495 4
2365 949 3
1942 1065 95
2715 35 54
317 658 37
716 319 52
3411 1944 39
31 2920 85
1849 63 73
3162 3220 88
3305 3341 24
1972 2586 88
178 2758 93
1628 755 24
558 291 99
1890 2141 8
1390 293 58
1526 1536 75
2557 1148 100
1780 336 81
2047 1422 48
1075 2116 13
2074 576 85
2035 1676 74
232 96 21
489 1948 32
1438 2978 50
683 3197 26
3169 3070 10
2380 188 30
148 2849 56
1377 1266 80
3026 91 45
1751 1316 32
553 869 92
362 2708 79
2787 2180 12
2573 267 79
1403 567 37
2854 2832 45
2061 2656 79
723 349 50
1382 3399 80
2379 2886 91
2844 2517 43
2755 1340 41
712 939 23
352 2922 3
3001 883 96
3043 414 10
788 1572 17
201 644 73
3151 754 8
2558 3356 65
2780 373 69
3017 1318 89
1378 925 19
2901 1594 100
3065 3152 72
2180 1352 94
3419 3365 71
2252 2361 83
1312 1511 81
570 923 57
3170 1898 81
2183 2206 16
2087 2593 43
2784 102 93
278 2912 73
553 1552 24
916 1903 20
2956 2281 89
1635 2396 1
519 2098 57
431 2843 65
2685 1700 15
2320 1524 56
749 2966 29
885 2044 29
1302 245 18
1951 29 95
1106 3191 50
2792 1162 24
1453 1813 79
1181 903 53
2222 2501 3
2001 875 53
1218 3088 67
2337 2946 20
1577 2470 5
375 2948 83
3256 2231 71
1978 3407 98
2032 191 48
2730 1998 56
1988 3144 6
2874 766 23
1382 2614 46
448 2755 87
230 690 9
905 655 73
3390 1095 66
2368 1262 86
2471 1228 25
2784 984 73
2978 2392 84
2467 2626 6
1 1119 27
3267 2460 100
2622 1830 32
3339 1905 62
3278 2681 71
133 760 64
1688 2836 9
896 487 10
1 1577 39
1517 1784 72
3185 3218 31
3144 662 71
1795 2363 91
377 1696 56
2912 1630 69
967 1544 35
583 622 4
2065 1108 67
3253 2902 18
2798 1897 75
2833 1374 62
265 803 40
1274 1583 61
629 2253 93
2606 1954 23
687 1014 59
745 2754 59
2744 2630 76
2612 2588 70
1175 482 79
861 2284 25
1190 1089 20
2837 2622 16
2504 2174 46
1016 310 72
2540 1571 85
1860 2131 28
3224 2012 84
630 2800 81
1448 2905 52
1435 1531 47
2908 1022 33
3005 282 78
4 683 15
933 123 50
183 2678 30
46 1760 75
2184 1668 59
2339 2236 50
3118 127 6
2027 3119 72
2045 1835 5
599 2402 63
3240 1053 73
699 3125 38
523 1655 6
607 2437 63
2416 2070 60
2874 1430 40
3012 2706 73
763 2064 53
1624 3120 67
2795 1666 8
3210 2822 92
1747 3155 47
2089 363 83
735 39 93
1998 2913 37
2082 3176 98
2468 476 10
2214 610 25
2468 1560 50
294 2547 87
3079 3031 43
51 1127 87
188 2004 8
448 292 29
2771 735 64
1227 874 16
1502 2571 64
1614 397 84
2422 2319 84
2045 2688 68
1229 2023 65
2469 2806 41
2417 2895 88
3017 2864 9
527 3354 47
1786 921 16
3023 1421 78
1401 251 20
3084 203 80
383 1315 49
2672 1200 82
1577 356 89
346 1037 34
151 2271 48
745 989 49
1911 1869 35
2075 3049 39
3107 1627 69
905 1134 87
1550 2346 11
3236 556 31
2791 1598 96
706 2111 95
1187 860 71
25 1843 100
2736 1806 57
1083 2529 13
982 1555 85
1409 149 63
2615 3056 42
2035 1225 37
1637 3161 67
1602 2463 9
2589 2951 25
1376 2802 84
778 2391 29
989 781 61
2525 228 85
448 461 73
2021 1364 97
1164 3147 43
1523 1983 13
3222 1154 69
2295 2548 52
263 17 95
2947 1499 55
2525 2915 10
2746 674 75
2898 753 97
3003 2599 48
2929 619 54
2350 79 47
2042 2749 66
1722 2187 24
2145 42 10
2072 3379 96
1634 1191 33
2134 546 99
2492 1822 48
1740 1096 33
1283 879 84
1362 2514 26
2134 3210 54
2619 2282 48
1193 1771 29
2960 2291 62
1393 1327 67
1528 2611 98
1880 2817 6
985 163 42
2545 1535 77
617 3082 34
2693 2353 42
512 2628 49
3360 2467 67
149 3263 7
2128 1670 69
2527 119 45
1429 3034 60
2625 771 21
2132 233 71
136 2110 69
3372 1270 46
3259 1694 39
2796 1616 64
2278 641 3
2709 2889 4
2665 2376 65
2671 2209 29
1871 881 27
1780 2170 31
1625 65 52
1983 3051 68
3385 2759 66
270 424 69
1900 2158 4
3235 1611 94
1528 2666 81
2999 1305 14
1466 2359 40
1876 75 7
2691 1564 55
2113 113 89
1603 1623 72
1955 1758 47
2368 3264 17
2032 2607 16
1025 1103 88
1628 1727 83
779 1680 68
1486 2149 50
1347 1642 2
3330 1411 69
715 1062 47
2374 2465 21
2215 2741 30
25 1211 90
1340 384 16
27 451 98
1469 1478 18
2371 822 78
2999 320 49
733 651 86
685 1249 80
3309 3329 51
480 614 94
546 2242 87
3410 1320 91
2882 3037 29
1680 1836 77
687 2166 6
2324 366 51
1584 2846 82
2069 659 25
804 493 58
2610 1280 80
1572 3328 37
2133 1261 58
757 582 64
739 2856 81
1707 988 44
263 870 20
2025 2482 3
1037 1620 50
2979 2638 21
1050 648 65
484 3340 16
1634 2974 76
269 2401 60
2692 2926 63
3153 2251 44
1657 455 57
1116 3326 47
2783 3047 19
3278 1749 72
725 2039 28
70 1346 94
2194 2504 29
318 1578 67
1645 1247 82
315 3337 77
522 3171 96
1503 1549 42
218 104 52
892 3226 80
1319 125 78
983 511 38
303 2689 95
1788 1370 60
2224 2716 71
644 774 18
278 1807 65
773 1654 57
419 535 37
204 2433 99
350 2578 18
792 2635 62
1752 2785 9
1882 2961 26
1860 965 82
2709 1863 31
2580 1215 38
299 1513 31
1201 2117 55
3326 2543 24
2698 3028 59
3387 3352 36
2801 1275 27
3423 92 50
2360 1743 32
2130 61 2
1264 442 1
421 2775 99
711 3038 42
1780 1599 59
769 2046 61
1964 2997 17
2826 2540 29
512 2292 42
1707 152 74
2290 2393 76
2584 2788 50
1679 459 90
2875 1166 57
3423 3335 33
502 2601 19
2995 2691 48
603 62 36
3284 894 56
1925 2144 58
1651
2964 1519 1504 3182 2138 1311 2244 2907 1291 3068 1259 558 1313 24 1268 2461 3022 192 1862 2729 2018 663 718 3274 2658 2166 336 2216 483 3146 3388 3020 1329 2033 2363 1346 2868 2436 2852 1161 2125 2706 43 2812 1444 1243 1347 2636 385 327 3017 3090 2026 268 2624 1724 321 372 3027 1788 1069 2040 1307 2694 3135 17 635 3111 2592 3199 740 2497 2342 1604 1298 2939 3085 2079 2641 1345 816 1095 1249 533 1110 175 2393 852 936 1736 1398 1031 2685 947 2001 1904 3295 3313 1185 683 1914 1446 3224 830 1590 876 1872 918 130 1739 168 998 929 239 1897 2274 408 1323 665 2590 2876 2408 480 1341 2744 2369 145 1472 583 735 1366 1285 1901 2315 2086 838 1428 3152 539 2826 3126 2058 1261 2782 2505 2864 1144 575 972 1440 1405 1321 758 824 1567 2414 3200 208 504 1479 933 227 2340 756 592 719 2846 260 2343 141 1591 1000 1332 1924 1607 3356 1855 150 1174 1817 948 1517 1309 2094 146 1432 1682 2504 3340 457 872 521 380 808 2668 1424 2704 414 241 2124 2698 1462 2132 202 820 2167 2156 2476 1789 3383 1080 1752 2549 122 304 2762 2537 2161 2494 864 65 2935 1777 508 2540 307 62 1803 2645 1568 2597 2959 2957 1152 1801 1187 2710 1167 427 3169 2453 634 2020 2394 1220 2285 696 1709 3153 3323 2674 2081 3030 3372 2718 580 2758 82 1441 1823 156 2432 611 209 1051 2458 1890 2663 2333 384 1458 3178 3299 925 1827 1478 2277 1699 1190 1866 1175 1946 97 2687 3160 312 2963 2506 3175 6 256 2067 1198 2198 1690 3312 1905 802 1809 641 251 2621 2299 1369 270 2919 3314 1023 3339 1613 1334 2406 1044 1527 1663 137 109 930 1815 1711 1104 2498 655 923 2154 1975 2616 2162 3236 2122 1374 2227 870 121 1223 567 2204 3318 458 1196 196 3144 1126 2570 813 258 4 1987 2318 982 3170 744 3250 1282 798 1999 2276 48 627 1438 2352 2415 885 2417 856 461 1547 396 1148 2178 3225 817 3056 2610 2984 2996 1415 1509 2111 1870 200 1436 888 471 3392 282 686 1688 180 2312 1978 33 643 1254 319 1004 1847 1160 2776 2378 1389 3358 2613 551 3093 3221 3410 3051 2862 762 1771 2786 1702 994 191 394 2117 1090 3255 2609 661 3421 2987 2008 10 1848 2120 681 1614 2021 2886 171 1594 123 669 519 632 1806 1961 1578 2794 3139 3384 2654 2510 2013 2637 984 1947 1180 2171 1059 214 2673 725 3257 2442 2269 2808 2754 300 1289 2053 119 2796 3229 772 2761 1542 2580 2164 75 570 2539 1908 1871 3416 1859 2640 3240 3391 1443 908 1242 1843 1266 2143 1715 2756 1685 472 3164 1873 1622 825 2746 746 491 2970 1957 2726 2257 3280 71 1290 800 2346 2428 1596 1950 1050 1399 2552 604 3155 589 3131 1849 588 2683 618 3408 387 1831 2400 1448 973 395 1072 1413 1383 206 855 444 2480 2316 1284 1825 915 517 2921 2159 733 3185 1840 139 1746 1536 1598 1020 1833 259 1684 2681 3243 3394 31 2176 225 2709 1241 2764 460 2873 473 3029 335 2061 782 68 12 1063 2745 1429 2932 738 651 1655 120 254 1142 2699 928 958 2503 467 1923 1989 1965 2006 2527 2472 1034 2002 306 2880 2807 660 2313 2202 2059 2774 1786 2783 1315 1858 331 2189 2652 1585 2732 1730 2671 2693 644 360 3158 2489 3291 172 2902 478 2070 1575 3399 680 1401 2084 2879 2421 2443 780 545 2544 1197 391 3218 2802 1495 413 840 164 496 2076 1057 2130 357 1953 1573 526 2325 797 2288 2445 1046 2466 1147 3113 1128 2956 1731 1512 1493 1464 670 523 2789 2214 2304 2080 332 3201 2038 129 2488 1805 2972 2562 463 1184 1973 2954 2804 3286 623 2883 3423 2254 1844 941 2022 887 1611 1310 69 1791 2705 143 822 3174 418 2000 1395 228 159 549 879 1351 497 1717 2727 2337 2328 1231 1133 2622 849 1326 2307 2995 1192 3077 358 932 529 1581 1354 1944 742 51 510 96 854 647 407 1854 3347 2371 218 2331 1367 695 91 448 2583 1404 3407 2118 2523 3204 3216 3379 880 32 2532 3189 1507 912 2224 1122 474 1094 3167 2572 3290 2821 20 1461 3297 1813 1453 547 2249 3310 422 2889 3316 3001 3222 1325 921 1205 3110 3065 1826 1359 329 993 116 2048 2108 2584 2320 1556 2467 717 1708 566 637 3342 2134 3376 2603 759 411 3047 3132 1883 1365 499 215 784 1297 2410 1526 113 39 709 1164 271 2567 1780 3333 1675 3259 2530 1649 2361 1253 2375 965 3412 363 1390 847 1279 207 2243 1368 1336 685 2838 1763 198 1218 2971 2349 865 2485 3212 49 2524 1672 2906 2330 706 2767 1917 154 1774 3247 330 3061 1165 2983 640 2271 1916 1492 1150 2258 1748 77 203 3267 2768 3067 1676 835 263 368 3127 283 2884 1972 2165 3145 388 40 3176 1865 1397 3042 2848 2104 2396 197 2588 2809 447 3054 399 2206 1274 3089 3346 693 106 658 151 726 1327 2543 347 2296 939 2512 2522 843 1892 1930 3023 2788 3301 1064 2487 18 2711 247 441 272 920 3147 2405 1821 2605 2856 30 464 3172 479 3275 3276 2152 1719 3365 1600 3272 1381 440 636 2418 1002 1082 502 2211 2657 2201 3163 443 841 836 325 1630 1548 1375 3398 2441 715 482 1181 1888 2035 2800 1296 2310 2255 514 3417 2844 1052 3232 316 1981 149 1134 2857 1111 3264 703 3107 2169 3389 901 2920 1392 3057 2440 1939 1741 573 596 1376 1765 1191 2647 2051 2944 2598 140 2795 1956 2701 3137 2771 2650 217 1306 1286 2874 1677 44 1483 1713 2639 753 1933 199 3382 2630 3188 1410 532 1639 240 1452 1553 2627 2866 2149 188 446 2144 317 1524 3351 28 343 305 1705 1469 619 1564 1457 1820 2676 708 628 1726 2911 1955 3036 2338 2600 1834 3049 2364 767 3117 1652 2887 2502 3400 2193 2062 177 2186 1263 1926 3096 2607 2345 2777 2742 2723 252 456 264 781 729 261 1377 1288 2365 2736 267 2716 2828 2321 1087 980 3124 1582 2803 1124 2988 2975 2548 1115 1640 2208 2797 778 3330 704 2843 21 1193 954 768 1316 1533 1659 1078 1207 1878 1589 1387 2190 1357 468 3336 3187 297 2426 46 997 64 2379 2374 1949 3136 1541 2384 2464 712 1967 2357 2550 1013 2825 1262 3331 1882 2499 625 224 2593 293 871 2990 2311 676 2334 2934 2976 3012 917 1505 1583 2382 1487 1406 3142 1245 1151 1257 2721 421 786 1970 210 542 1919 3271 2591 1373 2372 61 341 1201 2817 103 2147 1601 233 1720 184 2791 1623 2526 2992 3159 238 2649 367 3253 1599 2579 3102 1234 1419 3140 1778 702 1554 1584 1891 2438 2172 1704 1172 1837 626 2268 1626 2612 2463 2561 1470 805 2847 16 3234 3043 1804 1403 1467 1074 2282 2401 1275 2278 1379 2457 2553 2344 3079 3081 652 2264 2390 3422 1386 791 3129 1902 2500 3165 3084 2633 2717 2473 124 1627 3354 1066 1909 2595 2840 323 3378 183 3256 2882 3031 1525 2813 1236 2207 244 2666 666 1427 2558 1091 1233 2402 318 2434 1645 846 3268 1498 591 2731 2979 1617 2099 671 1014 1086 3315 1222 452 2068 74 1986 1915 1921 1802 819 3230 1698 1569 1783 1838 1772 3303 3177 2827 2982 799 2389 516 1695 1250 2885 2248 67 1810 3088 884 878 3226 2589 2293 1898 3108 1808 3005 2416 2139 525 2003 1516 1856 2719 1278 603 2578 2218 527 2858 3281 2905 505 630 2292 1990 257 707 607 66 1121 899 2835 87 450 593 851 79 2937 2686 837 337 248 393 1929 2267 492 561 1199 401 313 2545 955 3026 205 2587 2973 2715 1532 1105 985 2481 1971 2027 404 3194 181 1005 410 1885 459 322 2998 155 1322 1213 310 927 2314 1252 144 2192 1032 1075 2126 3360 2098 2300 922 428 788 2187 942 2234 2332 812 937 1743 1040 543 2785 250 2695 2451 2958 2228 1294 1680 3258 2297 1880 500 434 2724 2661 2298 2205 1636 1937 2043 1560 839 1794 3413 2733 26 1893 1475 95 169 1515 2037 1248 2024 1635 785 1135 1597 776 1562 211 412 236 1140 992 1654 1281 365 1117 2391 638 41 1644 556 2220 3357 1132 3097 1062 249 2784 2032 1570 3309 903 1267 2760 2805 2495 280 814 3217 157 1980 1964 1671 720 1984 2078 2922 3227 1265 2474 1751 3013 3048 1480 2824 574 355 2517 1434 2017 493 1881 1238 3083 2471 2623 245 1755 3028 3041 2829 2065 2329 1408 1712 1544 2601 1024 2034 571 108 1539 890 2910 1565 1358 1183 1775 2250 804 420 2757 1729 1625 1203 2232 242 1529 3254 2047 100 1546 2772 1734 3319 3134 165 2241 1863 766 2898 469 1907 2238 1003 1668 1210 3380 3324 2490 953 1733 689 1328 353 2468 1557 2074 1842 1667 1628 1145 2339 3101 610 557 974 757 1454 2529 398 3035 2261 2462 3235 774 1173 3075 2157 342 52 586 193 2781 2912 1576 186 2775 1473 3305 1384 2102 672 195 2386 2199 1830 2028 1466 1828 1053 333 2427 2836 1911 714 2145 1637 2916 2936 3060 535 369 2100
