5045 230
794 972 30
2907 4289 48
654 4163 4
3463 1658 77
1722 464 70
3583 604 68
317 1917 20
2219 4020 99
1736 731 58
875 1372 82
1445 247 85
4859 1258 78
119 61 90
3588 3443 54
2356 1501 13
982 286 14
2877 4133 65
606 3726 50
606 519 22
2566 3300 68
695 4536 32
2414 2779 40
3761 3465 97
568 1579 72
4289 3069 72
2980 3173 96
1762 4294 46
2751 2434 20
1040 2439 73
3630 347 21
1185 1959 68
1227 2435 51
2536 703 46
3558 875 95
773 3866 49
3506 2251 59
3475 1754 72
4243 2491 72
878 2341 49
4495 4469 39
5025 4792 6
1331 4088 92
662 195 58
303 4383 99
4903 2291 64
925 658 41
4475 3874 74
883 73 56
1758 4129 32
542 3513 31
3373 2268 83
1154 932 10
654 261 41
475 2984 86
545 3535 86
1583 4193 56
1793 2388 25
1945 4910 89
4137 4126 11
2622 717 82
1414 887 21
4 994 81
2378 329 49
2339 418 26
2029 3140 87
4013 4221 6
1913 2603 8
2919 1818 78
1471 46 18
198 2964 90
1545 1030 52
39 4524 62
1058 3897 42
867 4717 38
2709 3222 82
2834 1655 78
2788 1794 92
3146 3808 88
1662 682 72
1736 4254 23
200 4989 6
3069 4986 99
4184 240 80
4862 4321 14
1939 1088 73
1928 2307 79
4532 4096 17
3243 3279 81
3228 1068 86
999 2674 70
1172 3645 6
4453 1474 42
1218 4914 24
3410 3722 10
1312 2827 67
591 2175 33
3951 4200 20
2877 2813 26
940 4146 55
1151 784 87
2861 1674 11
249 1835 56
187 1265 9
3261 918 74
600 4776 26
428 922 81
2790 4775 31
4854 473 1
1192 3060 77
4481 2987 12
3258 746 89
174 4555 86
1000 4851 25
3525 507 23
2100 2421 51
164 4004 12
4325 3994 53
2345 4401 14
3437 3423 59
4228 562 75
4289 895 10
3462 1774 43
3772 212 68
3366 4844 25
3476 565 90
1455 2549 83
5031 2857 17
2542 4006 38
2893 4014 41
1640 2835 40
368 1392 61
875 4636 88
4025 2639 46
522 346 46
4664 1707 79
2510 2533 2
223 295 41
5025 327 49
156 4513 100
4999 3365 94
3389 758 4
672 4888 63
154 380 35
3970 4541 100
3115 2108 3
1376 4061 6
3614 2156 59
1974 3199 45
2905 287 38
2201 85 82
3571 1753 70
2977 1594 12
3994 1038 56
3663 275 52
3571 4490 26
826 4676 35
2068 3530 35
1991 1047 85
1464 4068 27
3523 951 90
267 4903 29
3537 4326 40
997 3611 26
3401 3315 94
497 239 42
4561 3834 54
799 3250 4
2589 184 57
4650 2971 24
4429 2458 56
1540 4587 16
794 2881 51
3823 1427 16
4860 832 54
4960 4827 100
4663 806 10
514 685 55
4234 1416 46
3887 3485 82
2205 1225 15
3397 1694 28
4261 3432 13
4338 2433 51
2907 4599 58
881 355 16
3216 4923 60
3773 2296 77
1962 2625 17
2761 1481 79
611 1007 92
1555 3139 65
1455 441 56
3246 3734 11
1251 2785 93
1758 3089 60
4400 2946 16
1757 2094 47
361 4404 14
394 1498 89
4448 4673 80
3446 3961 14
1108 1394 85
712 2113 58
2068 4605 43
1358 1457 64
945 3156 55
1388 659 9
175 3020 55
4638 4780 68
1926 2641 99
3854 624 91
1567 2453 50
2662 3068 2
3782 400 97
2291 3412 7
4691 1949 72
4031 4432 47
1467 206 53
479 2803 69
354 1399 56
307 461 94
3330 3416 41
4339 633 93
3168 1112 93
4898 3574 58
3143 2498 65
506 2836 18
3204 1237 86
955 3375 91
3700 4859 85
2693 991 51
2808 3991 10
3402 2361 7
3588 1442 55
4280 4857 63
371 2715 32
4729 3165 23
304 2999 34
4253 2926 43
1072 164 43
1697 3740 1
2368 1026 80
4691 1768 62
625 3129 73
4317 4667 47
3655 4099 39
3740 3559 62
1210 4972 56
3383 4324 88
3700 598 32
1191 2310 52
4582 141 65
1317 930 23
424 1806 78
4220 1565 31
115 4438 76
777 2131 77
2422 3328 66
3280 4761 18
4038 5004 44
1630 2611 27
2818 1748 79
3206 1204 48
889 1096 85
3579 2574 20
4768 1790 50
4294 2073 57
3572 3273 15
1261 3962 70
3462 2614 70
192 1684 23
4413 4100 26
4849 231 66
3576 3963 81
2756 2986 59
1196 2360 27
1484 1230 43
4346 1470 22
4867 4790 22
46 4355 58
2497 2867 29
541 544 83
2282 1906 96
3471 1821 6
1965 3201 38
4609 2225 5
2741 8 77
1780 107 92
2446 4777 52
224 909 59
889 2699 23
2778 1161 86
4743 3560 30
2751 1802 65
4118 1029 76
110 2843 95
3160 4996 20
4576 2886 3
3749 1015 82
4676 2919 55
4686 3426 51
4556 4125 99
4459 2518 27
2368 504 29
201 1485 94
3745 945 2
873 93 83
3885 2695 21
3908 1736 9
2033 3551 49
2089 3430 10
839 4284 34
1617 1989 88
784 4922 19
715 3922 27
2775 2821 80
966 357 11
779 1108 62
3116 120 24
1408 4720 13
3265 3313 49
3775 3138 67
2108 3844 24
4834 1115 28
2606 35 66
3465 3652 43
4155 793 21
959 3200 57
4167 4738 39
3131 814 85
3475 1595 30
532 724 50
1395 126 73
852 2725 25
4092 3152 92
1357 2727 96
3484 828 44
3934 1126 100
2541 2037 95
1606 4055 30
4488 1875 53
3767 335 98
2601 2142 62
1 2890 25
3451 3302 42
4425 2496 58
4668 1128 66
2064 4727 40
2000 885 11
4222 3242 29
4649 3670 22
847 2446 58
2249 2873 7
3754 4190 72
4849 1746 70
3571 521 18
38 5035 7
4253 1947 76
3575 1477 94
3172 4255 39
4035 1524 72
2298 4530 2
2646 4218 95
351 1025 6
1524 3857 50
3607 1181 75
1402 2909 69
2629 4688 89
1499 2235 71
2907 3947 49
663 1441 30
1702 990 32
2778 1284 19
3593 1902 38
1283 4065 10
3593 3813 11
2483 2675 44
4934 2716 53
2515 193 33
56 4283 87
2357 4439 61
2480 605 14
4150 2206 75
5012 526 73
1395 4614 37
587 3382 70
4608 1293 94
4087 3591 35
3059 1331 24
185 2475 96
1858 921 44
3386 586 79
2444 2187 25
1551 4015 76
1361 1206 94
4097 1147 34
2611 4982 54
4091 2875 1
127 3494 50
3332 4110 50
813 3135 93
4270 2097 36
949 779 32
2371 2277 40
1113 128 52
1391 1282 53
719 2624 27
262 1009 80
966 4234 85
4458 1854 50
415 621 100
4103 1646 35
5020 3482 50
1393 3568 98
2805 1577 85
5038 3811 48
1838 3454 11
96 1593 68
2368 4830 77
3974 3451 96
4669 560 77
1191 908 43
4761 1410 64
3693 81 57
3339 1322 37
3838 1928 85
588 4018 28
2680 1532 30
3216 2015 99
579 3122 59
3444 3720 76
186 115 9
925 3254 97
3307 487 79
1573 3553 48
2455 3865 32
3575 4845 5
703 49 91
913 2126 69
2329 4223 29
4058 1102 23
652 687 3
4820 3741 32
248 4540 54
477 1044 12
1962 4993 56
2691 3171 35
2691 2731 23
3856 3117 48
1312 3452 84
1076 362 40
190 1955 73
1257 4602 21
719 4759 37
2073 3797 88
2262 1720 59
1218 428 68
4110 1062 8
4872 617 78
2510 71 10
606 3104 39
1331 1493 48
1824 676 58
4808 406 26
448 859 1
3767 1659 79
1978 4772 62
2534 63 43
270 12 41
2923 577 56
1745 4817 91
3338 2943 34
4252 2155 36
1367 2975 15
1392 3447 51
4120 4360 33
99 4684 71
4009 4445 2
4346 2826 56
770 55 99
4687 2622 82
4944 3134 72
813 849 3
1897 2383 85
1091 637 81
3858 2149 67
1631 3398 17
1073 3707 89
3865 1141 32
303 3281 15
4529 841 46
2206 571 83
3144 4576 18
3392 4266 57
4238 373 40
3146 2895 64
1822 4043 49
4019 177 73
4670 3290 73
2733 2165 22
3329 1483 75
3814 1559 27
1650 839 65
3867 880 20
4742 333 85
648 2070 1
2659 1402 15
3028 3282 43
1073 4278 58
600 4814 5
1155 401 75
243 3830 45
8 2139 35
2914 4532 20
2641 2588 80
3086 2983 31
2646 3208 91
1442 1828 15
4489 1308 28
4348 4323 39
324 2618 2
157 815 2
4574 4927 57
1961 3679 94
457 3270 68
1087 4512 51
3879 4908 58
3022 2807 32
2536 4943 54
2045 204 28
145 4349 5
4177 366 82
1158 111 78
4890 3226 19
17 2067 32
1113 13 40
1097 1278 38
1079 1966 74
2199 3088 68
1786 2404 53
1330 2178 86
2619 2162 31
5000 232 99
4763 4527 93
2951 2898 20
1382 2407 35
3767 856 84
2751 3396 64
1503 458 68
3146 2665 26
2458 4220 16
2913 684 27
3576 3119 79
3872 1353 25
5010 1289 44
1455 340 12
2818 1885 56
3493 1455 10
4302 4262 96
4738 1051 18
2402 2492 47
1469 3409 66
5025 3810 27
3732 2111 38
4688 3334 41
4110 3633 86
4031 2339 34
723 2264 60
2061 405 71
3104 4436 82
4289 3059 85
1893 4064 23
1365 3514 56
4011 3595 95
475 1226 62
3986 2234 80
1357 934 52
3523 5023 52
506 2631 42
4197 4517 31
4877 2426 92
3217 3455 24
2597 2052 48
4575 3055 40
3411 2978 18
1433 1354 47
3443 5018 28
1245 292 64
224 190 98
47 2285 73
4493 4711 90
1263 3061 78
3318 3579 40
2178 2668 15
430 2678 74
495 2023 23
2358 3832 50
4953 1329 44
1279 2844 65
1461 3011 95
551 1944 99
4763 1870 28
4119 860 76
1561 3197 58
2753 3187 93
424 1060 18
2809 2018 52
1391 1629 10
541 732 79
4735 2471 11
3692 1939 32
4638 1502 52
57 1820 9
1828 2423 95
126 1153 64
3194 1301 8
3644 4394 4
2934 2468 88
4615 4909 16
2166 3528 51
4703 3429 51
4606 816 7
2929 1496 69
3342 1229 60
4673 2878 67
3766 1574 68
585 2610 64
4260 4179 24
2679 56 62
3251 1291 8
3905 3562 53
1088 3802 41
4165 3342 40
328 3461 57
3244 891 62
2033 4460 77
4096 2747 92
939 3317 63
4040 558 2
3061 522 38
826 4582 65
1886 2376 41
243 1356 23
3265 4591 15
1251 1572 44
1741 3133 74
637 3440 71
2120 3651 45
428 2543 100
4141 2229 15
34 244 6
856 4797 51
2023 2752 35
4137 1468 23
200 2924 77
3266 211 97
4866 3927 86
4224 3076 24
3436 511 10
4136 4829 15
4723 3042 69
1331 1240 59
4763 3049 21
2419 82 56
2271 567 69
4318 3855 8
3002 1696 100
4769 1972 54
4493 3649 85
3992 2253 39
379 2342 92
1357 2548 71
116 2082 76
4552 4833 70
4120 4921 46
3480 4012 43
1909 4714 91
3342 1131 38
1200 2748 96
4088 1976 40
2891 4462 11
1058 3008 59
3209 101 44
4635 2643 25
2928 3683 40
4481 262 75
236 3427 35
2794 273 82
3047 3106 9
1697 3733 1
1126 3695 32
2326 1923 51
3116 2575 9
2142 2713 2
4867 453 51
4824 4571 28
3183 4799 33
850 3260 74
3992 1275 67
3319 869 81
4470 4144 31
1305 3566 70
941 4069 78
4388 2216 14
734 4118 11
353 4615 70
1449 2526 14
2018 62 58
4349 749 78
239 1801 50
3566 4470 58
4881 2078 75
4698 4493 13
314 728 49
1973 392 53
3523 1702 49
797 2408 72
2846 2459 87
356 419 23
3050 2570 42
4307 953 33
2226 2567 5
4658 3929 55
4393 3743 30
1170 4918 1
4937 923 40
4527 3376 90
649 4639 12
1514 2170 58
781 787 19
2890 833 17
1772 2028 41
555 1330 51
1045 3084 69
1850 4138 20
1187 983 57
4267 2866 40
1694 2359 43
2478 1751 8
3061 3144 44
2524 2115 13
276 2506 54
762 3347 5
1775 2143 52
376 2646 61
4649 817 60
1103 105 49
1279 4256 3
1673 1797 44
1036 2630 68
342 4598 59
4094 1089 3
3993 349 42
1697 2278 18
5038 4529 84
3947 3387 77
2291 1116 46
5002 1020 23
4832 454 85
2219 1264 74
960 3924 59
1293 252 46
4088 2921 91
959 334 97
1722 2915 57
2993 3655 63
1428 5026 56
343 2666 76
3657 3769 61
783 4677 57
4994 3519 8
3782 4502 16
1617 2854 33
903 2391 22
4445 3307 55
895 3838 39
3216 3217 12
4068 4287 22
4788 4960 65
978 963 76
1648 2008 73
3261 1951 77
1370 4811 32
698 2075 75
3695 3037 2
973 693 56
2308 4626 48
2679 4862 60
2409 440 45
2955 3718 65
1542 1129 44
1853 4301 23
4889 2022 69
422 1653 30
856 3754 65
4688 2017 9
2730 1936 40
3434 3515 58
2615 2534 15
3884 4559 81
1965 3464 55
310 2796 63
4378 1273 68
516 1865 24
4009 592 13
654 3256 98
2638 3926 43
326 3364 33
1170 4745 34
3265 1192 57
4748 2897 5
1617 629 42
3578 2136 5
2248 435 48
1747 1846 58
4609 183 80
2614 2135 32
1771 1031 44
3288 2816 17
4429 4623 38
781 4028 66
2897 3648 74
2964 4930 78
2113 1576 11
2081 3792 39
2326 3169 18
3080 3406 64
2285 2710 75
2534 568 20
1893 2418 14
2855 10 80
421 4537 56
3731 2530 75
1735 1228 28
1946 993 98
4611 1295 52
3263 4807 39
1520 5032 32
1771 3573 58
850 1223 29
938 745 23
1164 2539 81
3198 2174 84
8 451 45
1921 3185 18
1725 1535 12
4115 4798 58
4371 1549 38
1643 1891 77
3860 2335 62
2220 4877 89
2601 230 34
3981 4216 42
1443 1956 24
864 2351 55
4472 580 62
1294 20 42
4431 1592 63
2140 2352 52
2393 1699 76
3436 612 94
3958 5019 59
1374 4002 82
4414 1310 79
3923 2969 67
1800 1061 83
2584 700 99
2609 2047 45
4629 4562 97
2589 1867 21
169 365 91
2347 4730 57
2274 3999 3
3595 3225 24
4876 2494 35
3162 563 1
2697 1503 44
3126 3255 21
3150 1052 89
2089 391 40
13 3945 28
3948 43 50
2552 1862 33
45 4510 61
2079 3824 62
2403 986 10
1304 2563 43
3952 4044 23
1158 583 18
4283 301 3
201 3493 79
2696 1836 31
3059 375 87
3521 1860 64
113 1766 15
3346 2210 84
3959 579 60
3558 4656 50
1321 4032 84
1245 2240 33
1256 4985 61
11 3572 9
4262 4815 93
4697 2633 21
3464 854 21
544 4253 3
4548 2058 81
4298 3439 38
3168 348 77
1260 2332 7
1455 4140 31
1540 614 68
1080 1045 2
2758 748 61
3717 1683 77
556 673 18
1151 3693 80
4905 3324 97
2053 1064 99
1553 2083 4
805 4873 85
4082 1528 93
3559 2755 25
1185 3492 69
509 977 15
3086 4008 79
1930 3909 1
1765 2046 17
2856 1423 12
270 2853 100
3915 1627 46
2354 2478 90
4920 3310 80
2893 1777 57
3933 2598 66
1214 222 54
1185 5030 90
3168 4148 16
299 635 55
2847 1269 52
4431 37 35
3831 3565 63
715 1069 96
3097 2379 5
460 3329 26
3096 1883 70
4575 3218 78
4550 3794 80
2988 4457 37
2693 4769 75
4690 1167 80
4652 4586 74
1206 3449 93
1234 2336 51
4557 4732 49
1339 2797 67
3947 1657 98
1901 3480 3
3358 2191 82
4459 826 36
2530 3893 67
3178 3448 100
123 4217 57
56 2209 81
3155 4005 16
516 4597 70
4266 3243 67
1282 4354 81
2140 3783 52
2273 4019 39
1187 3619 71
3053 3529 94
1721 5043 87
964 2769 78
2996 4132 13
3844 3837 86
2644 2419 38
997 913 78
3418 4963 77
3473 4442 64
2242 205 85
3722 4443 100
2315 2295 84
1697 4612 55
599 3083 1
2211 744 39
5017 3867 1
1187 317 69
73 4350 70
2105 1548 51
4108 2252 62
2455 41 2
3734 4896 69
4985 2483 46
2680 2509 17
2508 2431 51
515 4070 94
502 4339 67
1321 31 86
2016 3362 2
192 3264 73
2661 4934 75
2729 3765 92
5039 1039 99
2414 3761 12
298 1782 32
3338 2768 45
4815 1670 37
1553 4235 52
3647 2343 81
3104 941 78
1221 1998 70
3319 3257 58
438 4992 72
4094 696 5
4962 1049 37
3947 50 97
2257 3441 40
1082 2327 57
3439 225 7
3322 2138 62
4739 3066 21
3731 4715 10
3934 2937 22
896 4178 71
2195 4938 29
3196 2110 59
5002 2466 99
2473 4367 38
4082 2085 94
3128 2872 39
1455 4169 9
371 2554 10
2052 4212 6
3950 1415 72
3711 3507 67
2068 3777 57
152 1605 25
2818 739 50
621 2922 30
67 1844 84
2939 1232 57
925 144 2
2156 699 70
4652 514 61
4620 2102 64
545 221 51
4986 3053 53
501 4353 82
3593 4627 62
1872 1456 13
4326 3631 17
3390 1345 12
290 4788 36
1223 1250 4
1343 694 74
886 1642 32
1358 3346 1
3237 4121 32
1266 1798 72
4557 4421 46
1229 229 54
890 241 83
1111 4175 92
4618 508 82
2520 1756 34
3812 3923 13
3099 2527 68
2140 3541 42
3258 323 62
3557 1117 26
852 2495 85
876 548 64
2458 661 33
3353 3716 94
4899 3434 88
3177 4084 18
856 4589 1
4353 4635 65
2150 434 100
3663 3905 91
3842 1385 1
4658 1914 22
3739 3471 16
2236 3608 5
884 4718 60
1642 2903 93
4459 2988 51
1034 1522 55
2753 264 81
2414 3247 77
191 2995 88
2425 3450 1
3162 3727 17
4304 1584 36
2115 4946 82
3042 465 16
4711 2628 59
1659 3641 4
1149 1626 82
4066 3102 13
4612 2224 46
511 4023 2
3470 2913 57
895 3878 37
3191 4604 77
1662 3914 30
394 917 61
4928 4103 22
3184 80 92
3044 1452 8
2646 888 58
3731 2048 93
1973 1692 61
2575 2814 27
282 2644 86
4101 3548 75
4268 4336 85
3350 2463 5
2717 3968 12
2625 3259 37
674 3650 16
3411 2346 70
3731 1339 23
4742 426 70
2904 4156 58
278 1630 65
2207 4709 24
303 2905 34
4866 2638 4
2528 843 68
1710 957 85
3937 1067 33
1036 1741 32
4788 3912 93
1156 4724 34
2350 618 31
3618 2573 23
1615 2286 14
479 4779 58
1417 3527 39
1970 4351 17
585 1896 26
4401 5037 86
2788 1262 25
4213 1562 62
2541 5021 48
4815 1043 34
1710 2452 43
1467 873 17
4553 4802 58
3941 645 43
640 935 20
1164 2773 8
599 414 15
784 642 43
3422 799 52
2045 4549 68
3491 4822 16
3323 1601 48
5009 1431 60
2842 2163 93
4499 916 48
3229 2576 18
2921 343 60
2661 3800 2
262 2615 60
4753 3421 79
4565 2039 70
2530 342 12
4464 1294 17
3256 741 32
3151 2055 81
47 4010 96
1560 1432 52
1722 398 61
4798 2914 92
2928 3213 68
986 3931 88
3688 764 80
550 2609 57
2752 4152 54
287 3915 41
1470 3039 56
131 4964 61
1233 3556 27
3168 368 77
4690 3757 38
3425 4297 38
2313 4668 50
4636 3093 85
2256 3582 91
4857 54 35
4268 4563 4
1122 4534 26
3591 4183 22
3106 2054 41
4698 4393 16
2478 3080 72
818 1418 24
1161 1616 56
1713 2738 40
4374 1057 11
3739 4058 14
3768 1133 44
925 926 13
4506 861 15
3070 3025 10
4507 3498 85
1425 1110 33
4902 4883 60
1393 1171 93
243 1732 58
4963 60 89
2870 5020 99
2982 315 52
544 4881 75
2423 1252 61
3892 3092 75
3233 623 47
4750 671 60
4268 290 97
1681 1222 13
3903 1313 86
4606 1517 55
3981 4080 77
245 4665 32
228 3098 10
1041 1675 11
4040 4209 12
4748 235 58
4187 3344 29
1565 572 46
4990 2761 41
2662 2030 29
4185 707 96
2897 2852 41
3557 1876 21
1909 3472 44
1811 2469 40
3607 433 52
2729 4314 6
3271 1358 79
2191 1985 25
2809 2325 22
2094 4545 5
930 4369 98
2189 1389 9
4451 4847 8
277 1775 79
3371 1318 59
3571 4674 12
1925 59 29
4768 1393 86
4586 155 3
1056 4533 43
4453 2050 23
224 2141 3
2393 2798 77
2101 1866 36
4753 4022 80
3059 3750 36
1896 662 64
2710 3204 14
3327 2682 71
1697 3543 37
964 4596 24
1545 4311 20
903 591 40
1216 2504 62
1415 597 73
2416 3296 84
3974 606 68
1558 2981 50
1570 4207 43
3288 4962 45
1510 2489 94
3600 1280 75
785 4172 33
3257 191 90
343 455 78
2525 3109 43
2734 641 21
1207 4279 33
2718 2525 19
1136 3332 42
1096 1420 87
4393 4975 22
4495 1154 32
1238 1954 19
2427 4564 41
182 2167 76
4917 4471 95
2844 1974 77
966 3318 9
4986 422 5
3679 777 90
3826 4820 92
1398 1168 47
402 3644 95
3692 4931 80
983 2441 90
1925 4409 9
995 4984 97
5035 4601 52
4451 3283 70
1335 3108 34
368 4452 45
4204 1728 81
1776 4112 19
4171 306 55
2433 119 30
4817 2743 73
1235 1927 62
4807 766 30
4389 2424 92
1471 1419 65
3363 179 61
519 2455 57
1786 2662 87
712 3988 63
3720 3352 45
4192 4408 95
5 2784 73
1338 2044 16
4898 1993 59
3472 1743 95
4980 2616 84
2504 2106 18
17 1765 8
1046 2912 13
3455 4699 83
1398 2088 91
2315 2194 52
4582 3668 98
1340 2767 94
3644 1527 14
2871 2884 37
3588 3127 57
2309 4733 70
2844 3790 45
3101 2786 42
808 2862 32
2394 1093 62
2350 2199 77
2148 3669 14
4717 3964 6
1025 3040 82
4046 3828 54
3792 4090 64
3238 3518 3
2045 1747 4
4110 3868 24
2954 2917 42
642 2599 78
5000 2019 27
4194 1071 87
536 3438 81
4669 203 53
2854 1361 5
813 1349 1
4820 1046 63
1934 1146 77
2858 607 3
4222 3305 77
4011 2112 74
1656 3799 55
4488 1978 5
880 3748 40
2844 1714 26
3777 4528 77
337 4747 3
1366 952 72
2942 1706 98
375 303 9
1454 4832 95
1961 2537 76
3071 3615 100
4915 3848 86
289 1459 49
479 3864 49
3532 2153 62
3053 437 67
2662 1484 31
92 3121 99
3217 162 26
1416 2211 74
1993 266 28
445 1986 64
3330 1735 9
2604 4686 59
3948 3024 84
4550 3636 22
4859 4056 60
2189 447 12
3059 939 65
3016 4440 51
1692 2386 80
3056 3327 81
2768 2329 86
227 2719 28
1909 949 19
4121 3233 49
3384 733 66
4741 2385 87
3182 1458 39
2283 2571 48
2665 858 7
4414 3326 41
1250 2577 6
287 2497 53
278 1554 65
3069 3265 9
3120 4546 47
3711 2363 3
2587 4700 53
3610 4208 22
3451 2068 78
3505 3219 89
3346 3476 38
3507 233 48
4193 4567 81
2698 4977 77
106 4875 11
749 185 40
813 228 97
2192 1915 35
1383 3667 97
2945 3268 88
2417 4083 94
5005 3431 76
3676 785 45
2815 4288 99
1517 757 33
2745 767 24
2451 420 86
1321 3345 90
3028 2486 44
4831 498 51
2100 1776 82
4363 4492 21
4427 2326 22
1946 4584 4
4517 3825 29
2415 3278 70
367 3930 43
3201 307 66
4722 2 42
3387 3589 88
3833 772 19
3750 3497 36
43 3879 19
3981 4027 11
218 4270 31
2169 1063 35
3519 4971 90
2418 159 9
3225 2239 28
780 1884 31
1047 505 8
4 2237 66
1775 3183 52
3227 1578 60
4752 4364 86
127 2393 90
993 3985 91
4928 966 68
1877 3621 84
3184 2704 42
4935 2847 12
2930 1466 21
1735 3841 11
1653 4651 1
1631 2640 25
394 1263 73
2943 3822 32
4178 3132 4
2977 2910 58
2874 3067 75
4429 2837 47
4294 1036 3
3418 3939 82
1374 1277 92
2258 1770 81
2476 1253 47
4860 4168 92
4469 634 38
2512 1561 37
3796 1832 80
2315 3954 33
4411 810 59
53 4578 30
4451 3184 27
2398 4361 80
962 683 43
202 113 91
4391 4213 29
89 1013 1
2356 4803 10
4268 3739 51
191 1570 90
4020 1965 25
550 1312 61
916 2793 5
2245 356 17
3663 75 50
3943 182 77
1978 4831 47
4234 1925 51
3244 4539 35
818 2246 45
3923 2621 35
3059 4302 85
4136 545 87
3411 1058 91
1270 4917 89
2949 1588 52
4328 1825 90
903 2128 55
3476 3715 10
1553 2511 5
2248 1227 82
2210 674 85
4956 2947 45
3263 3148 53
2356 1143 53
4744 3157 16
1124 1651 75
3856 4272 60
3599 3539 56
3410 3967 13
3332 3624 71
4417 4643 47
43 1211 76
1560 1465 83
4209 210 44
4340 3032 6
1275 2712 25
2535 3638 45
4985 2864 19
3673 4523 84
1844 2243 1
278 4258 20
3376 4625 9
277 2313 70
4781 3179 72
2760 1940 100
3813 2009 18
3108 2706 74
3526 3337 34
3688 4356 82
3810 4072 77
1172 3044 28
1218 5012 4
3016 4789 76
2907 541 3
1256 4515 82
74 1422 61
4234 1762 92
1909 796 41
922 214 7
4991 2290 57
2927 250 69
2549 1558 6
4691 619 54
4427 268 64
2126 4995 95
16 4378 92
556 4455 19
455 4837 52
2463 3610 94
3722 3886 26
1402 4009 82
3027 3602 34
1154 942 39
2382 3854 75
3767 4456 79
320 3280 38
2907 1509 67
541 3194 23
169 2198 76
1171 527 17
601 2302 54
4450 1539 8
2320 2559 42
3717 3673 67
3214 1504 27
4402 4040 83
4076 4969 25
3027 4568 54
1773 2578 38
658 3975 100
3910 2027 83
2751 11 82
5005 47 69
4301 1451 92
844 4758 91
2926 123 73
1893 2708 51
368 1209 1
3668 2297 83
1906 2967 20
35 1963 55
2783 4630 47
1975 2013 93
995 3978 81
2068 2445 59
1542 3817 96
4537 4542 7
3809 4230 2
1019 1306 65
982 4039 26
2192 4372 90
4166 2114 94
4321 3877 67
2653 344 9
2927 4307 39
3435 3228 23
3873 4855 79
3236 142 58
3217 4866 63
4980 638 85
1785 467 17
371 3637 48
2327 4344 67
3870 1462 67
148 4335 97
144 1590 95
3301 219 15
1814 1352 36
320 2470 45
33 178 65
4539 4951 2
3876 1335 89
1633 2822 11
606 1859 32
4411 882 10
3605 2590 78
1349 3483 86
2982 4858 83
983 3420 99
1311 2322 98
752 3901 56
3918 2150 24
3813 4124 32
5006 2262 6
4185 2979 63
463 1271 44
1041 1343 16
493 3558 34
2287 3154 52
2416 3289 65
1094 2340 92
964 1991 32
2726 3 65
3210 439 51
1198 3724 78
2400 4887 28
4696 1650 98
2345 2683 89
1981 3473 69
4703 3209 68
2627 4382 22
4723 3111 59
3536 2144 42
3996 296 25
2955 1261 67
2818 2583 12
2740 1869 54
895 4402 83
822 1881 85
3566 902 70
4779 2429 85
4698 2711 61
2201 775 34
2813 4167 39
3539 3690 53
4860 2850 40
4418 2790 48
1540 4865 30
3346 1292 10
2629 131 85
3778 820 15
4391 3392 6
4929 4077 12
105 575 48
4189 90 28
4210 3224 89
4820 2653 63
1368 4740 35
4209 3386 25
2986 3275 56
3343 1242 33
3686 45 10
949 4754 65
3846 1767 14
4281 430 59
3454 1482 35
798 4298 76
2474 3959 38
784 2562 97
794 4342 43
4690 2842 5
402 3763 6
4481 520 69
1636 494 54
1575 4410 33
2765 3178 55
2219 1478 83
4876 1729 71
1433 3238 97
3216 2215 63
2047 2173 77
784 3605 75
4120 2696 62
2394 4983 46
360 2911 41
2753 3415 76
1736 148 35
4027 2580 20
3835 112 84
3183 2729 100
3652 4358 3
918 1997 89
3796 593 56
1690 2010 41
2745 3506 88
174 743 79
308 734 39
3371 3590 1
1124 3928 44
4561 871 13
4928 4915 58
2647 246 52
1272 1717 82
1144 595 15
612 692 4
4847 2454 19
4402 1722 74
2902 1028 54
144 889 95
4108 5 44
3437 620 42
4426 2517 64
740 3189 91
3919 2086 12
3860 4750 3
3284 1848 70
2614 3086 93
141 2896 70
1774 3916 15
3974 3523 98
3359 809 48
2162 1589 47
1349 1680 60
3599 4338 21
4349 1467 13
918 4967 37
3218 1186 8
3826 3177 18
3487 121 70
2476 1022 3
5017 1889 88
2285 1800 10
4621 4196 10
1877 4849 87
599 330 89
2492 2705 63
4557 3478 14
1957 3311 24
1608 208 49
212 4484 10
2156 4870 78
2893 2043 87
3876 2605 19
878 1471 19
3731 65 38
379 1827 8
3724 3374 84
4122 3240 25
1752 4600 63
1474 4388 71
3739 1235 32
3588 1434 24
47 2541 85
1305 216 31
3254 2384 32
3976 3395 63
2802 4901 44
4425 876 62
4838 1366 9
1921 776 48
2152 161 7
3697 2147 3
2454 3164 93
2548 3836 96
4253 1101 6
1367 3736 90
1987 2428 64
3209 725 11
2886 1793 23
4243 989 92
4513 388 8
533 2558 80
4546 3236 36
1956 995 19
4782 4743 14
321 1609 68
1218 4386 54
3353 1758 64
2637 486 21
3982 4236 67
2817 3516 39
2068 4025 92
3648 4291 73
4452 4681 66
1331 4177 100
3319 1513 83
3350 1134 71
4553 2572 51
363 2096 8
4612 243 2
2718 3462 41
1380 4413 80
4753 197 2
2523 2973 22
2716 176 47
4398 2294 97
4166 485 86
2824 2051 44
3511 3120 49
3180 2190 59
800 2834 34
1962 396 100
4392 1033 63
1235 2521 56
2264 2500 59
4321 127 52
3219 4628 40
4058 2552 10
1691 4816 18
3739 389 29
1501 4108 32
2534 1771 44
192 2338 64
3160 601 34
67 4153 59
2558 1676 92
3908 2436 88
3381 2003 44
1526 931 27
1762 4680 37
2184 1833 1
915 459 37
3443 3007 52
1553 537 60
1245 4707 78
2430 1305 78
4234 3263 50
4899 2090 85
3579 2794 57
1398 3710 4
1557 4485 63
1050 4427 8
4865 4024 30
4764 2271 83
1051 4616 94
3061 393 74
2460 1830 26
3470 2632 2
3952 448 70
3544 702 11
720 1184 58
2802 4552 95
1641 285 29
524 761 75
246 2154 66
3954 1055 64
1136 3358 5
997 51 7
4714 2505 1
287 4575 67
394 3511 100
1328 1139 52
4648 3126 32
4847 1303 58
778 3333 32
4281 58 78
4094 1962 31
890 2508 90
3864 2962 37
3926 3368 57
2919 4574 44
3198 4166 70
4807 3552 46
2855 1560 8
672 424 92
2095 3581 94
1442 1931 14
4103 4507 20
3223 4486 85
2476 1742 47
3942 118 75
2745 3627 24
348 442 7
1122 2444 66
3663 5008 74
2333 2607 35
4375 2681 67
1685 1563 36
323 3953 53
4579 1137 85
115 1622 12
3521 912 95
4136 3835 48
1772 4800 94
1096 955 87
2419 1449 92
3153 2637 39
2756 3306 32
1064 4159 32
1282 2049 14
2744 2410 95
3515 524 20
2952 1734 41
3440 3107 77
2039 1982 11
871 2006 97
4374 2026 92
4268 1744 45
4153 2982 60
1557 471 45
2279 2620 1
719 1075 94
328 3500 17
4268 3425 25
3283 2256 59
1605 556 100
300 1090 37
1015 372 53
4468 4379 51
3237 4184 4
2113 4275 62
4331 855 89
1603 2057 46
4848 1085 21
3274 316 89
3480 872 3
964 780 51
3649 413 80
4133 1547 24
1838 4268 30
984 1042 90
3446 4035 97
1235 4978 23
4259 1511 94
4103 781 56
4885 2442 62
2272 1119 34
4018 652 15
3494 1492 45
3454 2184 95
870 2072 86
2637 69 51
4374 516 36
3826 3887 99
1240 3309 98
949 506 61
236 2148 5
2007 1336 65
465 2354 33
965 518 46
481 4892 19
2346 4299 55
4838 1299 14
3322 3896 4
1822 1610 6
2810 3563 13
233 836 84
889 3891 32
4436 29 65
3887 404 54
4259 1799 80
2160 2997 36
2659 2830 31
367 886 55
4421 2213 18
2065 2358 88
4927 2582 22
4075 499 80
373 3995 21
3125 3717 96
1354 4135 71
4749 554 41
1478 360 93
1573 1602 51
3673 4856 77
2769 4097 54
4437 5002 94
3293 364 77
4612 4557 89
1002 2800 30
726 4414 99
3756 1182 57
2717 4522 94
4418 2902 17
3208 1518 33
2775 4296 8
4571 254 76
3280 2099 5
4398 4755 70
3110 2514 94
3411 2832 26
1270 2744 42
2377 3073 100
3853 1546 62
1434 2064 80
3807 555 35
212 1943 52
4488 3564 22
2688 1346 44
2658 3414 3
1638 2557 18
2687 3910 75
1945 1413 2
3117 1810 19
4448 874 81
1697 1567 39
856 4328 58
1808 2789 25
4321 4698 16
4220 5027 10
1554 3987 48
1053 3646 90
4280 4703 46
1643 1599 4
4329 669 29
4928 3444 69
2258 1614 97
1510 503 83
2193 2123 65
3121 2714 97
3042 1021 91
452 4211 68
4779 3898 6
2747 2152 7
3202 1246 9
5033 4107 49
1255 689 14
4725 1907 70
1258 2732 88
1816 2985 25
1034 564 27
506 402 56
1655 4511 4
2856 4880 88
1993 4053 65
1165 719 93
3856 52 19
2635 2189 56
176 238 91
1046 4086 66
4917 2657 60
2143 4753 68
4015 3012 23
4482 199 26
3227 2061 30
2346 3911 28
1932 202 29
2535 3549 31
4583 4157 34
3487 2777 57
966 4652 42
1136 2171 97
2451 5001 49
3425 1174 32
2693 2367 89
1774 2228 75
869 4332 17
526 3495 21
2606 4941 99
2148 2334 20
4366 436 72
1002 2707 100
394 2693 90
3007 2161 10
2414 4826 27
2778 4206 39
248 2207 71
509 4341 83
1883 1537 74
4403 2958 30
3907 48 81
3377 1700 34
191 1035 95
1126 248 55
4136 4768 64
2215 1378 75
4781 553 52
2861 495 18
3887 4648 76
4751 4547 96
3753 1882 56
1093 631 98
71 3658 35
1987 795 78
3772 4879 6
2723 4594 24
4821 4071 60
3382 1212 40
4430 4585 42
515 387 89
1776 1682 65
3604 838 20
4622 3050 26
302 3000 76
781 2328 5
211 384 60
3162 4392 61
2656 2311 23
151 1169 22
2435 1687 2
249 145 39
4493 312 62
5005 3593 35
152 510 71
4437 153 96
1697 3950 9
2584 1845 42
3635 1575 94
135 2565 44
3563 1541 91
3047 3166 9
2368 1111 92
4881 4478 30
4574 709 88
4798 4239 22
247 759 98
2236 911 5
1581 1935 40
1564 3932 41
2220 3840 65
368 2443 12
1834 3502 42
1926 1371 87
4807 1615 29
1349 3779 96
4928 5025 57
4711 4916 46
2081 4260 41
2763 1871 85
601 2663 71
610 625 65
704 2107 77
2048 2487 14
105 906 88
2276 2899 37
3933 5044 14
749 87 24
3520 2677 100
3897 3682 99
919 3370 44
1311 4558 32
658 1224 14
2745 2176 24
5000 2490 12
2394 2193 8
4991 3269 56
1321 3806 85
3026 1926 88
524 1679 60
1768 84 60
4202 3955 14
3903 1941 89
2899 4948 73
4308 291 40
3207 970 75
3397 3054 27
348 735 62
2929 5039 71
3389 3787 27
308 280 3
2796 3212 19
1216 3524 73
2878 5028 87
2356 4646 71
4429 2201 86
4401 1439 23
3513 2370 7
1677 34 14
897 1004 13
2523 4836 75
1586 279 52
810 4051 54
126 1987 56
4346 2781 36
1641 4518 48
475 2977 45
2484 2402 27
1962 2397 43
3332 4561 82
2430 1597 35
2961 2247 44
2001 2195 8
4525 3338 24
3812 76 59
249 4687 83
388 825 82
3750 4119 81
2966 2771 39
2929 4638 23
1507 4937 52
4112 4264 11
2940 3203 70
3276 588 76
2733 172 23
1339 53 78
4517 1201 33
2013 531 10
1051 3681 12
4796 3453 37
1311 3064 24
4196 4786 13
2483 1631 47
3028 2289 60
544 2679 23
3782 351 5
1087 2226 71
1875 1533 39
541 2219 26
2849 2634 23
54 1323 60
2809 582 81
4889 1703 18
353 866 24
4771 4479 7
1325 1302 42
1618 483 70
1117 2531 23
3351 2449 96
1829 3858 9
1019 3357 32
1331 792 95
3798 3522 9
2509 4269 20
2209 5038 4
3604 1715 45
3061 960 60
947 1397 99
2584 3391 94
2542 1142 69
5000 160 65
1621 915 9
550 1899 72
1235 2701 42
3429 4176 5
113 628 43
2791 1611 55
1065 4692 89
2472 2938 15
3162 1083 54
3749 1749 12
3960 2192 95
1853 1156 99
2448 3503 51
4427 1980 13
3314 3023 99
3230 3588 76
4889 3892 38
1978 1837 19
1978 39 14
3244 1148 59
211 2882 11
3115 982 98
3536 4363 26
881 140 51
3183 2963 84
1467 2130 25
541 1317 30
734 2918 96
1057 3554 36
790 350 43
2680 2401 3
3168 4016 98
1416 3340 81
2940 3786 32
3091 2961 90
4560 489 98
1337 4641 66
160 1034 74
3023 1450 83
342 944 80
4433 1166 1
3254 1158 29
162 2629 3
4266 840 86
3998 2011 12
2726 2740 67
3332 3198 72
4150 369 4
1242 3685 71
1720 491 72
928 950 71
3437 89 65
2940 1324 89
3893 5011 16
2947 4708 91
1691 958 67
1991 3353 16
975 194 81
1712 4305 26
1057 4357 37
1573 2364 13
2241 407 89
925 249 2
4068 152 53
1630 3253 62
2366 1796 65
4050 501 7
4917 319 76
5024 4155 80
2484 3159 96
4787 30 68
4638 227 10
4488 1892 59
2542 1400 23
4569 3196 38
3147 846 43
4074 3721 7
4220 3872 86
1478 3015 93
2148 1807 66
4652 1721 74
1070 1733 100
3349 1911 99
3718 559 70
17 4944 42
1741 4398 54
2808 4366 60
1219 2200 85
3419 4237 34
1052 4619 33
999 1933 95
77 2172 10
2907 5045 56
710 1008 42
4103 2196 89
3567 1239 70
4756 4613 59
743 4474 32
4466 4447 54
831 2507 14
4136 3016 79
1032 4710 13
3908 4467 42
3142 2146 90
4067 1711 88
4957 1723 30
4453 3372 73
2856 2181 69
2157 3176 48
1835 4425 65
3877 4238 64
3476 3469 55
2392 371 4
2554 2069 42
2645 411 85
1192 2925 77
144 2416 87
157 4861 3
1357 848 93
4165 3205 14
1778 1977 29
4277 2671 60
1739 253 83
2483 2927 96
1882 904 72
1564 3331 28
2786 705 12
3322 4770 22
705 1417 60
3244 2074 40
3929 1362 59
249 3288 50
3291 3781 78
2393 352 1
1648 2680 94
4453 549 13
2414 3986 17
249 2528 3
1251 4029 62
3813 326 85
4111 2403 77
2224 4037 38
4936 1105 14
1691 4729 88
262 2473 76
1333 1012 6
2902 1678 74
352 1107 81
4532 1188 45
4061 1486 56
2162 363 80
1267 4682 89
1240 3826 32
3871 1843 56
3706 2759 75
1615 4618 67
1909 1002 54
4186 5040 70
3252 2672 97
2929 812 20
210 4748 21
1850 4329 91
2718 711 38
3573 4497 69
369 1633 67
4782 2586 22
4141 3125 32
1703 540 46
624 3942 60
3418 4583 49
5023 4244 24
805 2792 84
1198 4060 30
4868 1585 22
5024 1127 52
3640 999 93
4937 300 78
2776 4705 100
3235 3383 36
3849 2415 8
931 3400 21
1041 3151 34
2907 3853 24
3447 4658 40
1187 331 10
85 864 14
1174 4852 53
4764 198 1
1047 2042 43
856 3101 84
4038 1210 10
4858 4897 52
4590 1476 37
3615 3617 26
1103 4839 66
1981 2124 68
4103 903 63
3967 4979 40
4602 1992 21
3266 4970 24
2672 147 31
1282 4506 27
2800 4704 33
3923 1163 47
2220 2778 25
724 2811 36
4599 1901 60
3338 773 38
1185 2627 73
2437 611 50
1019 3934 19
4418 1529 69
4012 4793 49
3165 3575 6
29 4312 69
3030 2457 28
1282 2179 17
2574 3397 26
3273 5014 68
1757 1667 40
3283 4956 16
1433 2299 58
2476 2772 35
1934 3308 92
2171 4380 13
2638 2945 96
1507 4013 14
3431 4319 89
5000 4451 12
2830 95 17
3326 2076 60
2926 3063 94
4697 3525 94
4020 3719 96
2128 143 11
583 4499 14
1896 3428 47
2385 2593 27
4693 3730 25
353 596 28
1691 3665 28
3064 4756 12
560 4161 94
3099 4778 12
2544 4607 29
376 1953 39
3729 2330 89
1264 3700 43
3019 3793 86
1468 1641 76
711 4251 97
1875 1957 77
353 3662 14
198 4210 25
3707 2373 65
2143 2279 20
3298 3475 84
43 2750 46
1758 4728 18
3454 44 89
4009 1405 44
719 643 20
2166 1582 9
1540 1076 77
1168 3680 57
303 3823 91
885 3487 2
2557 32 8
3005 4197 75
241 170 82
1376 2021 27
3391 3433 10
805 1988 1
3523 3960 8
1574 3245 97
3481 2555 94
3 755 5
2783 1443 26
3874 1780 22
1317 1296 58
430 4702 19
1376 3137 55
1065 1281 64
3500 139 66
2978 2255 36
3950 3607 32
1719 4170 100
2341 4192 91
479 1983 28
2227 4685 80
630 1448 7
2837 3815 27
3207 4202 75
3192 901 11
541 2617 100
2513 1017 70
696 2080 74
282 3115 51
4989 42 35
1951 1095 29
4623 5003 69
3954 2553 94
3614 4725 57
596 3167 9
346 2595 35
4817 4373 71
1485 1606 74
4429 2858 48
2701 3446 30
2889 151 65
1188 863 3
401 2245 87
1223 138 11
3952 713 82
4853 4531 6
2693 4781 35
396 4620 92
2924 3316 25
3338 3180 97
2617 581 68
2025 2374 35
3073 2032 74
1056 3859 32
4012 2016 48
353 2765 24
4414 3394 56
921 1173 48
2028 3846 4
1904 4961 4
1335 1994 86
696 2375 68
3826 1934 23
1445 4340 47
541 4928 58
3350 4752 96
2189 2512 55
925 2308 80
422 1789 9
881 1257 5
3456 4505 17
3178 4664 13
466 1888 19
2283 3795 35
704 2038 15
218 479 75
2166 2523 43
1491 1750 97
3600 701 51
4586 1849 14
3468 2250 3
5000 7 55
3229 2098 58
245 3661 23
462 1898 17
163 4304 29
1428 2728 99
3997 5015 59
833 1082 53
3571 1307 84
2803 2930 33
724 1787 95
658 2949 18
3135 4634 12
3740 574 75
4061 445 26
3903 102 24
3662 4225 99
4422 1268 12
4706 2272 74
2737 3489 16
3078 947 6
1925 2846 21
4346 4690 94
2354 257 2
3122 68 59
2143 878 32
2647 3410 97
3854 2851 44
4436 3294 62
3733 3933 48
1729 4823 92
4283 1421 54
1066 403 44
5005 3620 4
2751 3271 58
475 3237 19
1339 6 88
3475 3186 42
1328 4454 52
2809 2869 13
3078 192 16
3734 3100 55
4057 965 29
4988 3746 5
4887 3091 8
764 137 26
4321 4389 6
452 4480 68
1561 2865 59
832 2815 57
1690 5034 75
4239 835 35
4599 57 25
3593 3418 85
1228 2660 81
1532 4310 5
4020 3827 53
1786 2484 54
4343 3096 83
3946 774 47
5001 2041 29
2101 158 95
3230 438 64
3742 1591 71
4253 4854 94
2301 4158 21
1812 2318 9
4844 189 69
2376 429 58
88 802 17
4374 2996 86
703 1140 23
1333 4678 11
527 1120 45
421 1041 17
983 1710 76
4934 4514 2
208 1207 72
4634 762 18
1198 4399 31
993 3701 85
3637 226 68
3973 4160 34
4422 1763 51
3523 4113 80
570 778 38
3138 2134 25
1832 2369 30
2993 423 92
1083 2584 54
2026 1639 77
34 1520 9
973 708 6
3745 2940 88
2539 4 49
4703 650 76
1200 4079 59
4750 2202 95
4889 2236 85
4687 4697 29
784 2883 67
1786 134 31
3183 2619 55
3488 1497 41
3291 2606 36
944 3034 83
2298 109 24
1047 3895 64
3993 4503 27
2060 3470 44
2817 834 52
2132 3735 74
3310 1325 83
1382 4981 75
3571 2438 73
2931 686 88
3196 3292 94
228 1103 80
2174 2551 82
928 2608 49
200 4550 68
4103 3322 3
2118 2461 94
516 1285 94
3842 3235 95
2107 2133 36
1032 2400 9
4373 4435 57
1600 1369 47
2060 3714 86
1260 1645 97
1412 3925 12
4076 3557 92
2493 570 86
1444 894 79
3499 4446 90
1293 3343 65
1398 566 96
993 2810 83
3646 288 81
1366 3537 93
3974 1853 24
1603 4784 36
4557 2722 23
4902 3657 61
4599 3231 54
3593 3756 90
3588 1010 29
3192 4222 20
2310 4249 77
1775 17 50
3994 4033 59
2206 4074 96
925 3686 59
4495 3010 69
1130 2474 88
3528 3077 43
2391 1603 40
3030 845 18
803 1834 89
827 4011 69
3588 4331 9
3507 3403 19
4475 4572 78
1720 2158 2
3902 3388 99
749 3381 53
5000 2467 41
3431 1788 70
3519 2994 57
1381 2782 92
4599 4204 12
2196 2031 34
949 4966 7
536 1059 46
1368 3585 95
4800 1904 37
817 2791 71
1557 4796 92
1909 4390 18
1821 2717 57
3872 1689 36
2679 2347 7
620 3172 46
1714 4034 69
4220 1395 65
3856 472 73
682 1555 3
450 1521 44
1386 456 88
3826 4082 83
2448 640 59
1073 2874 51
3298 737 58
4422 4368 13
2088 3182 98
3340 3320 55
2169 3399 17
379 2377 52
4994 4501 4
1835 867 8
3779 2324 24
3346 954 18
1126 1685 28
2888 1643 44
3681 2168 97
2282 2758 21
4301 1877 83
847 3982 60
1631 2004 22
3633 997 52
2654 1942 40
4374 1718 16
1518 1759 73
4445 4245 34
4165 2670 14
1075 4247 89
3059 4997 40
781 341 29
4638 3966 80
1557 2104 12
532 1839 31
3148 2062 3
3151 4142 90
1973 1913 40
668 70 59
2952 3130 97
3220 1175 87
1041 1553 49
4671 679 95
3258 200 79
881 2378 89
1122 2805 47
2602 2756 33
4234 1886 7
247 3085 52
1314 1298 26
2282 478 63
2203 1152 73
2803 463 100
287 2406 50
735 2656 98
1908 2331 44
475 129 39
4966 730 69
4727 543 60
3846 2344 61
1811 3538 79
1710 86 42
2874 3603 4
2620 2812 8
2870 4248 29
4674 2132 99
2647 1453 2
3536 697 48
2743 462 56
3814 4293 36
1902 27 42
4506 1215 19
4821 2990 6
1479 3325 16
493 794 51
308 1180 91
2137 1508 12
861 1011 8
11 3958 69
1036 3642 70
2418 892 95
3607 4347 50
3335 2476 100
1853 2394 27
1853 1376 4
4409 3723 28
758 4081 3
3923 649 76
1234 3477 25
4176 823 60
3516 4952 48
3800 1183 53
1921 1550 89
4321 289 32
3144 313 59
2414 1445 81
2907 1540 53
2651 3348 84
3116 114 100
4253 3946 45
1965 4277 33
3530 2692 34
3007 2676 47
1568 2182 36
421 3981 74
2101 1221 67
1339 2801 36
295 768 35
132 2005 26
1455 4895 33
1606 552 18
3027 898 80
4652 122 18
394 3192 29
1041 4795 32
4671 4804 72
3160 3417 37
3053 3580 76
4495 4322 1
4780 79 80
1145 4337 27
1168 3150 99
616 4548 71
3933 1534 72
3411 3643 56
3745 899 30
100 395 61
2871 4621 53
2382 2315 73
4369 550 38
4998 2654 99
4787 837 81
1291 443 15
2751 4695 58
3742 3534 60
1575 3074 10
2775 332 37
4370 695 49
1300 1716 72
1716 3043 39
918 4371 67
2803 1490 89
1046 2600 90
4249 3491 38
2734 3350 94
2325 3659 77
3440 2417 2
4136 2164 74
2666 1764 92
2899 608 80
779 385 87
2277 2965 11
401 2515 3
2376 130 90
3318 2333 91
1463 263 47
1001 3850 63
3840 1564 76
1426 1073 74
4821 1382 23
3646 3082 56
2304 1106 84
4103 1999 5
606 2817 9
262 106 39
3640 3791 28
1299 4286 92
3494 3983 72
3231 1969 59
3692 328 54
1040 1530 21
2043 1500 25
342 1333 49
1858 4556 3
2867 77 26
663 4437 4
4294 3606 4
2965 4722 97
2282 4240 3
4364 824 32
938 1243 7
3943 2045 7
2061 2737 98
4669 3618 46
4253 267 32
4729 535 89
1449 180 71
4872 3131 50
2186 4141 100
3256 4045 42
3160 1677 36
1311 4885 66
445 4936 19
2625 4508 23
3332 1499 33
3614 3284 79
2913 1652 34
2092 4106 46
1187 2127 18
746 3550 92
2899 4950 94
191 1276 13
42 3457 16
3125 337 94
989 2183 20
1691 1091 65
322 1979 89
3318 475 5
4709 3252 90
4575 2849 80
311 2355 45
2735 3752 84
3575 3287 81
717 609 26
1963 4590 44
4547 4316 82
4346 3158 6
72 4423 77
3480 2564 14
2301 2519 43
69 4840 55
4213 4566 59
4385 1290 65
4550 1164 96
769 2232 2
515 646 75
1826 2686 3
4651 1473 16
2468 3937 89
3742 4924 38
3322 2481 13
1561 4434 82
342 751 62
2946 961 94
1659 964 25
3735 4154 60
1597 4912 67
2905 3782 2
4050 4303 93
3042 2929 14
1768 4624 20
4293 4577 50
4233 1234 43
3389 610 33
1650 4396 35
4889 1608 18
4095 4473 26
2884 3277 84
1072 525 45
3168 3354 62
2227 4375 7
4676 4886 54
2670 4617 23
3462 1932 55
3711 546 51
2292 5041 11
1001 2776 56
1903 4588 88
2230 2906 42
1615 2081 49
4213 1053 85
2242 4640 75
464 3520 34
96 1176 18
4994 1270 65
4302 2809 75
4231 4348 8
3552 1623 74
5008 3267 91
2064 4233 8
36 4767 74
2871 532 19
4831 2941 80
1155 386 18
4448 1286 75
3462 3246 1
1568 3993 36
44 488 17
1981 1194 59
1118 3041 28
4933 1660 80
3080 1409 63
2421 651 50
2109 1255 79
2273 2804 84
3579 1755 30
2399 3142 7
3557 4940 32
4196 3706 76
1699 14 37
1019 2691 21
466 3481 50
3806 3113 27
3336 4573 1
850 3058 64
4551 3674 38
3258 4905 26
1210 630 70
2890 663 22
4283 1795 8
3475 2806 93
3633 1895 42
2258 1638 85
2687 1879 16
3516 3095 6
3064 2596 49
4853 382 56
1022 409 2
1477 2667 6
3373 5009 73
657 3917 87
1739 4701 61
2698 3760 88
351 3747 83
173 1357 75
2644 3207 3
308 4801 10
2448 3116 99
3069 4994 42
479 664 9
358 4091 35
3334 4463 2
2676 4461 97
694 5013 80
3392 1649 46
4289 5033 19
4485 1189 52
2548 4953 23
3656 2972 31
4908 4191 24
4599 925 39
3807 4579 3
1868 4417 37
4255 3035 92
4218 3301 25
1230 2841 82
24 2014 31
2192 573 36
346 653 69
3261 4050 17
1795 1872 3
4089 3361 62
2907 3468 36
1442 3759 63
2389 4719 30
297 996 98
3982 3634 82
1551 4165 54
2610 4957 37
1263 2093 30
1998 2669 21
2637 4315 82
4899 1544 27
58 1003 6
3213 258 68
343 2034 13
3941 868 27
2914 4965 22
3663 1686 19
3520 3393 58
4644 956 95
2888 4391 13
446 4659 5
3326 691 11
2478 4874 50
3754 245 11
1692 4900 93
4418 1573 11
3115 3479 100
3937 2451 24
1083 201 37
2447 1813 44
3640 4137 64
2711 2900 9
145 1507 47
2813 4991 25
1157 4252 12
1263 1428 66
1510 4215 41
1932 3389 49
4499 647 82
1853 2532 68
1270 2951 10
4046 3976 85
39 4026 19
1653 3075 78
2697 3725 81
4325 3435 51
2347 1266 80
4145 1231 90
1245 515 98
2360 4187 24
3042 1326 26
3460 1162 65
4403 3141 1
512 3623 25
359 1037 36
3049 910 67
3053 3703 65
493 3628 66
624 4164 100
2445 3778 65
1036 450 22
4294 3162 21
4309 1160 24
3683 736 1
3516 1355 44
1023 3031 68
3920 4242 44
516 2316 9
1757 322 50
3435 1760 17
1136 883 100
1468 4017 62
3083 4560 61
2162 2002 43
3192 3229 21
3870 3640 77
2278 1620 36
2697 3436 18
2339 383 90
5038 3014 48
3515 1571 23
17 1311 51
4238 2538 64
734 4352 76
4225 36 3
4136 2392 16
3274 390 77
4955 2968 50
360 3211 94
606 933 87
116 2007 52
4313 242 97
1593 665 22
4409 803 89
1235 973 35
4907 4188 49
1103 1019 79
643 2276 13
4294 2105 7
4620 3239 24
1453 2520 47
2599 2233 57
3165 3732 16
4000 4696 80
899 680 31
1276 173 88
1927 2980 93
2240 2561 33
2039 3569 67
2382 4095 33
4041 4959 5
948 3401 14
3646 4189 97
2985 3626 93
394 4637 95
2735 1510 95
1260 165 43
358 1912 11
4674 209 22
4040 4731 71
4283 2103 2
3184 534 59
457 3698 74
1775 884 18
3283 25 52
1805 2472 67
3026 4226 24
3069 813 41
382 16 14
3910 157 23
308 4860 82
2877 509 32
191 2535 18
3116 805 50
3939 3112 52
4495 4488 51
944 981 67
2850 1065 90
3838 3460 62
4194 2317 82
3069 3766 63
3742 3094 40
1172 4048 42
4443 2160 21
185 1851 71
4450 1054 60
3444 770 14
4027 4273 84
4362 4661 84
4451 2242 45
2809 1738 5
1491 4362 99
1542 2120 30
4816 2762 9
2013 2314 38
2219 4629 64
4582 1464 87
4291 3881 85
4928 704 87
1507 1691 33
3519 2604 37
3946 3771 54
1374 1494 44
876 4228 96
1158 2270 18
732 282 42
1478 2536 88
376 3293 78
3125 3980 76
994 2581 19
2078 2885 46
1074 4199 18
2382 251 56
2963 4672 67
1185 1151 80
2662 2751 26
1814 3517 11
3523 469 55
876 2188 75
1708 2891 52
4934 1272 54
1578 2636 83
3621 1916 32
3896 408 74
1692 3018 97
526 2493 75
4711 3921 4
4728 2261 53
3646 1314 22
1615 397 73
4723 4482 100
2888 1640 61
3711 2648 51
1525 4746 65
4599 2550 82
4386 1495 54
4389 3774 84
2858 4313 50
2554 3373 77
97 3814 23
2907 3688 47
2907 4764 28
4044 936 31
3062 3367 90
1989 1283 3
3806 2859 68
2828 3666 40
1226 4075 28
131 24 70
665 2935 99
4611 4483 61
1367 2833 22
54 302 8
3196 782 6
37 1792 21
2394 4813 46
21 2095 87
2205 677 27
2613 1249 12
370 309 7
1571 3821 89
513 167 61
558 2540 65
3251 2482 31
4849 1199 74
1941 2254 38
1754 1924 5
1000 2399 41
3535 2222 1
4050 1708 80
3078 277 77
1309 269 8
2601 615 45
3194 4739 89
2068 1804 5
3488 3971 38
1991 1850 82
3992 4884 54
3697 3842 81
3680 3764 83
4667 2991 67
4451 421 34
1334 1960 81
2679 4416 86
1029 1761 79
3893 584 46
3206 1214 75
4993 4472 75
940 1077 78
2905 1586 48
997 3776 76
4341 1971 37
432 3970 56
2707 729 45
3594 4521 55
2808 1334 51
4506 2944 28
4814 3687 56
4824 2465 84
749 4343 16
3063 1724 68
4118 4334 61
331 2698 6
1568 3906 6
1002 1170 94
3465 4609 74
4275 2125 45
1838 4929 53
3131 3785 31
895 1786 70
3212 788 93
3479 3871 93
415 4419 58
4321 1973 2
3884 96 3
4148 4117 31
4780 4085 73
506 4281 30
1255 125 61
4838 2480 88
2993 1489 82
3147 2932 23
1902 2366 14
4849 2956 52
4631 4180 57
2311 3936 12
3858 3155 16
3366 3847 63
555 2664 42
2989 2365 87
2447 449 5
1257 2137 14
4167 3339 55
2890 2746 9
4000 660 15
145 1479 61
4103 2848 98
1200 1238 45
395 3509 75
901 1894 16
1039 4973 77
2798 1444 97
2241 4127 18
2392 4671 67
3435 470 24
303 1964 57
46 1320 73
4561 2166 60
4262 3599 9
4027 1086 35
1270 1123 97
2078 4954 9
3390 3972 1
3443 38 70
1909 2186 63
2646 3616 48
5000 1697 86
1545 1857 6
973 4370 74
2020 2303 14
4425 4907 79
3852 4653 34
3750 3335 42
2890 594 14
3358 538 3
2257 1516 52
922 3818 14
1973 688 96
4647 2420 53
4929 5031 42
394 589 3
358 2411 27
1257 771 83
1843 3798 50
1771 3501 8
4867 2274 1
1062 2169 80
2589 3442 18
2049 150 90
4388 1811 22
997 3036 44
1270 1190 46
282 1178 34
5012 4406 9
4838 2159 2
3595 4203 32
4591 4066 25
3973 4076 32
4425 3749 90
4967 1669 59
2603 1745 93
1361 1040 14
2134 1460 78
4627 3274 28
3242 4760 20
2688 26 15
2252 706 2
4467 4821 29
4339 3190 69
4854 481 14
1710 4834 34
1776 2960 3
601 3210 34
4675 4345 80
4889 4669 14
762 852 73
2919 2381 49
4237 2894 44
4212 3013 6
176 4477 76
2292 2544 89
3314 2145 83
844 1701 100
4957 3223 27
4937 3163 23
1901 2879 21
1187 1100 9
367 5022 4
1479 3908 3
1909 2689 68
747 1023 60
707 927 74
4547 1426 92
2980 4448 73
4073 879 13
1238 4400 16
3902 2503 57
2493 3484 64
748 3728 61
4076 1113 52
4826 1359 42
1588 2056 33
3434 2734 5
3222 4509 43
4586 3677 40
3676 1568 29
917 1236 45
350 431 99
3266 4766 2
424 760 4
553 551 80
4459 4872 60
2107 668 59
3716 2723 60
2458 2855 74
1735 4926 99
501 2870 38
2497 28 36
1762 1196 1
2340 675 48
3448 2774 52
1858 1688 28
3059 3974 42
4165 2337 55
2564 1391 6
1450 1078 83
1203 1803 68
1245 4763 94
4525 4660 17
1076 4430 24
303 1124 10
2026 3862 39
253 821 96
1343 4553 77
4488 4214 100
3812 2703 98
3637 3938 38
414 1364 82
3237 968 68
3230 2735 84
3873 1205 33
1628 3048 80
1091 819 79
1415 1157 78
3501 4036 34
4156 4632 83
3542 1340 44
1021 2953 55
3454 1647 31
432 1193 39
4899 1842 83
1175 3124 54
34 4947 24
252 1195 75
3807 943 74
1028 2823 73
2222 4631 76
3144 1463 39
1358 4871 83
200 3004 34
3974 220 94
2986 3816 48
4028 2942 57
3810 1122 40
544 3767 84
3817 1018 82
3316 427 92
3722 4841 86
2389 2889 24
3782 530 8
3210 496 92
884 2888 58
4040 283 25
4870 690 50
3781 3713 57
3335 4608 75
3773 1897 99
3183 3692 84
4203 3639 32
3282 78 38
3358 23 55
2613 3873 82
3348 1469 68
2776 3512 96
1896 714 71
737 1373 96
2617 2936 78
4700 1332 34
223 1856 39
4680 4882 65
3614 1461 100
238 3918 27
1678 4489 84
3643 1360 47
2284 4143 80
4050 1784 97
3588 2687 68
4634 502 32
2924 3001 38
2679 3437 32
3913 3755 7
4506 297 55
353 3952 73
1901 3600 46
2508 3965 37
3168 3597 62
658 132 98
737 1713 44
612 590 31
4460 3875 9
4689 937 6
4807 3989 12
2441 3684 56
2329 602 43
4166 5006 2
1228 4771 11
2364 4843 32
3238 3768 71
3483 237 52
4922 3758 23
3069 4657 55
320 1159 11
3478 4958 6
1927 587 3
4928 2928 28
2019 4241 33
4280 2129 35
3501 3097 46
255 1542 3
871 4122 19
2278 4041 71
878 3377 27
2109 2766 41
810 3496 65
945 370 85
4991 3996 55
2400 747 78
3896 4516 78
1754 2293 66
2184 3206 77
4718 4683 52
3580 4377 97
3059 2241 42
2776 3291 73
197 4655 19
2483 830 67
787 4042 75
3372 712 37
1061 1274 84
1292 2948 58
1927 959 71
2720 976 35
1617 2371 95
4687 94 81
3995 2121 55
2186 2635 69
4687 4645 11
1732 720 76
2917 3672 89
3807 639 65
2253 2372 21
5000 616 76
117 2092 28
3521 4713 24
3973 4424 94
3184 967 100
672 276 61
4898 1737 66
3561 1661 75
4259 3998 26
2753 822 41
3308 2177 16
737 920 25
2238 446 45
1746 1808 97
2928 432 100
2837 3889 76
3296 533 70
3053 2745 4
1494 1596 34
4609 1213 9
4608 2579 63
1391 2448 31
3419 4783 84
2574 1908 88
3982 2412 40
2108 124 31
646 187 13
3278 512 78
2638 3215 64
1694 791 51
1588 3860 79
1991 1097 87
1307 829 96
3773 4309 74
3063 4974 82
3567 2464 89
2921 4933 62
954 171 34
228 3775 14
3963 2263 86
4986 4031 93
4438 3990 15
3332 4838 97
3467 2485 71
973 2266 88
3160 2649 26
2435 4925 8
431 992 81
21 1663 14
3001 1155 31
4680 3276 81
4113 2934 83
4206 3653 99
144 578 45
1 4889 78
2516 851 4
2564 4551 89
1331 2542 46
1160 4397 64
3318 2783 76
1728 2012 85
867 4219 5
3263 2414 61
895 1519 13
1156 1016 17
4548 3181 77
289 1328 43
4265 1730 90
2560 4904 83
909 3833 45
1198 466 63
1291 2838 50
2378 3384 3
4057 311 73
3421 181 27
2020 293 76
4941 1447 88
1794 4330 38
545 4139 35
2360 1704 36
4918 2764 43
709 4712 96
3238 3809 56
3630 4306 53
2143 3355 19
4321 657 30
421 3997 39
4551 870 88
1896 2001 84
4268 1996 10
3114 4694 95
1416 1668 28
240 1523 68
867 3390 96
3164 1309 90
3565 1880 60
4673 2868 85
1022 3285 41
59 1621 100
4738 1695 32
1630 1556 14
1905 3057 29
3753 1172 6
3637 3941 90
1018 3143 81
614 2568 3
2914 1648 20
4881 3544 37
3063 1187 7
2734 3314 33
2780 3341 50
4660 1903 31
3444 4147 58
4986 4280 54
2587 529 98
712 765 2
2817 4052 70
3756 1121 11
3184 3678 2
2443 274 100
4033 3851 15
1397 2066 46
3820 4308 24
4711 374 47
945 3948 65
1316 4808 33
3575 1900 37
1019 3944 81
4440 2974 37
3380 116 15
1881 569 22
1824 3894 88
305 2119 92
2951 2933 17
2445 890 80
4010 1580 23
663 1757 91
4614 3737 68
787 2522 8
3215 3351 98
2996 3622 32
617 3336 88
2615 1200 67
2317 4021 13
1210 1805 21
1790 4116 61
162 1412 85
3183 2033 84
1002 4174 13
3810 4292 42
1286 542 13
2768 4098 24
732 4101 40
4876 2501 36
1507 2753 50
1044 4812 60
1615 3742 78
3316 1665 32
235 2084 6
4088 2258 58
3288 1001 78
2214 3378 46
3823 3319 33
998 3009 92
4418 2292 87
169 4835 42
2026 1583 35
4245 3195 25
3392 3773 77
1563 4891 93
253 3882 7
3301 4726 44
106 3902 84
2483 827 64
2797 576 25
4532 5029 52
4301 2244 4
3974 5017 43
2807 4407 77
1387 2287 1
1972 1259 54
519 482 44
5017 2989 16
3910 117 46
2937 2939 96
3891 1247 77
4197 321 95
2886 3704 4
4548 1203 77
56 3321 98
1166 1984 82
4438 4744 78
4160 4063 50
1554 1809 38
4027 4818 88
3257 354 53
3160 1185 84
3354 4030 91
5032 914 100
1413 4458 88
2040 3839 49
3628 2556 77
3955 2908 31
3723 234 38
1924 672 54
2949 2998 94
272 3629 49
3967 4403 13
4695 721 45
160 3424 67
3314 4475 64
4596 599 80
204 260 41
3798 656 49
3915 626 88
1144 3803 56
1285 924 98
337 2220 53
2186 4525 49
2151 4504 67
4283 2212 67
352 862 35
2715 4496 17
4670 1681 20
401 3021 9
2510 2020 28
666 1637 72
4106 1435 100
3614 493 5
3363 998 42
3219 2516 44
651 4476 52
3614 1056 49
2188 3304 14
199 3820 98
4820 3676 16
932 4794 95
1895 3635 3
1540 4495 17
1726 1506 72
3894 2955 58
2704 3751 56
4009 3456 36
2326 1905 30
415 1414 94
85 3531 64
410 969 77
2674 4693 64
4244 4150 67
323 2741 16
1376 1739 54
3494 3697 23
4528 2396 84
2360 4104 35
131 2071 49
4599 484 49
800 1383 40
3299 452 70
395 4003 3
1819 3160 68
493 3214 9
1939 3609 92
811 3883 41
2171 18 67
884 2089 32
129 1407 98
779 2887 40
1549 3885 93
375 4130 16
191 3136 9
3148 3356 92
4309 2749 16
4789 2957 12
4561 320 38
1662 3330 29
1379 1254 55
3600 2185 85
1885 4274 89
1366 1752 50
4798 21 52
4649 2892 25
150 727 83
145 1773 95
1395 381 42
3462 4059 5
925 2601 64
3998 2230 60
4076 4500 94
1862 3804 65
2704 4047 27
2862 1990 25
1471 1401 43
952 1287 98
1819 1241 99
519 1341 28
534 603 56
82 1379 60
2292 3521 79
1438 2395 94
4397 4285 28
3183 4920 93
2458 3261 72
4451 1628 54
496 154 33
2296 1600 41
3173 807 21
949 1946 62
23 3474 42
3183 3379 48
252 2462 53
4847 1961 28
4666 750 60
238 4570 71
3884 4171 38
318 4246 57
1389 1823 83
4571 100 4
3326 3863 61
1101 3359 47
532 1858 53
2622 1130 94
1819 1197 77
3069 3849 12
2191 92 49
2455 2931 49
21 4988 72
3782 1930 64
596 4057 2
112 3467 71
3722 4420 20
620 135 40
3485 1179 99
320 4842 21
4798 425 66
3387 1132 93
2018 3576 77
1735 284 77
376 1245 33
3257 2306 93
699 4734 21
1097 919 8
3419 4186 24
4120 3114 59
2222 4689 49
2193 2368 2
4882 4201 6
1647 3249 20
4751 4109 43
3952 4848 19
2692 1350 34
2982 1454 21
1921 133 53
3121 2546 15
2175 4387 17
1777 1202 14
1373 2284 46
3981 1814 99
1103 2350 93
2789 305 75
4803 678 37
4697 5024 50
1829 1005 37
333 722 79
3952 3099 37
2786 4232 66
2350 3090 93
1088 4520 58
242 4162 72
4647 5016 87
4401 3586 97
1945 1300 7
1841 1081 95
3594 1149 91
4429 4538 69
4790 2733 70
3714 4565 41
4275 1604 33
352 2602 80
3698 4229 33
4386 3038 86
1675 4721 64
2846 2432 100
1235 2661 14
4233 4093 16
2929 3047 90
4753 3957 19
3044 1348 44
1540 3216 95
3729 1327 92
1387 163 11
4339 4205 59
2067 4791 63
1087 3323 100
2261 378 28
850 4898 79
3800 2612 92
3885 1779 76
1187 4876 83
3773 3920 66
4867 940 19
3840 3286 14
363 19 26
1380 738 73
4815 1342 94
3147 4610 26
885 946 79
4153 1380 85
3334 1525 14
2566 3019 33
1434 278 26
2236 3596 28
3251 655 72
1811 110 43
695 1220 43
4889 2788 79
144 3861 14
4739 2547 99
2021 786 76
3627 1598 79
4309 1219 93
3517 223 19
1643 4182 4
2718 4751 43
1684 1048 7
3318 218 23
210 790 20
212 2231 75
3068 1873 21
1460 2839 19
4228 1698 100
119 4878 16
2907 3852 26
3728 1740 91
4165 4374 86
890 1937 75
3736 169 43
2888 3081 89
2241 4450 60
4357 104 74
3379 4569 5
4687 4418 45
4907 4173 24
2148 3540 48
4352 831 11
1996 3466 43
1147 1480 35
1574 1475 23
2693 2655 37
2420 3006 58
2543 1351 62
4451 2382 59
3257 528 82
1001 4453 29
696 299 39
44 2893 32
247 5010 50
2688 517 2
3509 1644 72
3353 3546 51
810 3784 90
3111 2238 34
3437 2477 1
1726 1438 64
2478 1387 29
1877 1368 3
4103 2205 29
2310 4819 61
1482 974 58
541 2065 5
2301 1952 5
541 1725 51
282 2673 21
2209 2214 58
2226 1948 54
1778 1791 67
4020 1321 75
2846 3488 16
3615 500 38
624 1488 66
3842 1690 58
1299 2623 99
3102 2091 17
1835 979 91
944 361 18
4028 3594 98
676 2275 1
3670 1150 7
719 4595 60
4011 2440 38
3512 3145 69
909 3363 74
4575 2840 20
4674 3149 90
85 3191 11
4609 1087 92
4068 3071 22
4874 3654 63
1997 3262 92
2065 2488 62
1714 4535 67
3389 324 73
4495 2808 53
1221 4782 44
409 4149 84
4857 4001 56
1611 1919 23
1059 2920 85
797 3033 20
3317 3027 38
1283 4365 57
4218 853 75
2273 22 57
3841 1425 17
171 4774 94
1183 4942 26
4215 3369 92
4848 3900 26
2758 88 94
3529 3360 88
3847 2353 48
995 265 56
3903 4317 69
952 4327 48
2601 91 100
4444 4663 19
875 3888 7
3335 2659 22
3283 2319 80
4698 2257 16
3220 4554 73
892 2626 75
1819 4444 30
2298 3561 61
925 3745 9
2233 492 9
2707 298 86
953 907 89
4099 1429 24
3592 2390 85
1554 4642 62
2389 4606 67
4237 4654 28
1602 3248 43
1963 2828 65
3135 769 49
3588 3422 58
632 4087 52
2578 1731 80
1599 1365 99
812 3696 61
1311 367 22
1611 4968 4
110 4441 33
5025 800 78
67 4131 43
257 2597 55
3392 4054 11
3777 1726 45
4645 1381 69
239 1666 64
944 4949 81
1991 2298 61
3795 4385 56
4620 929 2
4386 4633 59
1987 3413 66
493 2845 4
3062 4466 19
1706 15 18
3177 3753 58
3671 4105 81
465 1921 67
421 1099 38
495 2345 8
348 4181 10
545 2357 5
1207 9 90
506 3977 66
1468 314 76
1294 1864 62
3468 4094 49
1257 4644 6
964 1337 56
3323 271 11
3973 896 57
1646 3935 60
2235 670 41
4466 3545 2
3323 1967 45
4391 1216 54
645 3940 2
1615 1673 93
379 2029 86
2622 1370 91
3263 1316 44
321 667 64
2175 877 30
3633 3663 70
694 3128 65
2464 1135 51
743 3072 78
4140 4906 20
4932 2180 9
4522 1487 37
2718 3738 44
4898 1709 10
4702 1634 44
2993 3504 52
1196 2362 90
918 1297 20
4723 3731 80
587 4412 79
4455 756 83
2140 740 24
383 3408 78
1292 4765 17
282 881 59
3647 1248 88
3359 798 73
2837 325 68
615 2976 66
2278 547 66
4576 978 38
4259 72 25
1317 5005 95
2940 3992 24
3933 1424 89
701 474 90
2377 4890 95
1521 2260 100
2401 2447 44
3110 4114 1
2877 4543 60
853 4318 61
2081 4487 34
4213 632 67
182 1512 70
3467 3371 2
515 4145 23
2218 987 32
415 1084 69
4565 865 4
2710 818 50
1568 4911 32
1 2907 16
1192 857 67
97 2312 12
2030 2218 1
3487 4494 57
324 2323 46
2986 3819 97
374 726 50
421 379 55
3837 905 83
4744 1922 70
4199 2510 80
1939 294 78
3030 2545 80
27 1868 26
4907 3729 63
3908 600 52
514 1581 97
1831 763 36
3732 4662 14
995 2560 47
3920 4526 17
958 4426 9
3463 3105 1
5020 1607 36
2579 4227 8
2019 2651 20
1531 1092 92
967 213 63
668 480 4
4399 2479 4
4596 1613 6
3451 980 22
2045 2157 71
3553 1863 49
3894 166 51
3515 3694 51
150 2819 54
1920 4151 4
2060 2775 9
809 4611 18
369 2269 89
3696 2036 59
2610 1384 73
4997 5042 79
1338 1712 62
3225 948 100
1691 1815 18
4026 2820 58
2776 1024 57
1241 108 67
4470 1778 1
4427 4134 50
44 1251 46
4867 4067 75
555 4102 92
484 2901 43
2618 1552 15
3627 2450 55
3571 4899 63
2679 444 13
962 4810 59
2184 3711 23
1615 3890 24
1808 3046 10
4558 4123 63
3298 4395 38
4321 710 7
3309 1408 98
2354 1635 54
4429 1551 46
4556 2585 39
1132 3241 29
4798 3772 47
4764 2871 30
3511 938 71
2458 3613 28
2587 476 23
3739 850 4
115 3869 82
3900 648 20
3157 468 57
3780 4647 63
1857 188 59
1 2109 12
526 3587 15
3898 4675 85
3007 2437 79
928 2724 42
4436 339 28
3464 1000 37
1708 4824 88
1909 2613 10
2146 2780 65
939 3845 92
2171 1144 14
2931 2427 16
4708 2594 94
3229 2684 90
1762 4265 75
102 4757 38
4682 2966 33
3461 3161 57
575 1705 95
1653 985 96
3258 3366 30
308 224 6
125 1375 76
3141 4741 78
4219 2923 2
4981 3232 60
867 1027 28
1993 2356 73
1306 808 12
3256 3843 74
4111 64 26
3354 1515 29
3215 4300 77
35 174 97
45 3856 77
4645 98 83
2909 3632 100
3335 3870 94
3296 1831 31
4920 523 2
3272 3062 66
573 789 1
2601 3078 64
5010 259 59
975 399 64
3322 3385 3
1868 3675 16
1171 1437 16
3627 644 16
2735 3065 88
787 4257 64
1659 1398 19
4929 988 6
975 1098 45
2928 3168 74
4103 2513 77
4321 353 1
4253 3973 65
333 272 34
774 412 50
3889 2422 97
1986 1569 20
938 984 82
3717 4120 41
224 2721 97
421 4411 36
5012 376 31
959 1388 44
1983 4078 49
3694 1587 87
1010 2688 28
158 1968 24
2186 1136 78
5016 2223 69
45 3045 31
3445 4007 88
198 3951 69
1822 557 43
629 3547 2
2201 2024 6
1542 149 23
1585 4491 3
934 3796 80
121 1014 23
2281 4000 91
2492 4980 68
1786 1816 71
4537 417 10
2394 2079 50
4206 1769 12
198 3029 76
3210 2697 44
3206 4868 12
4491 1654 43
1610 103 24
4908 897 2
1702 2349 20
1310 971 19
4994 2959 43
1720 2059 5
1389 3969 32
2143 4271 37
3117 2117 57
849 716 81
2823 2861 73
3588 4998 10
4597 3118 85
4994 2100 42
1263 1396 96
2205 4346 41
282 2647 13
3070 2025 52
4603 3188 75
3840 2305 92
370 66 12
4139 1403 32
1906 2652 28
1367 1244 74
2907 4429 19
817 622 39
4165 2718 47
3595 1114 13
232 2950 35
4448 4867 72
287 4649 77
2612 1363 5
4165 2217 91
4821 3486 77
2927 97 68
3688 2726 78
1662 3272 73
3480 3146 30
1895 415 60
2120 2267 58
1659 2877 8
392 2122 71
3806 2992 37
2909 2116 16
1329 2916 38
5023 3812 86
2834 3026 25
375 2301 81
2791 900 79
140 4622 21
2008 962 84
1495 4592 64
337 1430 1
518 1538 89
2985 2592 70
4605 3699 82
3897 2063 92
3135 561 45
2687 4422 76
2693 3903 81
3638 217 12
145 3536 88
1600 3175 86
4956 4224 88
1991 1315 56
3570 4805 41
2470 318 60
4440 4261 85
3688 3614 53
3148 3807 14
1122 1446 27
317 1404 84
4792 1950 5
3871 1840 65
373 2380 46
4723 4498 42
11 2709 26
5026 1536 16
3770 3709 30
1721 3577 7
401 5007 72
3231 4650 2
31 3907 55
718 753 53
1630 3705 21
4402 2825 58
1900 3266 19
452 3405 97
4965 3404 73
949 1104 73
4115 4737 25
4437 3312 72
2091 2348 67
372 4828 99
2299 4935 52
4622 698 92
3674 3801 76
2622 2430 59
4699 1822 35
106 1079 48
2029 1406 83
177 1344 1
942 3542 67
2248 2880 59
4986 2101 19
4725 255 60
2298 1625 76
3192 4580 58
3552 1125 32
5012 2569 46
2169 1514 58
1451 358 19
1946 3407 3
4776 723 37
2096 3193 61
4464 3899 97
4802 3070 58
345 1109 13
875 3459 68
2610 2035 67
368 3303 1
4998 539 8
2060 2700 31
1710 4850 2
1811 4603 39
2008 2757 48
2872 783 33
3853 4679 95
2205 4464 8
2109 1945 61
4990 1267 6
2732 1785 60
2575 513 100
2614 67 27
396 3584 67
3534 3056 26
962 1531 25
312 1138 92
2542 2405 84
2661 4433 89
2627 2702 33
975 4049 9
1670 2770 90
2536 308 68
5009 256 45
1773 1874 61
3974 1617 31
2724 3702 55
1442 3876 27
4153 175 11
1095 2760 2
1758 3505 49
3284 4716 86
2977 3708 67
1950 2787 58
1544 2952 45
1021 4267 58
2053 4038 35
3230 3002 97
3588 797 52
2261 3691 47
4751 754 21
2101 3510 3
4633 83 65
3217 2795 77
2380 3625 55
394 4136 24
3291 377 6
127 1829 64
484 4115 43
1062 3829 96
3246 4359 66
3330 2249 65
4609 4263 19
3385 3110 92
3767 3299 90
3506 1619 42
4756 844 88
1311 2280 67
2538 1861 23
3299 1094 32
794 4593 80
3203 4092 96
144 3230 28
3264 1050 62
3455 40 1
1126 2736 45
2557 207 19
23 2831 78
2384 893 94
1200 3831 70
4992 2502 24
585 1693 98
3722 928 47
1246 1852 33
1631 1260 44
3263 1981 3
944 136 12
2465 2856 34
4236 4846 67
4750 1727 81
1288 3904 78
282 1374 67
2088 4706 45
1445 215 67
4129 4185 61
422 3490 48
847 2320 76
257 2259 87
3465 3380 70
732 1338 93
4343 4415 28
1760 3051 92
4391 1772 4
1251 2413 68
3022 2118 37
2856 4787 69
2693 4259 18
3808 4825 39
3208 4749 25
1571 3123 40
201 3103 96
4459 3227 97
3503 2690 22
4928 1032 53
3468 585 48
1984 1436 59
2078 186 29
109 4735 59
2768 3592 50
69 2300 47
3028 1929 42
4561 654 62
2093 74 99
892 1347 80
3943 3744 13
4234 2993 30
2224 1920 6
3171 2642 3
402 804 60
4430 3598 23
140 2281 37
4986 1838 41
4391 2060 62
3542 3508 32
4991 627 13
3254 2456 72
4729 3604 64
188 842 59
4607 1672 34
4550 1304 57
4251 2321 33
4618 1841 54
2890 3647 35
4334 1656 95
363 3630 69
1073 2425 47
3504 4932 15
1595 4290 15
2001 4919 73
545 2140 51
2101 3880 57
3480 4519 54
1061 2720 25
4025 715 27
2765 801 7
2199 1472 51
3198 2227 18
2726 1938 68
1677 4853 38
4020 2829 86
1746 2204 79
1855 3567 80
22 4864 94
7 1006 72
4729 1526 14
4429 3005 54
3986 2694 73
1473 4089 61
2105 490 15
3493 2650 40
3318 1632 18
4953 4250 74
2478 2802 19
4928 394 7
2271 3052 7
978 3532 94
1317 1909 11
1349 2221 89
3941 2739 64
717 2387 30
431 4295 26
1328 1233 10
2905 4481 75
4903 3445 16
2872 4198 85
4031 3762 97
1316 4465 57
573 4449 3
4120 4468 26
1513 3656 10
4838 1543 32
3322 3789 64
830 4046 7
2890 4987 85
51 460 66
2774 3612 9
3261 1256 95
4242 3660 22
617 3583 68
2131 4276 4
2646 1545 10
1507 4111 51
2493 2087 84
1235 310 90
4366 196 88
2606 3234 59
4652 2248 45
4697 3028 14
1300 3030 26
2244 5036 63
3336 2645 98
3299 1618 100
3061 4376 21
394 4459 91
47 1411 8
3849 4325 41
2387 336 14
2339 3147 51
359 2524 19
2544 4863 5
515 4999 91
131 2040 85
4807 3419 62
883 1198 29
379 2273 17
2679 5000 78
1035 359 32
277 497 34
3666 1918 23
3562 681 95
227 1145 28
3528 1557 52
4868 4785 52
4655 457 62
807 4945 60
1258 4333 20
925 1855 69
4374 2304 42
2414 1819 83
4857 3884 98
4103 2203 68
4731 2589 37
2670 2282 85
1986 1975 46
3917 2208 49
1909 168 78
4150 4773 86
2332 1566 49
2775 304 50
3071 1887 75
1750 2876 97
4983 2389 80
1522 3805 88
22 1781 98
3069 1878 35
4917 2265 92
541 2197 69
4360 338 34
2907 236 43
3470 2799 7
89 536 80
1412 1719 18
2937 847 22
966 3571 99
1617 3671 51
4145 3022 37
4544 3780 73
3707 742 73
1198 1074 97
4097 2591 24
1694 1118 8
2354 1824 33
4363 1890 37
3754 4742 94
3429 811 47
3488 3919 33
1563 4282 11
3871 4893 55
3628 1072 27
4876 3295 3
4166 2587 43
4599 3943 41
888 2398 55
2855 4955 100
4848 3170 18
4327 1958 81
4126 3601 20
2323 2860 25
1372 1671 65
1677 3463 56
784 3402 7
1113 1440 82
3189 1390 33
3894 4195 75
4481 156 2
3903 666 24
541 1491 82
2309 613 18
3353 2283 49
4069 1826 6
662 3220 22
2164 477 56
1762 1636 84
4768 4194 28
3469 4405 40
3800 1817 36
976 146 9
2089 2000 32
2751 1662 49
102 4806 19
2219 1910 9
2888 3533 83
4542 3003 73
1591 1995 97
4788 4381 73
2108 1080 84
1470 3499 39
2065 2499 63
3058 4736 23
2794 1218 6
2395 345 48
4467 1288 58
4281 2460 52
3291 1367 14
399 2151 9
1113 2824 69
437 1624 69
2380 4976 55
5010 4243 86
2645 2818 4
3373 4913 45
4998 1217 41
2235 1612 77
4723 4581 64
2808 3244 29
3716 752 88
604 4320 1
4658 1377 23
4527 2077 31
734 4428 98
4185 1970 46
2193 1165 12
1424 4062 51
1720 4809 24
228 3258 30
465 4073 94
3535 33 32
394 4723 60
4154 3979 79
3593 2053 91
2209 1319 42
2315 4869 26
4170 1177 23
949 2954 59
4624 4762 72
4915 3411 54
2296 2904 90
4916 3770 47
4368 3458 36
4652 1279 49
3564 4691 46
3064 4990 77
4768 3555 70
3345 2309 37
3835 4666 84
4090 3578 82
4479 3017 97
1685 3202 4
506 4431 64
2584 975 17
2240 3984 81
3574 4231 59
4113 3349 98
875 3298 77
2029 3153 89
4059 3087 16
2836 4128 53
4676 1208 67
974 2863 18
2184 2730 71
3281 410 65
3597 4384 12
2414 2754 59
1099 3788 56
4815 2970 61
2740 4902 29
592 3526 53
1358 1505 70
3356 3174 55
2108 3689 55
1908 3956 16
1317 3297 25
3296 636 43
3150 3913 39
1749 1070 64
4259 416 7
415 2658 70
3152 3664 84
1221 1386 11
4674 2529 7
3194 3079 62
1349 3949 60
876 3570 16
1589 4544 9
2964 1893 26
2587 3712 44
2684 2288 91
3322 2742 62
303 4670 54
4652 270 12
4586 2763 75
1257 1847 52
1368 2566 71
4046 281 13
4550 1433 50
473 3221 25
3295 2685 41
2777 1066 27
4889 99 21
1647 1812 79
4093 1783 36
4660 4894 67
4994 4939 90
3951 1191 98
1846 2409 51
2064 3251 75
348 718 97
4903 1664 77
2430
709 2835 1536 2544 4895 4242 3316 3001 3491 4841 4941 1788 726 3089 3407 4762 2494 4347 3085 4191 3712 228 3745 2022 210 767 2992 2257 75 4469 1145 4412 2400 258 1386 780 3043 1821 3428 4651 2805 4994 939 4681 4571 3667 4716 3022 1059 4693 4657 1151 4903 3901 1594 5021 1288 2468 4997 2936 3835 1415 607 3971 643 3958 264 193 4850 1236 1682 4075 3268 2746 1565 4331 4092 2591 2847 4281 1947 1980 1064 4672 696 4101 4585 784 3081 2214 2241 1893 5042 4964 1492 3800 2393 2603 1831 4560 2605 1104 4889 508 1257 2076 2503 1469 3029 2856 514 2249 1134 1539 4734 211 660 2271 3695 1525 1854 592 4270 1517 3216 1408 2145 3637 259 985 250 2464 588 974 4184 4519 1323 96 839 954 4517 249 2018 2227 4785 706 3380 3137 2846 1132 3747 24 4238 3394 247 4206 4664 4352 3916 1562 2844 1813 2657 4883 2754 1347 3706 1564 2061 2434 3646 561 2499 2621 297 2726 3783 4160 2498 123 3142 3147 2866 3619 2244 1820 2013 2458 209 74 4338 2311 3509 3913 2067 4520 1755 4603 2970 171 3606 2982 2024 1399 2147 2824 1507 4505 1472 1110 2391 781 3870 1316 1406 836 4796 4063 3212 1591 2527 2443 2264 3885 3930 2723 283 2695 2084 1655 921 1294 3692 2161 2334 1390 2526 611 1201 636 3048 4080 186 3752 2592 257 2159 120 3434 4593 4641 1457 2276 1858 746 4759 1597 4943 2288 1142 412 3005 1568 2125 4452 109 3950 2683 3744 4624 1368 3167 3765 3431 1286 1802 4229 2600 1262 4049 3084 533 1554 2937 758 44 4267 236 4525 2506 655 341 4761 385 1720 4133 3829 756 3587 1311 2939 3217 1427 2278 3422 2100 4470 3721 4979 2008 4312 2164 3972 1699 1505 1053 4961 1354 1180 899 733 1596 1223 3607 71 1990 5000 4551 4670 3358 3774 1365 1290 1515 2442 3982 2954 2782 2612 516 4143 3235 2995 2333 3929 3845 3813 915 1309 672 3625 1690 3791 4592 920 3331 766 3973 3810 1626 2331 313 1357 3314 856 1197 4178 2687 1087 847 3839 744 1644 4575 1161 1265 119 4689 2394 2117 4770 130 421 2310 4015 2205 504 2108 2843 3255 3662 195 2157 2369 686 464 4547 2794 1203 2539 4431 4151 159 2829 3628 689 3757 3586 2065 3492 3792 483 878 3088 3820 676 1242 4773 1367 4856 3568 3061 2330 2919 1063 4926 2382 1635 647 3724 2189 2086 1726 1066 97 715 2825 1480 48 330 4268 3437 2402 2463 1191 238 2466 908 3749 1398 1698 6 4655 87 1533 4196 2973 4031 840 1873 3761 4680 3532 1652 4230 3533 2426 1584 4046 2461 3934 3489 1777 467 4078 3716 4514 3408 4763 4524 4145 3850 3702 3291 49 1748 2990 720 3031 3811 1862 3030 5019 4911 103 4871 3139 4855 1663 1413 4548 4781 4757 1553 3888 355 492 4096 3383 980 168 4401 3731 2649 4766 2172 2840 2589 3541 2485 331 3129 3737 343 1493 3155 5024 4214 3440 3459 551 785 3660 1611 4735 1914 444 1529 1278 3354 1014 4043 1034 2043 1377 4054 4516 3378 4745 4342 958 1245 1987 4103 3410 927 2821 994 4232 1557 2201 1404 3517 1746 1659 4088 1329 3734 413 937 1715 3276 2595 2048 140 802 2588 4962 1403 661 3254 852 3812 813 4397 4741 637 4424 3399 1487 16 3975 1544 4787 4325 4543 491 2081 1210 399 1675 2267 363 3042 2889 2709 202 3227 4359 3201 2864 1972 729 1713 3490 293 3715 2553 4154 458 3743 3808 2578 3763 3928 2907 4074 2522 998 180 3127 3169 4920 4853 984 884 145 254 2345 1387 3596 478 2880 932 1284 3679 618 4496 1401 1095 3234 4140 2972 4138 4461 3462 1436 1614 3859 1671 4053 4568 380 2293 1772 1126 4989 1379 2686 3472 4228 2304 1152 3814 812 1956 567 1975 4185 2781 2800 1524 3998 502 420 5003 2059 1173 2887 3965 4466 3188 2176 3423 1498 4740 2610 1434 1628 1321 4687 4565 443 619 1607 2757 4174 879 157 3535 1062 4738 480 2760 3727 4089 2224 626 3163 3444 1575 2580 2396 3432 1600 369 3443 574 448 2911 1381 1771 2775 270 4326 2809 3797 4265 3023 1734 3013 4361 2300 965 1567 635 3175 3026 3096 2166 791 440 4873 4222 4968 3941 30 2357 3174 4436 2616 3513 4522 521 670 1859 3665 3035 3548 4576 2243 224 5032 2788 4711 3740 3647 2473 3351 4808 141 3324 3527 165 1086 1685 3921 4066 4472 1560 2803 4278 4600 3372 864 717 4507 3280 347 4037 2537 1809 2467 329 3707 1267 2761 2583 1373 725 5011 3505 816 4453 3956 2154 31 4379 2597 4682 3117 2002 3391 4835 4966 3834 4777 2935 1582 2540 1601 3620 1512 1467 242 2910 1128 1458 1589 3469 52 4098 3113 3709 2408 1397 4308 1828 2701 2471 3384 4480 2104 2094 3309 2328 4355 3644 1708 1827 156 360 776 4823 2438 3416 4848 2165 1817 3935 1971 240 4608 2445 4316 1346 3753 65 2944 1763 3623 1218 3379 2238 557 3933 46 77 3476 2156 3697 4831 144 1233 1000 3657 1199 318 3790 4384 3441 4838 3068 3049 3319 4391 3843 2905 1121 4767 1259 3145 3108 2639 774 2340 3530 1617 2693 372 5040 3090 1978 1429 3942 542 4674 1183 2487 4418 890 855 5015 1667 2912 4280 3957 3867 2361 3158 4605 4368 4405 2812 3221 1080 4351 4058 4394 575 4086 3630 3825 4779 2932 2001 4013 208 121 1789 4437 1452 972 1840 67 3027 1220 3591 1581 3436 1428 3659 1878 4673 1717 539 4789 2432 4518 280 4171 3232 2453 718 4523 3347 1547 4068 4750 658 1424 3264 2299 4999 992 2187 2192 3842 4499 4467 772 1937 669 2724 3178 3057 1526 4301 4226 3819 876 4067 1901 3199 337 3714 4260 2744 3413 4292 1453 2099 1374 1057 300 1882 4572 2784 1174 317 1970 4310 3164 1332 3253 1999 941 1069 4081 1366 1636 4491 2988 3780 4108 1140 2804 3083 1989 2920 3741 5001 4016 4422 500 1148 5035 901 2051 2178 2033 549 4625 2325 1949 854 782 4303 3286 5039 3681 4288 4179 4614 3333 4399 427 2572 2250 4938 2729 2318 4370 3521 3187 1044 527 384 4710 4886 638 1509 3778 888 3914 3840 865 4981 685 523 4503 4330 819 2440 3970 91 1384 3315 2481 4637 2017 3522 2068 3153 1351 4285 459 1955 2374 4878 2199 1395 2710 4104 396 583 3417 4719 3297 1921 2906 510 1213 217 1775 3299 2143 652 1905 4697 2384 4010 4992 1961 3060 4798 4546 2570 1115 1688 3480 2343 2956 2406 2228 4294 1908 2795 4899 1187 3803 1930 2774 1967 21 2167 4261 456 1192 4802 2495 3240 4079 3182 4172 4914 532 4566 4321 4272 2436 820 252 933 2349 1031 1253 3065 2079 885 4176 410 1919 335 3857 1196 199 321 3945 4703 1736 2637 2545 4369 2021 1167 2297 625 3836 2736 1870 707 4477 2255 1924 3450 4577 1751 4836 2371 4788 3891 714 1462 3124 4705 4318 4993 66 175 2640 1604 4282 4960 3017 473 2791 2549 1341 305 1863 342 2731 4932 2375 3773 817 2921 835 206 1806 3097 1810 3579 997 1205 1569 155 2817 2285 4866 3442 1091 4842 1576 3536 4709 4190 838 3952 2882 3342 3458 2040 558 757 61 570 1774 2717 3392 982 3047 2111 2607 1843 129 1249 1117 2783 169 271 3236 4531 768 2344 2984 1570 623 307 2706 2202 1248 1825 1419 1904 4293 4529 2401 3927 4748 628 3603 4865 1847 1541 1052 1613 2590 2003 1926 3330 198 4527 4454 1780 3512 404 2922 1786 2567 1842 2802 4597 4685 2884 3144 4901 1461 3880 2767 1234 4628 2502 2118 632 4256 680 1622 2070 4882 2211 2410 5013 4132 434 2963 3230 10 2862 4413 4161 799 2405 1981 4792 2198 469 184 1184 1207 2000 468 2959 1336 3922 2386 1909 3486 336 2316 4435 39 3777 4323 3389 1074 5004 4433 4644 2876 929 225 1254 3136 4487 4880 82 1375 2427 1389 1654 387 1504 814 2152 3830 1583 256 4177 2886 4797 2671 2857 3937 4893 3497 2636 942 3135 1890 1953 2417 4950 708 545 4122 3944 4913 3635 3400 3247 1888 2032 2654 282 4677 4634 3229 788 3499 3107 1637 1263 312 1285 2134 1680 398 4554 3376 1326 603 2698 1440 2916 3947 880 471 719 251 2758 306 447 1004 3923 3356 3999 244 272 2762 1880 2208 666 1883 3629 2613 2027 3222 5026 2206 1791 461 3755 928 3605 358 610 4357 261 3674 2186 3346 2789 993 394 1950 2307 2035 2500 2807 2879 4974 4976 3102 3473 2363 3028 1704 1369 2346 2372 1345 4462 1957 1556 3360 742 918 703 2797 1298 3764 1590 4251 3447 3917 3801 2785 4868 2282 3906 3523 4204 4485 1965 2685 4574 4239 4365 1625 4209 3849 870 3733 2342 2558 4003 695 3598 4147 3225 1289 4898 3051 2078 3590 2390 2365 1548 2218 310 1709 3165 4794 4715 4648 2122 2550 3466 4563 556 4307 304 2979 1133 1072 1478 1032 526 1334 4302 1444 3243 207 3218 2512 3754 1078 3612 5022 3258 1752 2254 4708 4432 702 3798 1082 2650 139 4917 2505 3663 218 4612 3305 2587 2630 2332 517 4874 1432 203 3290 3200 1438 3036 1275 368 2130 3767 4488 843 3170 149 205 1672 2716 2721 3685 2529 4782 3421 1719 4482 4760 2038 3987 333 322 1778 923 4635 851 2028 3689 395 2314 3274 1834 800 1741 4445 2601 4985 357 3224 2771 2727 3693 3959 4253 4890 1279 41 778 1856 5017 164 1891 3882 1866 1902 227 1050 3257 1830 1405 2329 2379 704 1892 3101 3852 1639 2711 4322 4220 4918 4631 1243 3077 463 482 4696 2298 4375 177 2673 936 4921 4277 2704 64 4923 3079 3435 1003 1911 428 3339 593 4706 1250 3572 2451 2742 1516 3960 580 200 325 3588 4638 2813 267 1599 239 1231 474 4223 1193 5038 192 2193 2772 846 529 973 3475 2037 143 2874 3272 3461 2548 3694 2296 2034 2777 95 1046 4610 3452 2480 1165 4775 1946 2543 43 3592 759 1585 4001 1441 640 2668 3256 955 1623 1640 3559 172 2694 17 822 3152 1711 2645 4208 3556 2883 3827 4957 837 1803 2132 2705 3990 1466 319 4584 2715 3075 4426 4948 191 2080 797 248 2149 1916 4444 1024 3515 33 3775 5006 1677 1897 2162 1160 1676 4287 953 1984 4374 3303 1939 2975 1181 4 1124 2504 151 2756 4721 3111 3817 3594 871 1144 1238 2523 830 327 1185 2718 947 391 4197 4290 3439 2666 1392 3267 1743 3678 441 215 4193 4970 2593 4626 3177 113 671 332 762 1871 2624 3762 2428 3728 3978 3980 3146 841 604 3067 1519 3898 683 2020 2098 3020 2732 393 1359 1325 948 4933 4146 1865 4837 26 457 4083 3487 641 2378 681 2934 196 2389 2768 2764 4200 268 1765 1702 922 738 2204 1446 3580 197 505 1306 2681 4729 1695 2248 1855 1111 1475 1917 2838 4606 519 4570 3504 1002 1705 4815 2292 2983 2416 1313 4306 2488 2987 4754 2261 1358 2808 2641 2552 3318 1020 1172 3159 4334 753 1376 3756 1252 20 2421 62 3056 4106 1266 69 1470 106 4876 2047 4182 4116 4128 5008 5005 2898 3994 1801 4026 1135 1578 4559 2836 4017 260 4148 4381 3519 627 2524 4376 3131 3700 1986 2827 917 414 596 4879 108 1630 2858 2234 634 4439 1274 1454 2232 233 3626 3388 79 2489 450 591 1944 535 1473 2676 1964 2796 1443 4967 1315 2497 245 4912 1150 1164 1833 573 2885 1598 2776 2315 452 3889 4975 3323 496 1241 4024 2622 1281 2699 3456 1023 460 2216 2053 1532 4173 1268 2647 3861 241 3126 1222 4910 2517 2006 4006 1872 3012 2457 1815 808 849 3601 4460 2169 1307 3538 1684 1804 2971 2415 1542 3877 1724 2102 1495 693 2852 4189 4712 323 493 3742 3259 3949 586 1175 2320 4279 4645 4457 1783 4339 4506 150 137 2873 4274 497 2490 4944 422 124 3482 4362 2510 3551 3310 2058 1837 2579 786 181 4699 2733 4704 4291 2126 2964 122 2462 2745 1105 1328 4756 4737 4164 2190 2957 1794 547 2868 1479 214 183 3992 4032 446 2274 407 2144 903 525 1383 3969 4085 4350 316 4755 1327 3638 408 712 2312 1739 2633 5028 1712 1198 4061 2958 3176 3687 4688 3295 824 1410 2339 1915 3336 1147 116 4100 3172 3508 566 3132 3735 4252 28 1261 4217 4033 3382 3550 1322 4044 3189 3357 3185 4908 2171 3160 1729 2120 4684 1040 1090 1546 1898 4594 3250 4490 1668 665 1731 4892 2352 4211 912 2269 3669 3574 2976 2828 4254 4023 3684 3863 146 2414 51 1923 3555 4183 3546 887 4358 3054 4025 18 1849 3301 3448 4854 2786 3134 2364 4535 3671 1291 3140 3226 663 740 1005 188 3981 3799 367 2663 388 798 32 4885 40 872 3661 4489 4742 1933 4484 3738 3866 4275 4675 3988 4165 2848 365 4113 4671 4569 1645 5044 1881 1885 4186 651 4586 4793 805 100 3281 3194 3496 2472 4934 644 1805 353 571 4299 1929 2138 1823 3340 2220 3881 2623 3365 1094 4803 2826 2258 3953 2658 3110 154 4814 3501 930 3313 4039 2719 1973 2139 2268 2062 2074 3204 2474 2313 4727 2561 263 3041 418 2026 3823 4131 1051 3636 1808 1733 1483 4743 1310 4947 3723 2627 2337 4998 1075 4297 2207 3539 4573 589 12 4588 543 2338 1573 3093 3275 2321 1297 1826 4858 2902 4111 4826 1838 3892 4035 1282 3312 2530 1296 3701 1844 3542 2661 1527 2598 735 68 925 2674 3412 1122 4541 4451 4801 4262 2584 1649 3271 1013 4723 499 4298 4583 3673 4474 4598 2652 2532 3655 3398 1464 2124 479 4289 411 630 1848 2441 4562 2476 1190 4192 3769 4988 2277 3854 804 472 1627 401 4341 2998 2609 2996 1448 3565 4510 825 2418 1907 3676 4034 1730 2562
