503 300
437 328 8
214 70 87
281 175 94
267 3 21
373 481 43
265 361 39
472 72 20
111 444 31
382 381 27
445 68 58
57 178 82
233 35 78
419 360 81
123 280 21
176 265 67
314 145 74
499 260 98
253 429 24
389 315 39
39 341 42
128 385 62
421 92 96
484 204 25
227 222 57
487 309 87
467 48 29
284 150 56
322 464 24
434 52 31
75 106 30
88 215 36
284 231 25
355 137 89
123 127 48
67 457 39
324 394 12
304 422 33
274 46 7
440 30 21
74 281 19
436 334 51
277 187 58
395 83 41
287 461 73
457 16 18
241 196 55
150 101 76
289 14 48
503 357 45
242 449 5
190 499 5
297 482 58
483 125 69
316 13 1
231 86 70
29 110 38
383 166 78
283 418 80
237 173 57
62 393 97
59 400 26
308 118 62
172 102 81
296 12 62
73 183 24
387 51 42
140 246 97
159 502 33
47 240 57
261 161 33
190 233 6
391 155 50
487 255 56
253 495 100
257 359 69
13 431 21
97 184 92
374 211 7
445 402 74
343 157 65
62 428 19
199 337 71
366 417 37
318 18 96
286 10 16
138 202 59
454 176 14
388 477 61
485 186 16
55 364 19
416 498 16
159 37 39
346 303 93
27 408 79
202 436 36
500 45 99
297 164 40
260 343 83
275 136 2
434 207 67
95 169 14
420 366 30
156 342 21
57 91 28
67 392 16
362 383 98
404 278 77
260 113 84
452 353 50
499 40 16
244 484 59
68 270 100
411 162 17
404 126 3
330 179 33
193 80 52
152 293 32
267 59 65
292 149 48
405 368 91
246 276 14
374 313 28
253 391 15
456 306 68
47 111 79
32 416 100
186 76 31
275 501 100
472 452 64
490 63 59
152 104 20
120 174 36
497 475 35
72 232 10
404 172 49
447 9 46
201 288 81
101 225 51
158 347 51
330 193 80
359 390 84
434 209 23
106 355 78
2 446 95
95 78 21
278 108 89
310 148 94
49 26 23
378 322 66
244 302 18
95 377 31
403 81 61
220 47 54
315 486 64
212 300 35
140 103 30
75 197 18
392 199 35
170 154 46
351 273 79
162 20 97
227 138 80
478 450 11
369 66 4
484 38 72
253 28 30
184 470 56
49 223 92
476 219 92
389 213 86
354 456 16
484 264 61
370 339 5
220 107 41
223 448 4
209 180 47
1 330 68
473 267 56
18 239 23
291 317 15
220 415 7
347 437 73
33 116 64
194 79 14
109 318 4
473 414 28
267 286 3
236 160 6
466 194 56
313 426 23
377 274 60
289 156 66
483 67 9
273 340 81
313 50 99
107 65 86
198 500 85
139 34 27
370 141 11
240 412 73
346 71 20
282 238 83
423 95 63
72 144 71
49 304 50
5 182 52
244 296 59
465 335 86
330 100 61
38 413 30
53 397 86
5 285 81
101 467 60
382 438 28
203 53 26
316 295 60
186 228 33
345 351 92
49 434 95
14 282 75
239 411 75
503 427 36
405 331 32
496 43 25
454 396 7
169 221 81
100 241 90
324 492 21
428 254 66
498 399 69
40 489 64
111 201 43
284 44 71
100 258 6
156 94 39
244 454 62
363 284 26
263 189 22
222 8 16
473 388 85
226 99 43
419 252 65
367 268 84
75 122 14
241 36 10
95 483 94
258 387 24
213 376 69
179 226 88
39 27 36
373 32 85
482 87 44
375 153 97
8 89 75
452 424 58
457 275 70
304 384 16
207 227 16
335 124 57
434 77 8
220 292 60
362 245 35
233 2 64
44 61 88
124 56 30
100 389 8
472 455 63
433 372 72
227 167 43
262 57 34
473 290 67
95 192 30
378 242 74
215 112 52
163 401 47
227 123 51
244 299 64
403 206 47
156 493 46
129 262 78
364 21 70
445 319 25
339 181 17
164 432 94
483 487 55
322 98 24
399 115 12
330 421 14
459 198 28
351 212 82
389 488 81
102 476 27
393 234 28
244 478 46
393 210 2
233 263 67
62 229 70
343 329 70
434 485 55
241 236 21
499 117 93
274 326 33
292 496 55
224 216 11
202 230 56
32 287 57
423 459 36
210 259 1
420 407 92
49 405 34
330 472 31
72 462 76
314 356 45
5 420 10
389 321 57
210 185 23
362 441 90
454 269 24
111 4 35
5 316 68
109 24 29
395 151 95
25 19 100
456 163 30
355 289 48
494 443 55
111 324 54
210 247 90
18 294 9
113 74 97
84 105 66
417 469 52
393 409 46
378 395 6
307 271 7
296 214 97
465 6 100
366 382 30
257 471 44
481 168 21
296 365 2
100 465 33
318 344 52
93 460 24
147 367 83
381 31 73
403 332 7
192 346 24
240 451 30
95 374 97
389 208 95
376 298 34
434 243 51
100 354 31
202 305 84
217 132 94
36 320 56
256 491 63
499 380 13
396 128 57
479 307 90
60 312 17
441 379 54
66 217 35
50 139 32
26 403 93
210 188 76
336 323 5
389 490 70
120 142 11
140 440 87
113 447 59
200 310 99
499 369 59
285 119 26
289 348 71
455 55 97
207 158 11
95 363 34
318 93 28
465 244 31
109 272 94
345 159 3
488 283 17
184 60 85
25 435 30
487 503 77
232 170 77
203 349 15
61 458 42
25 84 38
470 171 30
285 152 91
137 333 31
147 133 29
49 39 76
46 7 69
401 358 9
173 114 9
274 129 70
260 479 79
223 445 11
362 442 7
296 336 46
6 430 78
500 195 19
64 135 44
1 190 31
75 325 69
421 64 2
454 256 45
111 314 11
297 42 44
244 386 7
369 131 71
190 49 77
52 41 82
124 85 87
354 75 40
273 308 20
436 90 69
475 474 64
314 425 33
227 453 64
78 279 38
481 311 76
72 362 100
393 257 1
314 165 97
348 177 34
339 69 30
169 120 95
158 130 90
433 73 3
49 373 5
253 497 54
296 58 66
24 191 79
292 291 94
386 97 78
1 404 78
499 261 2
158 250 43
207 251 18
396 33 84
499 301 58
476 224 46
433 17 38
359 345 15
227 62 88
134 140 92
420 143 49
330 5 65
284 375 80
297 248 94
62 463 35
130 134 49
465 352 4
95 327 72
201 350 41
244 433 89
373 370 24
158 109 100
423 253 65
89 406 31
447 23 89
499 473 79
236 200 16
315 218 30
213 480 36
402 235 30
389 468 71
240 266 49
83 121 93
387 205 55
62 29 13
112 371 69
302 54 81
137 439 29
325 494 45
292 22 30
472 423 3
184 15 24
354 25 48
465 338 84
60 96 19
297 82 61
135 398 77
95 237 16
38 249 77
78 378 55
487 146 59
479 203 64
330 297 29
131 410 83
227 466 14
343 277 1
261 88 10
222 419 18
87 11 40
472 220 40
109 147 85
0

