5032 3258
2914 3491 10
1187 2589 63
4307 3814 52
4289 4345 92
3261 156 46
4367 3972 4
4341 3667 65
3587 1507 44
801 54 43
3600 3172 23
2331 648 67
3496 2432 56
1772 476 46
1105 2227 83
4820 4366 92
3219 501 37
1861 4422 3
1290 2324 41
5015 5014 15
914 2539 93
2992 2720 27
168 4556 25
4479 174 52
2236 3997 72
2181 1469 62
3146 290 62
1522 3587 31
1824 3784 49
3150 1379 70
4997 4178 70
2647 2672 15
4800 4732 3
1675 497 41
1895 2794 38
2692 3453 78
4032 1085 48
4736 718 63
578 2017 42
4732 2816 69
4107 1516 14
4539 2667 16
4524 230 51
1238 4396 33
4704 1540 68
102 1084 79
4036 3395 36
851 3187 31
1424 84 28
4304 753 62
2554 2504 99
4088 3058 56
3946 4948 80
4828 4865 6
3229 4804 11
412 1091 30
2037 1350 12
3089 2682 71
588 4197 63
1017 908 32
551 3959 22
1681 1354 18
1571 1041 33
1864 3104 8
3805 1005 85
529 4665 68
1659 3596 73
250 2815 89
583 3553 89
1275 2390 40
4513 4612 42
633 4867 47
3647 3750 98
2942 289 75
2746 3049 1
622 2127 11
1815 408 71
4625 3735 5
1462 382 35
2577 4787 16
1352 2862 44
3804 73 39
535 4397 4
603 1692 43
1 4433 53
3954 2117 47
3790 1501 14
4316 2085 91
1458 733 18
4383 4722 27
1118 342 68
3716 3725 44
4723 3937 24
2014 2745 16
1 3225 79
186 4939 19
1222 798 24
740 1878 2
4769 381 79
1473 4897 58
1742 2090 48
1748 1797 18
126 166 41
3487 291 1
139 4959 90
4189 1028 35
391 463 22
792 4637 91
1 4723 46
3452 3625 71
4667 3683 38
1935 2461 51
1975 421 55
2068 3796 2
1893 5028 41
1850 4112 95
4534 3574 84
1146 1809 2
251 1555 64
4425 3411 32
2701 3724 1
4081 3344 75
3720 1939 55
584 4546 62
1705 2724 57
3228 1524 36
2952 1745 69
4371 2769 26
2205 3583 68
4444 1829 35
2350 722 96
4203 1661 83
1233 1862 22
990 4926 23
4433 4499 28
2764 870 96
258 1099 58
4812 4925 28
2464 1889 2
3809 2106 28
3363 2063 93
1384 817 56
1411 4044 35
584 3286 26
4596 1294 64
2651 2400 42
626 3498 9
1745 4339 35
52 677 60
4939 1065 13
3091 4054 96
412 152 44
2805 3420 8
2143 1103 49
116 1930 15
4047 83 6
4686 4930 11
3685 4240 20
4512 2413 84
2632 1433 91
408 4403 24
4324 3311 80
131 2075 66
4249 1868 48
3313 4750 51
842 1802 6
1320 1307 33
105 2719 73
3373 2798 55
3150 1948 19
4326 4332 82
2510 1608 26
2372 3806 40
2983 4295 6
2815 944 33
2554 2602 68
1803 3681 97
1878 3528 28
1081 2567 42
2697 4101 92
3819 538 54
2744 4585 72
422 2123 26
2794 3588 89
3441 4294 10
1829 3635 36
3385 710 23
862 3837 34
3221 602 29
2647 3716 70
126 2581 79
961 1299 68
1978 1206 21
571 992 18
2151 3548 11
3708 521 89
3952 2214 21
1384 4789 19
3543 1360 34
4877 3656 76
290 2170 10
1078 3504 1
4678 3103 89
3533 313 37
4961 3017 74
352 3916 99
2663 208 57
2791 1020 65
1444 4138 92
2698 391 15
2694 131 10
95 525 8
2644 3545 51
782 343 36
2175 2441 90
4322 1717 90
4389 2722 33
4250 3556 27
2357 2058 84
723 4873 61
664 4764 40
3979 4720 48
1594 4905 60
578 903 52
1141 1615 53
3103 1262 50
684 3864 15
2726 2006 20
3204 4742 3
4285 3565 45
3814 3033 39
2918 2707 39
4524 4430 9
1401 4076 47
1348 1108 90
966 641 32
1815 378 86
3414 446 70
230 3178 95
724 5009 90
43 4548 94
534 1656 76
868 1077 11
4311 4886 39
3089 1884 38
2068 1785 89
4960 142 85
4422 4000 77
3089 4491 17
644 1254 10
2902 1828 11
2603 1128 9
2074 4058 91
1473 4245 78
1603 2962 62
4286 4520 87
2179 3662 35
1418 2619 91
587 2966 71
2679 2024 64
3387 4227 22
479 3786 88
3610 3228 62
781 3560 67
989 793 100
4864 4890 78
616 3141 63
2315 3654 48
2701 4721 97
1288 726 29
1073 1893 41
1281 2427 72
2153 4985 41
3271 4503 40
820 909 14
2817 4658 43
3960 1831 33
2839 1053 75
1160 129 41
2827 1997 42
3580 1787 80
2219 4461 67
676 910 91
2791 3467 1
1963 1579 91
2949 932 89
901 1452 76
639 269 93
4879 199 14
4146 2179 68
2053 991 6
1319 2913 62
2643 92 89
4373 2191 46
2860 180 76
2750 795 68
3313 2072 8
4044 1306 57
2192 1229 97
697 1550 8
3318 2624 84
678 57 86
2629 4179 59
2628 3001 96
1329 4174 47
4550 3129 23
3177 423 40
2236 2665 7
1757 1888 89
529 341 37
2070 3045 59
3638 1527 30
2106 1434 79
3933 3980 22
960 3935 78
4436 1630 27
3699 3446 74
630 256 27
215 2065 77
4752 4481 88
4863 3396 53
574 3510 10
1372 181 18
3600 2758 30
3465 2928 18
74 4670 19
2565 75 84
2292 4566 100
3035 1951 28
1293 2206 42
3547 3125 86
4214 4484 85
4433 1191 29
2462 4876 19
4674 1378 29
1087 2309 67
828 3666 39
1517 978 12
311 3818 1
601 89 98
4833 3200 72
1458 1815 73
408 355 23
184 4186 17
372 3764 86
4708 1476 98
3519 2870 8
4311 1345 1
4444 2274 69
3164 1037 48
3351 1561 2
4709 3257 59
871 4979 76
692 1538 91
4920 2490 12
1776 4220 3
1407 4226 17
338 2482 58
4719 2822 66
533 4342 24
144 2196 23
2462 1706 18
527 1866 75
5015 3659 6
3184 1694 44
1757 4508 13
2431 4900 24
1963 1241 26
2478 3561 26
1585 4382 65
3014 4427 42
4961 2312 47
637 3196 90
715 2756 4
1966 3901 99
3590 3559 11
2125 4033 45
1608 4150 31
3918 2401 78
4395 4802 38
1362 1327 62
3633 4215 3
2342 2081 96
3382 2659 11
3618 2597 95
2436 1520 93
2181 1780 11
1594 938 68
3890 4903 73
4121 5017 58
3445 1924 66
2467 375 96
4683 49 3
917 2156 31
1288 2910 57
736 2551 82
2528 4252 44
2398 3352 44
2983 738 88
3384 763 69
2946 1238 41
2620 4753 4
1979 2831 51
4840 3924 62
3126 1189 22
2456 3677 88
3978 339 74
796 3021 54
2365 3137 61
2403 4701 74
537 853 26
1961 2876 68
2144 3334 99
4752 2478 18
4914 78 58
3075 2184 67
3988 973 99
1710 4042 18
2167 2648 38
622 2174 68
3183 2743 41
1510 2263 34
4406 1687 5
4603 2716 2
97 1358 52
1932 4167 22
2946 3219 78
1469 1374 16
14 840 54
4702 3158 93
1716 4089 87
1944 4778 6
4597 4071 76
4842 3216 58
1056 4517 31
4307 2904 25
2031 2806 37
4102 2663 80
1961 2098 19
1345 3 93
740 1437 37
4435 4096 80
4470 4055 27
584 3319 60
4968 4165 5
2178 3270 90
3424 638 34
1786 1686 100
83 1296 11
4456 2412 76
559 1756 79
110 4263 26
858 948 40
3054 4512 28
1051 1057 37
271 3360 99
4589 2305 62
4680 4936 63
2734 4134 17
3134 2455 18
1254 5019 34
405 1648 28
504 3143 13
346 721 10
3349 2881 87
3978 3194 48
3507 277 65
4047 1729 25
1146 2953 19
1308 4756 54
559 1510 71
865 71 1
311 4841 86
4337 587 68
1772 860 93
107 194 7
4733 3159 4
3604 4052 87
18 1405 23
1635 2079 31
3791 3081 13
2628 3538 67
820 502 10
1599 2260 76
4798 4642 91
2957 1252 51
250 219 98
3342 4801 44
1898 1592 62
4981 2774 28
1903 3670 97
4267 2717 24
1002 3181 48
1497 1134 49
2564 4958 73
1213 1400 27
1149 546 51
3921 3637 19
1579 283 48
3409 3451 92
3199 1415 73
968 3688 58
145 4127 14
2714 4246 88
349 2979 80
4906 3413 1
1492 2375 21
5032 3856 80
4820 3903 38
1913 2670 37
465 4522 94
285 1398 33
1002 2932 73
2973 4232 64
858 402 72
3672 1353 69
673 3885 17
3772 4651 35
315 603 75
3125 2764 90
4086 2809 72
740 4740 71
2129 1644 32
1808 856 7
1013 2864 66
378 3987 27
4610 1177 84
811 278 36
3539 4558 35
1800 2964 97
820 188 95
4986 3005 49
1631 1577 22
4358 2800 38
2985 1382 9
1641 4965 99
4027 4448 18
3593 4640 13
3534 327 69
2576 5015 70
3889 876 18
3441 919 1
1390 66 86
2550 1800 45
2500 4258 54
3526 3275 1
4969 620 11
989 4190 7
1345 404 19
2964 1794 56
2750 4196 95
3198 3124 68
4389 1825 16
3182 608 3
2448 4902 73
4936 3077 70
4258 3016 36
3049 189 83
3958 2879 48
1 2092 97
1847 19 19
1558 1701 20
122 701 38
1275 2585 21
644 2118 67
4840 552 82
3574 2849 8
4143 4846 90
2399 1373 68
789 3042 75
4163 2200 11
1293 561 49
2820 1817 34
4931 3567 27
2205 803 83
4157 2495 81
935 3063 52
2514 4776 68
763 1139 31
2683 1068 57
4170 1249 54
1353 4598 20
3411 808 94
4969 2237 6
1553 1448 94
144 595 36
3978 3618 76
3306 87 4
2150 4844 30
48 3038 50
1100 1113 8
196 1991 67
4225 3974 10
4311 782 61
4621 1574 93
4036 2982 100
3978 354 46
2880 941 54
772 4458 21
3633 1058 67
4300 3793 57
1701 1492 61
445 4573 19
4650 3617 81
1133 4619 86
3135 487 17
5005 544 41
4906 1607 85
2306 2095 79
902 4031 1
4094 2213 87
990 477 88
127 2131 61
2708 2753 69
1343 3402 51
4687 1339 71
386 1861 31
2298 2537 13
3323 2269 58
4107 3976 36
2289 4888 62
3394 1542 84
4519 1219 42
3805 3697 67
3766 4692 73
1298 252 65
1498 4144 69
2876 3109 4
960 4163 35
783 767 37
4137 214 41
3611 18 34
1459 2780 20
454 2105 39
2271 2600 8
1098 4443 41
145 639 77
4381 1156 100
1 4657 33
3651 644 99
66 3909 52
9 4769 7
2176 2525 13
3000 1250 80
4592 1234 99
207 2380 87
4382 1310 8
3672 4759 100
1859 864 53
2192 4698 32
868 2516 78
3489 4898 49
4121 3240 83
3088 4329 82
1851 2936 30
1274 3439 73
4408 331 91
2323 4025 3
2410 3484 49
1615 1024 20
2214 3495 74
1205 4194 48
2587 3949 98
1715 1237 8
188 1575 31
4195 4845 43
3563 3363 40
646 3114 28
1979 1613 82
1829 3911 78
411 2840 28
3308 3658 12
2988 1181 20
3948 3686 97
2652 259 75
1800 754 64
846 3986 7
584 2336 7
3174 4792 69
4993 2616 47
3696 4104 84
2372 637 3
378 4766 64
1357 4827 73
574 1014 92
4801 935 95
3166 3010 83
4660 1521 36
4061 3085 16
3398 3231 68
1137 4268 31
1940 1478 66
1084 1429 40
4604 4425 78
4785 616 67
2177 554 41
2189 1440 68
1298 258 3
4716 1778 59
1097 1711 13
2525 2405 44
4163 3321 41
871 675 87
1389 4758 72
1131 2273 16
3730 806 63
232 4283 93
3155 4334 54
632 1029 58
4986 2951 26
3166 2520 92
2546 4695 66
4930 5032 58
2955 2866 76
4607 3384 30
1701 3675 65
1025 455 82
4960 1436 3
5025 1106 90
1043 2699 33
1915 4796 23
3397 2219 88
1639 2046 16
3915 2646 75
2216 387 46
4960 1932 33
1750 3823 2
2251 4184 64
4122 1625 68
4323 97 49
3478 3127 87
2756 3082 88
1940 367 98
4780 3047 82
2833 494 13
1337 976 4
2729 665 99
3308 1691 1
2126 3838 92
1002 4447 12
1902 1331 6
370 3741 5
2725 4470 21
4027 1770 12
3398 2087 65
4557 4805 100
1915 2311 32
298 747 22
863 828 35
1955 368 22
4435 3190 75
4057 1568 53
3504 2497 67
4665 4412 37
4526 3266 13
2265 4811 23
3548 2533 12
120 3155 97
4282 426 78
3461 3645 39
2207 4694 81
2867 1100 70
170 3293 73
3631 2414 62
643 3722 48
627 3390 34
2396 3055 97
1282 4151 32
3952 1222 28
1354 448 48
1373 3145 46
3294 2969 93
953 4238 37
4524 442 9
4170 2379 9
3436 2406 80
140 4771 70
1066 353 26
861 551 43
1390 2480 33
3064 2789 83
3035 432 61
2017 1457 29
1703 3854 67
295 599 74
3385 4187 32
2096 4518 100
3013 1483 79
4355 267 30
3996 3605 95
1111 2231 7
738 3771 8
3481 4611 79
1593 4204 2
624 2770 34
1020 3595 40
1297 2330 38
744 4264 23
742 2285 29
3556 2556 72
2272 2382 57
1392 1487 58
3060 4344 95
2652 176 86
3284 1963 10
222 2289 2
2002 193 50
3705 4790 42
1717 1680 57
888 1905 76
49 3283 22
4311 3789 46
1005 2606 2
2708 2931 42
1049 2914 18
1252 2557 51
3198 3253 4
2779 2623 29
3416 4682 75
1624 1485 50
3801 4751 6
14 1224 89
3373 4832 60
3789 47 52
1141 1305 48
2634 4984 77
1107 3215 60
529 2296 86
2431 507 5
4908 1846 77
2913 810 30
1914 4378 40
4394 3537 48
218 3232 11
2869 28 89
3169 2681 57
4073 2728 49
2577 1450 12
3704 4561 47
2239 2369 16
3357 3597 4
2096 425 3
2974 401 12
2534 1371 36
2865 2359 80
221 4053 86
3698 149 43
3826 491 72
2264 3942 68
3358 3463 18
524 2242 99
2677 1960 72
3911 1565 54
2293 5031 53
2758 1915 25
1096 3406 31
4123 1566 91
2829 1287 86
290 3720 60
1975 764 13
2701 1015 18
3717 365 61
4650 1860 16
4942 3165 3
2795 3084 2
2425 4354 9
1781 3287 43
3010 682 94
3225 158 96
3834 3072 89
2815 2099 11
386 420 10
3246 3039 100
814 2835 40
3584 2440 23
1611 1092 1
4047 99 83
4065 3318 52
1380 2397 61
102 4812 90
3958 2591 7
4291 1646 77
3625 4741 47
2572 1083 66
1313 4728 50
337 1490 89
237 4588 25
872 5018 59
3631 3436 74
4131 3646 1
4809 4480 74
2865 4171 26
1966 3112 39
3572 196 28
525 1319 26
4346 4624 39
990 4316 79
4322 4762 87
3211 3502 11
3623 3105 9
3948 2347 31
447 3428 44
4538 3256 78
1073 4214 13
1111 4672 63
3372 4483 72
972 4675 28
940 2783 98
3933 3941 30
1463 2965 75
2534 4541 33
3363 1104 34
4867 3189 88
3477 2003 87
2714 4746 10
4051 2241 60
1277 4388 72
3107 3711 20
1166 3611 3
3079 3316 75
1370 3464 26
3360 1123 59
3134 4116 69
62 4982 37
3711 4094 64
4231 3169 39
3411 3947 86
4841 2306 2
863 3828 2
890 4032 28
3058 1709 83
1657 4660 32
2992 1255 95
647 1066 70
3166 927 44
1275 3802 23
4143 2662 96
4553 2664 88
4289 1356 64
2315 299 49
2336 557 14
4013 532 87
2647 2725 23
4812 724 43
2584 3163 85
1207 1482 19
1181 2211 59
3899 3965 33
3764 1537 72
3655 568 70
5027 1449 77
10 4156 8
1383 1806 51
2377 69 80
220 1325 6
3447 4523 13
66 1665 38
1837 1624 39
2692 3098 85
1809 173 44
407 842 5
1134 4650 52
3819 4679 44
1783 44 36
2847 4253 84
749 3503 93
3288 247 28
2372 566 68
3869 1514 37
2518 2358 37
138 1737 48
132 1509 70
1921 4666 69
3962 3389 95
2299 2668 1
252 755 79
4809 3832 32
4454 4314 9
503 940 3
1268 2217 92
3091 1571 55
1424 2694 16
858 2586 85
346 4576 46
4968 2959 86
3043 1643 6
1010 1604 25
1649 3053 27
1275 2726 50
1198 4602 44
706 3337 94
2459 1082 26
567 1417 23
2475 179 23
45 1518 19
2933 4932 36
1198 742 42
1502 631 7
4749 3100 45
3509 3046 71
3514 1270 81
3010 1844 39
621 2448 56
3154 4037 16
3404 4336 18
2631 3265 49
4989 2727 66
2897 1619 51
4494 3008 95
3313 1138 10
4368 2360 98
1723 618 49
243 1038 19
1612 248 14
3784 5030 7
1333 1640 39
4649 2956 84
1350 965 90
2372 4440 20
2998 4933 70
4708 2978 60
4922 2987 52
2038 3359 11
2476 3744 39
3868 3304 73
2311 2871 48
4225 2198 32
360 3062 7
4311 678 97
2200 2757 12
1952 4962 62
3195 1695 61
3701 1563 27
3710 4009 48
4479 1463 60
588 4615 19
851 3604 56
1798 4172 59
3195 4733 15
4244 3470 14
2567 2807 48
424 2291 71
117 1916 15
3571 3108 93
1558 1032 1
715 4953 84
2532 2643 91
2042 2473 61
2192 1141 64
956 4434 36
1370 4964 29
4441 1268 99
4045 1499 15
2698 3549 23
102 2349 91
495 4950 8
618 3245 70
3809 116 92
961 713 57
3600 2343 9
2459 4351 80
1070 1243 10
3754 3148 56
2781 2368 70
1941 3858 17
4494 741 65
1331 4442 79
3504 4895 97
4366 5003 17
3796 3792 94
343 488 62
4137 2236 21
3753 698 39
3389 4970 5
4198 4202 77
789 4519 41
3313 1335 25
754 1372 70
1790 2818 94
1169 140 21
2826 2776 13
1618 3844 53
4649 1295 31
3006 4201 49
1247 4317 74
1295 326 5
2095 4297 42
4045 2986 53
3219 689 71
4439 777 8
1074 1081 35
3367 1531 63
4149 1941 71
3610 2704 33
4157 1685 17
2572 3022 7
3806 2097 95
296 445 27
3979 2202 20
2514 916 90
688 2101 75
4378 2890 68
315 628 99
2496 3775 55
4000 4092 43
4311 2560 40
4604 1504 68
145 2554 71
1672 4291 96
1149 2186 84
1051 1903 54
412 82 62
2784 3444 74
2578 48 73
2135 1872 57
2750 1782 60
3465 2996 62
1557 1159 49
1683 4821 15
347 4807 56
2115 4280 14
2850 3879 15
90 4271 56
2451 515 92
1313 431 99
3967 3765 25
4986 861 46
3004 3027 15
3287 1439 50
3014 4049 7
2319 2961 3
4168 1473 53
1744 323 78
3559 3056 7
1937 1311 15
3579 2740 17
4490 2535 9
3999 1582 2
1663 2576 51
1657 679 77
3342 1110 43
1867 2261 28
2088 2945 10
2253 2939 48
2050 967 44
3150 253 38
3797 4400 96
1030 2721 36
379 912 6
4452 4301 97
4621 3928 86
2251 4013 46
2625 3738 19
3494 1532 27
2106 1338 23
2348 2320 12
3638 3080 34
364 2313 61
114 2299 12
901 1609 39
1675 3970 39
3461 397 86
3060 4677 40
3334 3168 74
1195 2479 64
1536 1664 73
2678 4107 81
699 2562 66
1527 1958 13
1510 493 67
375 2652 73
311 2437 82
1518 2014 88
4914 4039 5
112 2229 38
1595 2957 56
3596 3508 77
2782 2410 98
1400 734 71
2637 2130 88
2160 850 5
80 2364 9
4191 3930 69
2145 922 32
3260 3242 89
1805 4610 80
534 3490 3
490 3440 35
2641 1313 28
1031 273 23
3383 1586 69
4686 3571 84
296 2150 39
1434 539 52
4073 3475 68
3471 3821 55
4433 990 66
4183 854 76
3425 4947 79
1435 1734 35
2775 3615 82
472 3354 60
3907 359 7
1529 4972 14
2867 4411 33
1647 1852 51
885 271 49
3555 4292 80
136 697 37
4973 305 33
338 809 94
626 2279 36
2247 1186 97
2250 3536 26
4687 1026 38
4743 4490 57
484 436 78
3146 4649 60
3547 1147 91
2586 4653 71
2933 2025 13
3442 3248 58
1839 270 46
2922 4830 67
1908 4856 18
1233 3111 9
4089 4090 22
4736 3889 93
4955 1162 89
4959 3218 69
4415 3599 54
2381 3093 3
4181 2713 23
3718 2031 63
2152 2007 27
420 330 52
1281 894 29
66 3211 87
4861 4073 52
2988 3273 84
136 1788 57
52 859 40
2342 1446 17
1893 3274 62
2105 1548 31
3660 984 94
3331 361 27
1895 2251 62
2986 371 10
528 1746 59
4307 1393 37
412 1750 36
2081 439 63
322 3668 14
311 1212 53
4441 2750 54
1587 1421 36
3477 4241 11
496 3048 45
1577 1628 86
781 3004 75
2253 352 11
3184 2317 71
2345 1810 6
66 102 74
3965 4070 11
4657 2692 63
4164 2723 60
2307 1984 41
4836 1784 24
2591 3009 77
2144 2629 93
3822 3944 31
2241 825 86
4771 1251 63
4441 3746 8
4308 2433 66
1956 1286 71
4389 198 10
3958 2246 72
2616 556 35
3394 1749 85
2726 1420 81
3442 3461 96
960 261 24
4470 4137 58
4752 3576 30
2001 4608 46
4486 4952 14
730 1833 99
1021 4697 26
4795 1046 13
3576 3913 21
4615 1198 66
222 3593 6
531 376 45
4590 1148 9
2293 2416 62
2126 2592 66
3637 393 96
1837 2315 28
2804 2645 93
4122 4946 16
4655 714 84
3474 2377 93
222 3011 49
3220 3227 71
875 1946 19
1912 4320 18
2036 101 25
4745 1587 68
977 880 39
1497 4631 2
1576 1438 77
3933 3799 27
4069 838 47
24 4445 70
4196 4062 54
1969 3526 46
1839 2762 41
852 1297 50
2388 1093 4
1908 282 5
4308 4782 23
1177 2344 86
2615 4311 80
1073 3988 49
2735 3412 84
1729 2759 69
496 3209 21
3070 2660 30
836 4203 84
1345 1213 36
3712 2555 27
375 4180 72
2602 6 31
1884 4990 41
3001 4019 37
2526 4338 89
1593 4287 35
1108 1105 79
3912 320 80
4307 906 59
4056 1076 77
425 3981 63
1763 2221 3
4688 3912 76
95 3051 84
4838 1578 68
4425 2907 99
1373 2729 20
1070 784 75
2269 1759 21
1190 2580 74
4877 723 83
4446 2976 69
3823 2468 28
200 1391 87
4923 2837 53
2551 1798 99
4464 314 91
205 4686 75
4046 2404 94
4397 2988 42
4645 3827 72
3779 924 65
3294 2339 86
524 1205 87
145 736 87
1432 1733 73
3733 2930 56
3818 5011 53
4032 3921 60
533 1503 28
2272 633 27
4670 243 10
1697 3290 28
3020 2039 48
461 3917 78
4088 2477 68
894 805 64
2834 3877 57
372 585 83
3894 104 32
3334 3579 84
3302 1214 91
296 2943 37
1069 4498 76
3890 3957 100
4690 3401 93
2696 1634 94
3904 1987 37
154 237 78
1233 4527 74
293 3603 54
3820 2197 10
4609 1842 97
4355 3926 57
4341 3221 60
4864 2386 73
4470 2307 74
3651 138 73
33 964 61
1448 96 23
3409 1671 78
2704 207 51
2673 4552 58
2333 4390 81
4276 3570 100
177 3650 90
4477 617 98
4690 2354 76
3045 3030 17
1358 4452 91
1500 1119 43
130 3700 72
4524 893 65
675 3285 31
3916 1008 53
2665 3101 33
586 134 65
1625 1184 48
5032 3506 31
3788 2000 30
4750 2372 91
3211 4289 83
4420 2513 81
1069 1765 43
583 2256 15
4630 597 12
391 2611 89
1383 3704 24
2769 1190 38
172 4966 33
4378 4580 3
2737 3945 46
1433 1840 92
2280 1387 63
181 1472 84
2395 1744 16
4687 3773 70
4724 3069 7
2436 2626 22
4717 1460 34
3158 889 48
606 655 1
590 4288 23
445 2100 36
3916 3607 19
340 4921 97
2223 4293 68
379 1363 22
660 1362 76
4991 216 53
4335 4938 15
4678 338 52
2197 4387 88
845 1466 80
4812 5004 33
4597 2705 60
1800 2615 22
3005 3927 71
3904 928 71
44 2415 10
3198 2233 25
4912 1047 87
2490 2564 6
4162 2814 94
1847 1408 4
3926 1762 77
3170 5005 1
2500 255 55
676 4708 78
2667 4026 57
59 3457 94
3590 93 65
2396 1636 64
2530 4235 87
2034 2258 88
4621 1570 51
1118 3391 79
4230 609 44
2428 4380 81
4525 4130 44
2696 1808 74
3808 4075 33
1079 2235 77
1000 2906 35
1541 2603 45
1760 975 50
4911 1512 60
651 1336 90
3115 2766 55
533 647 61
4534 4145 46
4045 467 33
3089 4863 100
3466 1793 60
4612 4884 65
4675 2124 100
1752 3747 18
1453 2700 43
1576 2747 58
1963 72 88
2607 3174 4
4894 350 21
250 1741 49
3345 4616 23
960 215 5
977 630 36
2373 4850 85
1242 4018 61
3496 1435 2
2200 2763 10
1203 2947 88
3775 2173 17
3830 4633 9
4144 157 92
1257 4449 76
2475 4379 42
1368 1365 30
1199 1316 1
78 2843 43
1461 1824 8
4235 2399 28
1230 148 73
2439 1698 16
2414 4333 16
3544 3649 90
1931 1049 3
579 3915 84
1824 234 52
3579 4296 18
2850 4575 28
1845 881 27
2032 610 15
4957 4239 32
1898 934 89
3225 1523 66
4047 45 63
2106 1813 94
1561 1228 78
4343 1208 66
4615 1820 1
1070 4182 13
940 2308 60
2028 2271 36
1426 1010 51
3922 5016 58
3342 578 21
1333 1590 40
4458 1300 57
66 811 53
1949 1409 86
4347 575 98
4000 3250 48
4723 2471 30
4919 374 3
2422 4457 82
4365 3804 18
3531 1018 69
4153 1985 50
890 692 71
4197 4881 79
20 2357 100
1015 3647 59
4036 4315 31
794 3299 97
866 2078 3
1649 693 46
4001 2257 70
3909 222 58
4598 1725 69
2840 4207 29
4503 1758 15
3161 1760 99
2160 4837 99
56 2980 17
1497 2009 64
885 1282 22
4450 225 20
4957 4048 33
2110 543 24
3925 3356 34
4418 4249 39
3371 3554 71
3668 3851 62
1583 829 19
1233 2673 72
3382 4991 84
3761 235 22
1518 3888 97
484 702 27
3043 5000 58
1242 2570 84
731 3350 89
2955 2742 13
3343 417 66
3849 659 35
830 3262 26
1339 729 96
2032 251 83
4815 3493 39
321 1933 39
874 2387 24
4612 407 45
1345 4714 87
292 4321 66
57 4667 36
1651 890 11
4065 3578 90
3303 459 81
4281 1777 89
2385 4233 2
3772 680 86
1763 3557 73
1112 492 65
583 1885 29
4166 3687 82
4214 1728 37
4226 2435 65
937 1454 25
670 4674 28
2773 3415 65
3593 5026 97
497 1967 84
4295 3002 4
4020 3339 59
236 4757 54
1132 2869 84
4267 2573 80
3166 1954 78
172 3404 5
845 4098 70
3174 4115 98
4341 4006 99
4367 2637 29
1298 1952 15
470 3896 67
4378 1740 69
3514 1781 80
3557 2999 87
551 2294 17
2683 4993 37
1031 1154 17
1993 3509 20
3581 2190 69
4930 1683 83
3509 2900 33
3555 202 35
1784 1127 28
2912 155 38
1337 3826 15
3580 4086 77
1749 4008 5
182 2706 77
2670 4894 21
2242 3577 47
3033 4077 11
877 3709 75
851 50 57
3089 3097 94
2463 2850 46
733 857 33
1796 804 55
1275 329 11
2421 512 4
1700 831 29
1924 4021 76
1541 4719 20
3948 4276 97
300 4621 25
1729 757 22
2773 1500 29
4812 781 100
1190 435 13
1095 4095 13
755 3734 43
4448 1324 6
796 1011 46
2289 2044 52
2149 4924 9
2812 56 56
4366 296 81
731 4768 38
835 3873 45
2510 1964 47
1726 3335 21
1577 449 8
4647 4515 90
4436 1601 12
701 3119 63
3730 4038 35
3227 3845 35
4859 1164 31
4134 1534 65
4286 1804 47
2997 4093 32
2641 2735 86
1345 1344 57
5028 2530 14
2471 3866 94
706 2856 61
2635 4976 69
1069 1657 14
3044 4772 47
3547 2398 60
1953 4109 20
955 2438 12
945 1850 10
4784 2209 35
4852 2362 71
1564 3669 73
3351 3383 67
1438 1786 9
4788 1442 11
1979 1459 54
4088 4067 76
1826 1676 82
4010 1096 8
3345 3244 73
1117 1192 36
5009 4605 77
3555 1197 49
3999 2314 22
3810 2022 14
1407 2552 99
3476 3692 9
2056 1929 69
4140 429 52
1403 2529 84
3571 1030 43
4621 915 93
428 3015 86
2813 2731 82
4486 4995 35
4708 1826 33
3249 2141 88
1571 4473 86
732 830 92
4389 664 57
2238 4587 67
4088 3825 92
4917 229 65
4283 457 2
1404 2572 74
730 4004 3
3675 878 30
2171 4688 70
3775 2370 94
1788 1145 35
2450 1856 39
508 4940 25
4386 2821 87
3370 1642 77
3655 4638 80
1943 622 13
2981 1402 66
638 674 25
4337 1622 100
2933 1221 75
200 3024 17
3334 2650 67
3299 3800 54
3601 517 67
3230 1079 4
4407 3134 4
3043 4485 40
1368 1022 32
4267 858 37
2189 988 9
2314 1317 61
3899 1023 46
2740 4817 50
871 533 61
3660 4731 100
2983 2625 35
487 2082 67
630 1328 10
2975 3149 55
1827 2132 37
1527 3361 87
3633 3006 14
1256 3153 63
2774 3013 94
3211 3706 57
4962 3264 14
1980 42 27
4815 1724 68
4025 130 59
1216 752 60
911 3090 30
1789 2925 77
1829 17 27
552 1938 92
3351 1858 45
3600 1584 52
4061 2199 24
1138 771 1
533 274 37
2372 4282 93
2871 3254 78
2096 1621 48
3981 4829 30
903 1009 86
2951 472 69
1325 3375 37
3496 1614 78
3632 2505 75
1173 133 72
4195 1653 28
2109 2074 66
3802 4193 73
2871 2808 92
1576 1428 77
4982 2531 8
1851 2544 5
4622 2010 38
2280 2426 100
4034 1218 60
1789 3246 5
3058 2115 47
1417 1832 53
3859 3882 18
766 2811 67
4620 3872 26
3358 2975 35
3414 2741 40
3063 1464 30
579 2558 90
3817 461 13
3394 2188 59
3313 4553 73
692 1304 17
2381 589 63
2126 3146 53
1356 2248 2
1080 4537 98
3235 993 35
2941 872 33
2562 822 92
754 879 73
2108 430 23
1301 4377 55
1069 1898 94
3177 178 46
364 4446 60
2953 604 39
1301 2886 36
2867 3642 27
773 3448 90
1541 1013 3
2167 1370 75
3351 4208 56
802 950 91
452 1633 43
4888 265 20
4179 4064 14
670 1505 97
27 3836 6
1088 3247 32
1749 899 92
2457 2878 37
4000 3469 81
1759 887 39
3612 3035 39
3882 3890 35
110 2874 91
1488 2656 26
2949 1075 5
3701 4626 89
4422 2389 15
3031 4945 12
3941 1413 59
1497 3408 19
3978 1199 44
782 1111 8
1807 1375 34
631 3471 56
3759 5007 24
4678 2599 19
2596 4737 57
2339 4601 79
1975 4175 16
3244 1678 18
59 1475 16
3240 3152 58
3072 4652 27
4173 2262 50
1591 4579 14
990 3993 86
1914 4065 28
820 3496 30
1266 2175 94
3232 3317 8
137 3966 28
2197 1117 73
3005 1330 6
3640 4551 92
2315 29 4
4453 1195 66
743 1849 48
2603 4247 40
4371 3794 62
144 2205 73
4899 1337 7
1371 2381 16
4045 562 15
1345 4036 5
4272 982 99
972 2335 27
3633 4438 16
2253 3434 85
781 868 55
3958 3305 89
524 3712 51
809 4852 15
1583 1949 53
2952 4389 35
797 4149 67
2992 4206 61
3913 2661 72
4627 1639 89
2080 4043 20
3304 3568 28
3349 1710 69
4947 3602 19
1 3449 1
4203 3718 72
4596 1388 99
2526 963 75
4922 1738 31
1451 3897 75
1073 98 92
2725 2169 67
2701 3292 90
19 2865 30
4200 1200 78
4374 4128 67
4174 3369 2
1072 1035 68
1232 90 59
2635 1606 36
3805 961 30
1030 3954 38
1149 236 30
2372 2697 25
1032 2860 60
998 2073 43
3787 3824 51
794 332 50
740 1986 15
2615 2578 77
1748 1125 44
664 1179 60
1275 3000 6
4728 167 42
2029 3678 61
2289 2639 78
4466 3281 61
2200 2838 10
2306 117 15
657 626 77
3831 3733 11
579 4734 24
2647 21 56
3489 2760 7
3201 4878 28
2284 3585 12
3958 3233 39
2272 1309 33
1138 171 76
2520 3438 12
2578 4627 86
4340 3462 75
982 424 96
4366 3332 18
4570 1453 99
1964 3925 27
3221 4617 62
2603 670 93
3758 356 88
4285 4419 14
3432 2690 73
4851 4791 95
49 4074 72
617 4738 38
80 1152 58
4160 192 27
3986 1122 33
1735 2775 83
4160 911 28
3956 3910 41
4067 1801 59
2957 1771 37
4090 2270 32
4175 917 5
576 4874 70
1705 1708 92
3754 534 75
3950 3731 52
50 2027 15
2436 3782 50
725 2162 65
1637 3223 62
904 2755 40
565 4689 15
3791 3044 58
3328 4141 82
3142 4974 28
4101 4072 46
4783 530 98
2927 3023 41
1104 1923 4
392 3950 4
4371 4951 65
4296 3971 36
3519 1697 3
4615 4565 70
2983 1426 14
1542 2610 9
4166 2829 61
336 2183 66
4466 3140 22
2741 943 58
2545 3550 11
2521 1576 2
420 3312 54
3187 4003 44
4931 3855 28
145 1133 99
3540 2924 51
2462 170 42
2038 3749 8
2518 1973 4
4714 1136 15
1016 2508 54
3166 1703 69
230 68 19
2797 3817 67
2761 708 21
3170 1489 91
3699 2880 91
343 2245 27
4267 4300 4
758 4060 90
261 1470 35
237 1288 61
1748 4356 68
3357 2541 93
2550 3809 68
813 43 13
2955 4022 87
4686 2883 91
1415 2215 21
4221 2608 93
1473 2877 49
3258 3386 51
2279 3466 6
247 1835 92
3388 2963 36
2151 643 55
2165 370 72
132 4875 22
4596 4011 73
1510 2483 15
1829 837 100
200 2192 33
3463 4793 85
745 2281 60
3703 3135 73
4084 2803 80
290 3382 79
821 4374 80
3825 500 17
853 1974 96
3931 481 65
1147 286 29
2024 766 50
1685 1877 81
4479 852 84
4036 4944 100
888 3393 38
3701 4550 16
2515 3206 14
1103 4183 99
3603 2711 55
1063 2676 49
2701 3727 31
2791 4371 60
2021 4132 44
3675 800 15
2246 4299 97
229 2419 56
1261 536 85
3969 206 40
529 204 45
396 150 23
4839 2340 31
4557 2593 47
4687 663 10
827 4761 74
3036 2018 42
4157 4409 89
3969 2778 89
644 758 69
2427 2135 57
3839 2509 21
3306 4364 51
617 4956 47
4794 1411 37
3075 1432 46
2029 2888 86
1945 1757 80
3576 1539 60
2045 1966 24
3371 1857 19
4866 3525 77
4724 2158 26
3009 4819 66
3250 3962 76
3070 2680 37
4772 4549 42
95 2627 86
4021 3133 91
2701 3680 38
4236 3365 8
4909 570 1
2116 783 29
1293 4108 67
1999 3606 94
1614 1115 78
3918 2015 26
525 2550 93
2692 1166 74
1167 2612 51
417 262 60
3550 316 53
3765 518 70
2981 3582 76
3146 483 10
3904 3848 60
3167 4706 73
244 4372 68
3417 3592 91
3436 1124 38
4930 79 88
1975 416 62
2554 588 23
3150 3298 85
3120 8 74
3657 2147 42
1069 1799 14
3999 925 87
3614 2148 4
1586 601 97
4991 2450 37
796 403 64
3222 2030 99
1275 3452 78
3856 4593 78
134 460 24
2669 1830 65
4687 717 95
4204 4105 45
20 1277 16
4399 3310 24
380 3079 52
205 1334 99
338 1662 49
4655 2351 88
644 3519 42
3059 2449 71
4539 4162 51
2769 2641 72
3474 1871 93
4812 268 25
4674 4118 49
4295 4685 72
4481 1060 97
4961 4124 33
4722 1291 84
950 2378 48
3820 441 62
4367 2247 35
1046 3268 85
1931 728 65
3001 841 6
2933 737 63
4743 3117 59
1410 3213 96
1921 223 76
4839 2137 31
3631 4532 46
2171 896 26
642 2909 96
4168 1735 71
3949 2614 13
2080 902 16
1953 2057 68
4371 1663 85
4813 1392 15
2530 4028 24
1594 730 44
3142 3417 22
1146 5025 50
1676 3551 34
706 1131 21
136 983 6
1100 4224 63
91 4373 79
3595 2112 4
3303 3065 57
2981 3037 47
4886 4919 19
2829 3598 93
1381 3429 79
1847 1594 56
1931 293 75
4168 415 49
4433 4604 28
1224 1666 23
1909 996 64
311 440 92
1473 2266 88
1313 4471 52
963 3267 26
1319 2126 32
3856 1471 35
3086 4063 6
1345 1401 66
957 3671 60
1296 3535 69
14 2952 10
4583 3982 81
2628 38 9
1119 2128 72
2067 4730 27
3481 12 65
2472 2300 21
3907 4806 2
1353 1174 87
3396 816 32
61 2446 14
2150 2991 58
3051 4954 59
2000 3914 2
2333 40 50
1414 966 86
2904 3586 13
4631 3465 31
960 349 43
1596 3347 50
4392 2510 30
1294 3099 62
3449 1742 15
2072 1558 11
119 1486 78
1824 3394 59
3257 3403 35
4592 3330 79
2520 1679 96
2055 1743 39
536 1303 62
594 4618 14
2824 3975 70
1228 2568 62
364 1659 47
240 2498 78
3846 3460 60
2782 4882 8
4436 1897 27
3447 1216 56
1266 1098 21
1994 4370 29
1049 3373 38
763 1196 45
3563 3144 32
2101 335 48
2183 3173 3
1186 2793 31
4762 3489 1
1254 3998 45
3915 652 55
4629 1925 65
250 3410 65
3405 301 72
3363 2224 97
2311 2133 71
1583 2096 97
3747 1626 65
4798 3736 75
116 2730 93
2143 3251 94
2885 668 93
4273 3527 8
3049 427 82
2744 4775 56
1423 4057 86
1729 337 65
2167 2929 45
4668 2506 38
2282 1881 69
3135 1477 25
2628 882 26
1458 1769 42
3979 3106 54
2607 625 14
819 2138 44
2749 3612 60
1368 691 98
1713 956 52
130 4571 60
1816 1491 39
2482 4069 63
1137 3732 71
4959 3629 97
1815 1292 58
1816 1443 96
797 690 22
3142 1203 59
757 2465 54
1847 4479 2
292 3185 14
3434 3575 34
4961 3842 12
4706 4506 11
2045 2559 80
2486 186 98
3837 4857 52
176 3102 95
386 2310 46
1388 3302 99
1858 4955 42
66 2032 80
2475 2423 25
2181 787 60
1339 3431 99
3166 2968 83
4969 2146 2
4754 3898 24
117 4143 49
3985 3990 95
1403 3107 22
1809 1342 92
2794 2457 51
2713 2011 47
584 4542 45
2609 1484 33
2532 1130 81
4808 2077 63
1595 2779 8
1383 4934 49
2171 1995 10
4213 4393 92
165 1263 13
2504 2844 88
2393 490 31
1920 2863 11
4376 2408 9
3385 4927 57
3346 1530 4
135 4275 74
689 1981 47
1105 4298 30
3698 3308 81
3659 672 68
3999 4534 47
4997 4111 16
4311 168 98
546 4085 100
1891 3197 32
2615 3342 39
4396 1819 50
3563 190 6
349 2751 10
4899 2519 59
2567 4538 2
4212 2620 41
347 1236 99
4958 2055 11
2536 1843 66
1708 2110 39
378 4535 42
1771 3883 78
634 2487 52
662 363 85
4440 3767 64
525 1977 2
587 1720 67
4176 1904 51
1864 4250 45
2155 843 52
3987 1513 10
3166 2767 96
2335 1000 86
112 3979 17
533 1034 33
458 76 73
880 2678 80
2917 3874 53
960 1496 83
2554 1149 86
1866 2954 6
4427 4703 84
139 4680 79
2631 1672 85
4004 2366 56
4821 3923 25
3060 4981 82
2627 2842 7
3633 2784 49
3884 4710 53
1761 275 28
647 3785 13
797 1573 81
3931 529 26
3135 848 67
3572 1445 29
139 4010 55
1900 1461 66
2567 1947 58
3935 4996 100
3129 3753 17
4470 4671 23
3520 2715 9
505 264 17
4489 1696 82
3645 3362 13
2747 3835 34
307 4119 49
1014 2884 64
4866 4716 47
200 2973 69
2062 4543 82
33 1623 6
2815 3473 99
3473 1012 73
3465 3243 64
1607 3421 6
1679 2056 70
345 656 42
1184 2515 44
4603 1051 86
240 4310 72
3058 2485 51
1469 4826 68
3907 4880 45
224 479 92
694 952 97
1704 4814 84
198 3057 33
1345 3999 1
827 2911 99
4239 3946 5
1248 392 54
53 1869 29
3754 245 100
2879 3636 56
3558 317 91
57 3121 89
105 3474 26
4826 2997 65
4962 2736 79
1540 4402 41
3721 3790 88
4316 437 28
4513 3511 18
733 4091 72
106 1364 72
2088 3476 2
4499 4822 45
3485 720 63
2985 946 89
2467 962 58
4163 4474 20
2424 295 21
1878 845 71
2681 1581 73
3483 1998 69
4160 1906 49
3111 3710 64
1925 3326 77
4863 3626 97
1804 3398 19
1953 1175 70
2455 4120 32
3348 1629 52
332 5008 39
1359 3699 76
34 704 68
758 3863 16
4409 3214 87
4300 607 93
4509 2232 29
604 2093 63
77 469 21
466 1074 43
3933 1403 74
692 3541 49
2150 405 39
883 3123 45
4231 3067 29
2548 886 42
4492 3968 84
3099 147 25
3380 2234 81
4724 4968 58
4165 127 83
1045 4199 40
1110 579 48
4431 2121 90
3801 3399 74
4122 1707 2
4664 3230 15
4498 1821 71
52 2984 12
3834 2016 62
657 3458 19
4736 4463 76
3620 3894 41
2204 2635 23
1368 953 58
2208 3083 74
4159 3651 70
1007 346 36
2121 239 90
3909 621 10
1713 4486 38
1964 2367 64
3718 1854 42
2443 2540 5
2928 918 73
405 650 39
1658 4350 44
2989 4007 99
1555 658 48
338 565 96
3178 4309 96
1258 4929 2
3442 4454 71
4433 3830 13
292 2035 43
2611 2517 35
1571 1456 94
2618 4221 44
503 1772 68
7 719 37
172 4027 24
879 4444 10
4347 2374 10
2160 4462 68
1830 400 84
757 2873 61
4244 1225 70
1580 516 13
2485 818 26
4368 2318 25
1405 3713 29
386 3540 63
3861 4005 37
3819 2122 81
419 1419 100
379 1611 91
24 384 37
4894 1989 1
101 3407 34
3562 3427 90
725 2847 43
4922 2163 99
1135 3788 80
4572 3224 31
1914 2507 49
1275 2361 75
2637 4099 67
2942 4707 79
2460 1176 92
1134 3183 69
1981 3234 56
695 2949 86
3384 2823 22
4928 3620 53
3704 790 11
923 2640 45
4116 3217 25
1705 4135 44
2975 2443 34
4024 4643 44
3279 2502 14
777 707 74
4551 1048 13
3978 4408 31
1756 3643 39
3837 1140 1
128 36 32
955 1690 17
940 4347 49
3372 2355 84
3388 951 10
72 1495 22
2442 3430 32
2114 3715 54
2850 2852 22
4366 3530 5
2102 2067 72
3506 4103 53
1074 1716 92
250 3514 79
611 2781 3
3663 4843 16
4612 4302 88
315 1468 15
2644 4914 67
4199 4747 97
1329 4059 18
2144 4815 78
2726 1572 18
360 5010 46
4709 2993 71
2308 596 51
879 2797 96
2625 2040 98
3241 348 78
3972 4102 92
2113 1036 46
628 4429 63
776 1332 24
2741 2836 90
59 366 37
1251 1715 16
3867 3483 32
2146 1451 25
250 1144 75
1908 3546 33
3313 503 8
2239 1193 11
4795 3128 42
112 1080 40
40 4234 12
4176 2503 28
4060 1996 74
1076 1795 11
3424 4842 78
188 3147 91
1319 3563 30
3020 60 27
3585 4975 9
4604 3801 68
387 1912 94
412 1070 89
1609 920 99
2538 619 11
3696 3377 50
1810 2538 45
4794 2393 56
615 154 15
3596 1355 2
2106 4547 56
4513 272 83
3177 3204 100
1952 1764 60
2207 4117 3
2449 547 28
313 3992 96
3612 3723 52
240 3963 62
1887 3539 4
4499 3142 37
4088 885 82
621 1129 16
1015 2297 7
2192 2771 99
2331 2792 53
1786 2420 25
3115 4511 14
1878 2396 50
576 3758 39
4550 3303 11
1617 1267 17
4047 4159 26
1518 4228 41
977 4482 80
1818 3584 64
4412 1033 37
2571 3348 98
2992 4559 60
2307 1247 24
1531 3562 45
1105 1650 75
866 1343 27
463 4838 38
1558 3229 96
458 2734 99
3449 3850 28
1282 769 97
2779 3708 69
2135 4348 56
3174 2282 22
2077 833 85
1412 1298 25
3465 2521 27
4389 4160 48
3459 4131 13
3160 3151 36
772 1879 21
98 1043 69
2767 4752 21
815 2790 11
2725 3455 78
3590 3614 69
1541 2475 58
2121 4825 72
2983 4088 83
2603 3150 84
3082 2225 44
3665 979 68
644 2144 4
2731 581 51
1763 3608 15
782 1395 38
584 3279 21
2204 4362 32
790 1965 33
2539 1467 85
2111 4892 58
5028 3862 99
1752 4560 98
2223 1349 1
630 2787 25
4824 2049 90
2966 1042 69
38 844 29
432 3622 55
657 486 9
780 1320 88
2299 468 8
4464 4146 86
1345 300 26
2186 1441 30
90 3324 1
1014 4911 14
1934 4683 3
1837 3533 72
2757 3740 60
4374 1859 38
3609 4369 80
1895 4173 82
1921 358 25
4269 3892 33
4122 3893 40
2603 379 36
4469 1736 45
1631 731 68
632 1739 41
1793 4754 7
3409 855 59
3351 2960 14
3884 586 74
4454 4861 18
3105 1943 13
2126 511 81
2895 2536 23
4584 122 62
4448 39 5
4853 4623 18
3514 2791 81
1 1394 94
3072 3494 54
2094 3985 84
1055 862 30
3170 413 30
2168 319 9
3665 144 61
1105 1980 85
2074 1776 58
537 4030 17
1904 4783 32
4474 465 28
3174 3014 84
2742 3307 89
2953 4648 58
3737 4513 67
4612 3847 63
336 3663 25
80 4261 9
1837 1348 51
4859 1983 96
3838 1791 33
998 377 96
3980 2254 68
2744 3485 23
1376 968 44
43 2565 26
3918 5013 95
3559 2243 11
3043 936 97
2467 2080 70
4671 1407 13
682 2276 17
4051 1044 34
4532 113 15
3697 4455 59
661 151 53
454 2249 28
4425 4913 63
2670 3156 23
3304 4161 85
3408 4147 14
1180 398 44
2396 4231 30
95 311 48
4190 506 11
4427 884 18
3143 2927 81
4464 59 83
3370 4384 55
2824 1544 4
634 2971 94
3503 120 28
4875 3188 45
4631 4341 65
4625 3719 19
2687 4709 36
2921 1061 60
1073 3542 22
1134 898 66
500 1545 62
3576 1143 19
410 3515 26
3185 4586 59
2604 1397 43
3239 3333 55
1198 725 40
1290 1569 25
4137 4639 13
4851 1597 98
1155 3958 70
103 2642 66
894 1992 13
4491 914 30
2013 2464 77
1145 4727 75
2373 246 43
1781 699 48
1954 1347 4
961 3895 42
4073 4015 23
1078 1682 26
4160 567 92
1202 475 84
3117 474 83
3501 802 87
2196 1109 41
1504 4994 21
2336 3370 68
311 2034 99
4754 2773 52
2591 4655 40
1551 4910 38
163 613 50
2129 1207 73
2964 4056 6
3839 2514 22
2307 1596 96
3842 2159 53
1543 3294 4
2240 2696 46
1916 1107 34
4088 4943 24
3334 4210 58
4081 1667 83
2939 3876 20
4267 4464 84
3004 4068 5
3617 2494 71
2969 1934 76
1732 35 58
3423 3405 98
3651 3878 24
2922 2452 13
801 2752 62
66 1718 89
4283 3073 24
4065 3589 38
2791 1088 90
3623 4129 11
2126 1390 88
1188 1182 28
3475 1361 6
4126 673 99
3810 4423 14
1420 4866 35
525 1589 99
1577 1056 54
2433 1121 12
4258 344 74
4879 3327 65
1671 4259 56
251 839 27
774 1562 76
1241 2801 12
715 4726 36
1068 4106 13
2310 827 65
621 2402 96
3214 1002 17
4084 3953 8
4914 1560 66
1829 2113 52
4856 3162 32
2494 1211 90
3058 2523 33
4378 1155 82
527 1308 88
890 2240 53
642 369 24
3943 146 75
3697 4599 57
3284 2171 91
2144 1289 44
392 4192 16
2475 1913 55
3382 3179 75
3539 3237 82
2279 220 82
1805 1318 97
3673 636 15
284 999 34
1937 847 28
1553 4989 42
4256 3813 97
617 3329 16
47 1188 64
551 1620 31
2333 5029 59
2535 125 97
828 623 33
1112 2848 75
412 2902 87
4189 2896 23
244 3628 70
2647 4164 84
1609 4859 52
1384 3203 100
1284 1302 98
1599 4343 46
4912 661 50
3792 4774 76
3956 2686 22
2940 4002 36
1497 2817 21
3422 4662 57
4499 851 63
2489 2023 43
152 280 68
2957 2941 11
1787 7 25
2012 4154 15
3830 4198 82
3933 2805 73
4056 380 61
2196 593 28
1906 4713 5
59 3581 30
2331 3095 87
3028 162 87
3402 2222 75
4367 67 84
4244 3480 80
4381 2129 20
1076 3297 46
4871 2693 51
4758 1811 100
4122 2384 81
4373 4858 75
794 1272 41
3980 1627 96
2726 5 67
2050 871 32
4292 4912 59
5021 13 33
4546 4531 61
2918 1689 37
1304 4416 24
858 598 58
2554 4023 68
3442 2068 4
2170 3061 20
2726 4230 39
4444 2691 31
1007 945 98
3328 3497 46
3466 2462 48
744 3418 56
3185 2940 95
1488 4654 15
4049 4148 84
3335 4635 6
3916 3238 91
1807 4849 26
4687 1547 64
162 4211 90
1247 629 8
1319 411 74
4771 2345 49
2765 3995 14
1155 921 31
2949 3443 35
1146 3358 90
250 1290 57
3909 136 95
4809 4504 75
181 2653 20
111 4360 21
1577 2618 56
4286 2542 94
4678 3191 11
4813 3241 64
966 5002 37
3454 2180 58
2310 3810 28
99 584 92
323 4628 4
3716 1876 58
3944 2761 86
1622 2528 29
2545 2583 17
4213 1891 80
1490 2547 12
3824 772 95
3779 46 65
1329 3122 70
274 4061 87
1383 2891 64
3501 1040 42
4987 2695 53
375 3422 26
1128 4467 60
1220 2182 51
2815 2001 57
1362 3018 95
741 4693 66
1394 1150 84
4983 703 37
1144 2827 51
1390 242 63
3327 4800 25
1571 836 16
1935 4363 29
590 499 20
2241 3068 45
3693 1654 99
3710 1535 20
2189 3161 63
1477 4896 66
2629 2013 51
4598 227 54
4145 141 37
2592 3833 85
732 1231 65
1804 3887 16
3604 1553 44
1522 2666 9
3425 2819 3
1373 4760 85
1839 1533 89
4212 1950 48
4603 2841 3
735 2687 81
95 1384 31
3640 3032 23
2533 4081 90
2092 3222 82
820 2832 67
777 2486 11
1573 974 28
1282 1351 94
3338 4084 10
4604 2885 98
1800 4047 66
4673 1285 78
732 1880 65
271 1498 19
1631 863 90
178 2338 73
3789 1907 7
4527 3482 29
1402 4883 81
3867 4704 13
2497 2033 84
3928 1779 60
3140 74 68
657 4681 9
815 3624 69
484 184 86
1245 775 65
5015 3572 59
1313 4082 68
3958 61 36
3086 1067 67
2829 3627 46
2538 739 71
3177 686 96
1529 3631 18
3360 1525 31
2284 4327 45
2885 3529 40
141 1554 86
4997 1376 57
359 70 45
686 4780 59
4049 347 69
1106 1721 90
4726 3931 90
2710 3435 42
1937 2812 26
3051 1410 97
3666 4625 41
2592 577 74
3820 86 18
1 1549 63
1979 3368 85
578 2636 51
863 1253 17
2 3492 99
4157 3349 92
4466 2894 56
141 553 7
2279 1837 34
1904 3619 42
2615 1651 61
3651 64 27
2416 4045 79
1465 2041 20
3930 3984 92
1829 458 72
4985 2223 70
943 4659 10
1663 1726 83
4454 4352 86
3919 998 15
4809 4663 32
514 4014 40
3356 1822 59
2734 3432 85
606 969 62
3873 228 83
4743 4460 17
2399 52 61
2969 3752 64
3703 4622 77
164 1805 54
3980 2526 69
1151 3280 38
604 3025 20
2427 37 14
3053 2688 17
4819 3657 42
2178 1918 90
513 4029 73
3351 3343 59
2232 2208 16
2964 1839 46
3969 1845 34
4716 4514 46
2930 1602 36
2662 5020 11
4444 1383 75
2651 4594 92
1074 1201 89
4726 2151 63
4250 3379 76
242 4809 29
1571 1242 86
2167 2607 10
4812 1258 74
1546 770 58
1482 3891 70
4911 1120 100
1404 1972 27
2099 3780 69
4479 2189 15
1225 2575 25
4368 4494 1
3794 2425 74
2375 1357 55
1449 867 41
2555 681 48
407 2238 24
3539 3816 4
4639 3139 42
3913 1838 81
1496 3707 18
3997 3271 34
465 4097 37
1138 211 35
2072 3442 11
4753 4983 63
4698 3208 1
3487 2654 61
525 4820 90
345 2496 55
2013 4684 86
179 3754 87
133 2845 81
1179 2069 52
1947 1921 77
2001 139 66
3219 4526 7
1081 3239 73
284 241 37
3682 2203 4
428 4620 95
4300 760 48
4955 23 21
436 1321 33
4163 3160 35
505 2265 13
1915 824 58
4584 3291 88
3931 3899 88
4612 4313 72
4918 4568 56
2055 218 79
920 3269 33
346 1261 3
1235 2785 2
4791 4312 53
2758 4799 34
304 3714 64
1191 2385 48
746 706 96
3952 2892 96
2747 3518 59
1996 3220 57
4847 1812 70
3281 1116 54
3431 3479 53
3184 2488 15
4081 2373 12
3799 1329 100
647 1385 84
4389 1914 49
1 2088 65
2782 4673 67
2123 1616 45
4615 2853 41
1892 4521 2
271 2407 56
168 4960 32
733 2970 66
4099 3441 33
4629 4285 44
2941 2391 16
964 1264 92
825 4244 97
3831 1458 38
1458 3594 86
3476 3679 74
2627 1280 21
292 3609 70
3002 1293 33
4438 2851 47
3889 307 53
984 2675 93
1202 564 5
273 2353 60
1796 4572 87
3066 1920 46
5003 813 81
2742 1090 34
132 1386 99
4277 3779 21
2038 2322 34
1794 321 25
346 4337 38
17 3500 29
3796 3036 56
4846 3905 23
3284 2631 80
4583 1748 46
3608 3644 77
885 2491 55
2282 3409 51
3954 4493 6
2812 1834 66
828 2325 37
1424 2216 27
4123 582 43
2372 3871 20
31 1882 61
2343 373 52
1190 2143 90
4957 4676 55
3525 3066 89
2744 3198 24
3217 103 93
1359 981 32
4791 1968 59
2410 2926 76
1501 470 28
3438 433 37
3634 4600 4
1657 794 58
4160 4330 79
322 923 63
3978 4437 48
858 1649 12
4874 2703 97
2266 1170 53
444 4395 80
300 3967 42
2647 2732 23
2930 548 37
4407 3769 7
4254 751 17
4267 2371 48
4779 1381 48
1781 2028 27
4300 3113 57
700 3426 63
3571 333 25
4221 2921 46
4986 4489 55
2744 2596 91
3304 345 32
1579 22 25
4861 1610 60
2756 2287 79
1389 4668 69
3001 3867 80
4712 4274 64
1800 1323 84
3651 3566 89
56 1283 92
935 4869 84
1651 386 15
2509 1851 100
4802 2430 23
142 3702 60
366 2327 6
1386 302 40
1130 3459 75
4509 611 64
417 4999 33
1067 135 26
3005 3522 12
45 340 78
5025 4040 4
536 3783 99
4841 4123 47
1315 1474 22
1827 2350 94
1365 3346 51
639 3517 59
466 3759 7
1093 3843 58
3472 1773 80
237 2166 80
2319 4205 93
831 563 83
4721 542 4
1074 3983 48
2095 694 7
1270 3054 5
3013 4459 96
4174 2709 49
3374 4834 76
3796 2337 77
425 3534 85
594 4509 22
550 606 23
4819 573 84
3537 1870 66
551 3634 84
1444 3338 26
1439 4848 57
657 4577 43
4820 2334 28
1074 2534 4
1848 4319 59
2396 1416 33
2697 2545 42
3766 4851 18
3252 1652 2
259 640 80
3090 2901 88
3950 1712 78
1729 970 65
1094 799 40
2692 4308 77
4214 4181 89
1785 1917 55
2554 3414 42
750 2228 58
1820 1588 86
4361 514 63
3160 796 60
1595 3705 54
1230 2319 58
3360 3419 67
4655 971 93
1865 2301 45
4099 1723 63
4550 874 40
4161 4555 76
3899 4510 96
3425 2512 43
1767 2259 63
2126 1412 67
3452 1669 91
3380 2553 35
4742 5023 4
352 107 59
4585 2649 93
4115 3639 60
4558 4266 7
4288 3116 39
3796 958 7
1224 1424 43
2419 2165 38
3818 4024 6
1937 1481 58
1975 3154 82
4683 1167 65
1036 2738 63
945 3544 77
1556 1767 63
2539 823 87
4479 2651 100
152 4545 55
1372 3481 74
2453 3865 66
2445 3994 91
2144 4278 92
3788 30 91
1839 3521 20
2885 2326 52
4383 2086 37
1227 1158 83
3430 4331 72
4703 745 84
4563 1766 64
1169 2647 31
2223 1731 71
689 4877 5
797 3766 66
2797 960 47
2126 4678 9
3058 10 61
2783 1896 19
1577 4603 22
155 727 98
4876 2293 81
974 232 15
2620 4581 95
4178 4456 14
1149 4262 6
4660 667 72
2079 926 14
544 4209 63
4615 1227 79
292 3580 31
1156 2613 28
1390 2933 39
3091 4236 46
845 765 59
4438 3695 98
1995 9 3
4352 2288 25
4722 2594 88
3063 519 39
2541 2145 10
3935 1160 54
4225 3130 29
2142 1246 27
3894 4066 74
3670 126 63
1573 2045 32
2109 4472 65
2971 937 66
4772 1546 73
3371 1704 72
2189 3433 99
1435 1209 61
2615 4724 97
1298 3351 62
716 2253 68
4771 3126 8
2542 2698 28
2628 4922 68
3000 2754 75
422 3940 89
2607 2786 82
4678 4166 47
95 1541 4
2974 3205 32
2092 821 78
865 2463 63
2569 2460 74
4941 169 33
2879 2484 18
3862 1367 76
3677 812 51
1541 3425 43
3120 4453 95
2197 4798 84
4028 3573 30
4955 750 23
386 2934 66
1663 3355 43
2885 3028 90
3980 2439 24
1966 2518 13
4195 4516 44
3514 3875 94
3089 2012 4
582 3094 52
2431 1969 18
911 2604 48
3002 1146 1
3060 1818 3
3893 4303 95
4052 3277 49
4911 2062 73
2964 4570 93
1337 2492 71
2952 4286 91
2933 2657 93
738 749 99
383 1431 87
2150 2834 59
1710 3803 73
2592 3756 95
3146 2331 43
4341 254 7
626 4273 10
2577 4404 57
2012 1132 72
1235 3660 28
1390 3933 76
1497 4808 71
2838 4582 100
1820 2671 85
2801 281 77
4751 304 71
3002 4392 60
4499 1016 59
4324 4718 83
4040 1927 38
4595 3781 70
1725 419 90
4866 3696 63
1311 2458 33
4389 4871 32
4440 523 88
961 2424 52
2709 3770 72
4673 191 16
486 592 63
145 2935 87
4771 4957 48
76 2250 48
2148 3869 17
875 4839 16
1297 1314 90
2089 2394 23
4137 443 67
1567 2574 23
1771 2830 2
4840 5006 7
961 669 6
1596 4254 16
631 4466 70
1107 3768 72
62 3171 42
3596 933 46
2637 3613 59
2912 959 89
105 4126 3
1637 2107 29
3808 849 70
4167 1902 2
4841 4917 21
4415 4169 46
3665 3900 32
2130 4468 78
4343 2230 27
3598 485 96
3265 3532 64
2814 1971 35
177 4290 94
1242 2501 61
764 3175 54
4577 287 14
2754 1444 62
3796 2527 87
4014 2302 98
3113 1161 62
4109 2674 1
3941 388 37
2504 4501 76
4865 4773 11
4726 1962 54
4159 2632 9
1543 428 55
1080 2549 36
3414 1508 33
2260 4406 55
3881 2429 55
1603 1674 78
2462 1422 14
4137 1580 29
2620 524 52
207 4949 35
336 1873 4
699 4284 32
3012 2076 84
240 2992 58
615 3919 11
4917 3378 69
292 3516 89
4011 1848 7
80 627 33
2742 2356 49
2167 1543 43
2216 2094 40
675 2070 58
1261 510 27
4159 3357 5
3150 762 35
4673 3797 69
4358 2683 35
4204 3026 18
2088 3547 75
4603 2813 79
634 3819 43
1245 4634 74
918 3591 32
1224 1173 28
2032 792 48
1134 1988 69
1547 4977 5
2603 496 46
2375 2621 59
4580 1836 10
2769 4157 76
2152 1226 70
3831 1017 3
4285 2875 83
1589 2918 57
3473 1529 10
765 2590 5
3342 2064 90
1595 2149 10
4822 1752 44
3674 3952 92
28 4885 91
1443 2036 9
1022 687 15
2077 3795 25
4374 3276 41
3956 1220 75
4090 1936 11
386 1895 32
3673 3955 22
4997 1369 94
4308 2418 18
3959 1668 49
2260 16 17
990 3400 57
1657 2383 46
3091 600 41
2457 3726 96
1551 3939 50
2918 4248 93
962 1094 96
3787 4578 6
1 14 11
2199 1567 93
1893 3703 28
4589 4398 44
1408 2218 72
2704 1153 20
3160 4441 19
1053 3186 53
3387 2889 87
871 182 62
2258 3748 85
3211 1564 71
4425 1027 10
2531 2566 26
1595 4381 18
4275 26 51
851 4176 57
566 4928 70
2405 1396 88
1869 786 50
695 3922 8
4161 1274 26
2840 4114 20
4123 3880 92
2789 2595 3
1128 877 54
3419 328 2
322 653 24
1390 1761 51
1895 351 89
1275 676 95
4934 3050 69
4585 1315 35
4899 3956 84
3519 187 80
170 4937 3
3612 2303 14
1512 788 96
2659 2897 2
2607 2598 6
1543 2142 15
1436 892 66
3522 4847 78
1541 128 92
1098 541 72
1596 1001 29
4940 334 86
2360 614 32
1140 1377 3
3886 2445 55
3818 3177 34
4361 4078 57
3772 634 32
2447 3468 35
937 2915 30
4308 1021 5
2973 4803 88
3063 2859 3
1741 3478 1
1931 4229 87
3095 4424 76
3411 303 93
1882 3472 84
2028 1994 99
2512 4051 92
655 1217 56
1438 4113 7
2165 34 42
4678 132 76
4235 3012 63
3918 1244 77
2240 624 99
3258 4855 27
99 1979 49
4955 1641 92
3627 1942 42
1992 1194 48
4894 785 38
4159 2026 84
3279 531 78
2933 231 86
4381 451 16
1305 3989 85
671 4270 23
3457 456 97
1621 2826 84
4950 696 66
3172 2569 59
311 4212 22
2284 1007 6
1489 399 41
4678 3091 74
170 2454 95
885 2689 94
4905 1465 3
3126 1670 27
2160 3638 93
2221 4887 64
1372 3505 16
688 4155 11
2253 1427 80
2452 768 87
2284 4739 81
1169 250 66
1177 4237 35
2641 360 48
1074 1171 69
2323 4590 53
405 4755 51
444 3918 43
2095 1953 99
3820 3991 19
3442 2658 18
4977 814 67
2956 1978 40
4844 3761 1
3427 2341 36
2349 238 20
2024 210 81
4433 3313 15
3078 3132 28
3397 555 56
529 2154 80
1238 4630 17
4671 3920 5
702 1638 44
4302 165 67
902 509 85
1235 1910 73
413 3184 77
3360 1455 44
2715 1928 14
2427 3252 85
3846 744 34
2482 2630 33
911 1340 71
3177 4923 6
845 409 88
3595 3092 24
3088 3416 64
1961 2002 90
2402 4 34
2352 226 49
1592 1556 16
4886 2858 72
764 3755 57
2300 4916 14
58 3908 96
4105 4614 88
1800 2292 94
1241 4213 88
3716 3815 71
3103 3385 57
2633 651 31
1 466 41
3715 4893 7
1497 3907 77
1977 4596 42
114 3555 32
1541 3600 66
3474 3751 45
3387 4475 5
754 947 69
1414 195 8
1752 2882 5
1775 819 17
2605 2765 33
908 1418 47
1627 3180 92
4032 2053 35
2570 1874 39
1570 3969 59
145 1887 89
3766 31 52
965 4328 82
1769 4941 62
2885 3834 96
4958 1684 34
1185 3110 78
3195 2994 67
724 297 85
1438 3199 36
2797 4879 71
2181 807 25
251 1637 86
902 1853 51
1073 3507 96
1707 1600 91
1685 2019 71
3284 4562 49
4635 1399 36
1795 1202 68
52 4465 36
4246 310 49
4149 3454 16
976 3996 39
1282 4415 66
4795 20 40
1989 2108 99
1738 4405 52
2628 2388 86
4688 2168 9
624 2244 21
3839 200 1
3802 11 25
4649 464 58
4631 949 90
2315 4346 52
3660 3822 30
3820 1069 49
3447 3762 20
3250 4729 15
170 1284 81
816 3632 99
2148 4269 22
4801 4365 38
3180 4041 92
112 2152 100
252 3078 64
2836 2316 72
2824 4564 41
1529 3852 79
2171 2403 55
4970 942 81
2330 4860 5
3385 3685 36
4176 4394 81
2918 4636 27
1934 3520 56
561 3164 27
3313 2522 31
2565 489 51
1334 3932 96
2546 3938 68
4358 3721 30
4801 4414 48
1012 2434 66
1637 4525 80
2682 972 82
4323 1557 45
3115 797 67
2109 4661 17
3997 15 34
2860 4971 51
1890 1935 90
731 2584 59
2714 1816 70
1707 284 96
3834 422 59
1220 654 99
1561 3805 47
2952 3087 90
4216 2899 75
634 4451 76
3125 688 87
882 4529 53
1298 1078 68
3536 4219 18
2204 4305 39
4822 2323 67
4065 105 17
2984 700 84
1634 4256 12
3586 2500 14
134 309 33
4314 3088 41
1914 1993 11
3021 3886 19
3875 2489 32
4919 452 15
3187 895 79
1257 632 99
1112 3849 51
4425 285 31
4314 2084 87
1634 2511 56
2532 3693 36
3683 4973 82
1337 4589 36
735 2983 100
1531 3372 59
2770 746 44
11 4767 12
782 1631 91
1779 2944 88
1213 4185 98
285 995 71
4157 2050 27
1529 980 76
2550 1169 78
3902 1559 89
1242 3653 47
1543 1658 97
3764 776 85
2240 1333 32
282 312 22
1592 3961 24
4321 4170 23
3384 4188 53
2240 3328 44
2631 3487 51
4166 2739 45
4990 4854 2
107 1097 14
4219 390 22
4425 1235 62
136 590 36
555 3202 26
3972 4797 68
4097 2193 88
4214 3778 34
4899 832 13
4841 2628 76
1103 649 91
2946 1681 98
3157 2546 44
1688 930 79
998 1210 3
4169 4133 12
3058 3807 77
2532 2587 42
4439 901 43
1657 288 68
3566 3167 17
254 322 85
957 2447 48
781 1276 88
1576 2328 63
3578 3371 95
4015 2561 84
2468 3366 87
1774 3861 89
99 2181 90
465 2677 20
149 2277 94
1952 2059 42
336 571 86
1254 2431 9
1402 2938 50
558 1341 59
4470 1359 64
4335 3131 70
443 4836 30
850 865 76
2606 2187 93
3902 213 70
716 1705 19
428 2061 81
1451 3929 49
565 2777 34
2841 119 45
99 4717 27
1551 1955 55
3995 1753 16
466 4833 21
2300 396 17
715 4355 53
4438 33 94
2496 4418 9
925 2060 84
4176 2155 21
3958 2466 18
3082 4889 6
764 5024 10
1015 1635 54
1906 1522 55
3410 1585 13
273 3499 24
275 4987 40
4099 3633 89
2635 1599 66
4850 4217 73
2782 569 32
2708 1959 12
4115 4711 1
4212 3531 50
1917 2796 9
3830 1271 46
4577 4505 86
1714 4139 22
3036 1730 36
3011 3610 18
777 2038 61
1842 4828 73
3850 1095 60
2154 3236 70
1370 4536 8
4494 2136 73
657 1404 14
4562 2679 17
3559 447 97
242 2417 83
3903 3376 20
3770 3739 71
4035 2810 1
1931 4496 72
1383 51 29
4988 4376 34
742 900 19
4218 4222 31
3010 2444 40
630 3829 100
2457 4743 4
742 2861 32
4078 4569 56
1952 3513 63
1345 3859 40
2475 866 95
2037 3543 54
271 1233 8
3107 2609 86
3761 4158 25
3338 3322 88
3423 406 74
3651 4322 100
1824 2772 2
1937 94 57
3360 537 32
1169 2955 78
1036 778 19
3580 660 32
3292 2605 7
631 1612 75
4051 2946 48
1384 1101 27
4305 2363 9
2532 205 62
2637 292 13
2541 1515 11
2084 4980 2
3452 4795 25
851 3674 78
490 4304 72
1688 2255 76
1985 3630 1
425 4831 100
195 4699 67
3610 410 71
3384 4477 21
588 1480 98
1151 1890 57
1128 3698 96
4111 4017 73
2189 1112 61
279 1699 34
2157 4087 54
336 372 4
3115 3590 98
3372 2617 67
3264 3648 89
233 2005 45
4467 2524 93
2784 3787 19
2175 4816 59
634 4410 27
438 526 63
1247 3212 68
2700 2638 42
1362 385 5
3057 4432 26
1384 1055 73
2596 3071 64
3342 1675 80
529 2898 99
914 4530 69
2499 4646 74
3831 1497 51
3935 527 5
2109 124 43
162 163 84
291 3450 61
412 4687 4
128 4607 87
1910 2893 12
2741 4439 1
2055 1688 66
1908 3774 40
4974 1975 6
4275 3136 82
4358 4813 72
2211 2286 76
533 2442 25
2383 2395 60
2467 4191 22
1612 1278 50
1890 2493 58
1104 4901 38
476 834 70
2934 298 7
4353 1273 49
2292 1673 82
404 3665 89
4230 4765 4
4626 4784 73
1035 4744 85
3381 3336 34
2357 3841 37
1772 2912 66
2631 1165 83
890 1617 66
364 418 76
3679 4554 85
2315 110 29
24 2974 60
2643 2436 67
4099 3086 78
4028 1714 80
3600 3075 100
2520 1945 5
4115 2579 45
3907 4563 57
3769 1279 62
615 2409 41
3510 1462 66
1213 1025 91
2463 62 8
1235 4567 91
2214 4050 22
1980 1071 12
4944 2298 23
4431 3210 76
2886 3973 58
2144 1768 20
1155 3289 87
189 2989 31
1624 3003 7
200 212 71
4227 3374 52
529 1414 35
4470 716 49
1428 2194 59
2311 201 42
3687 4696 7
976 123 59
4006 1506 15
4105 939 74
178 3791 69
4111 3655 92
1458 2365 23
1827 2710 41
2360 2346 19
2126 1528 65
5003 504 56
4572 2920 95
4392 1380 40
1214 888 94
132 77 32
4378 3601 76
479 3255 43
4716 3691 61
2306 4907 88
1197 2737 19
1903 1366 45
1577 1814 21
2554 444 97
3978 1655 43
647 695 79
2799 4978 53
3066 685 26
1257 989 64
1793 2008 83
4314 4368 97
4049 3074 36
4749 5027 52
3167 249 91
3733 4870 85
4991 3249 62
2387 2937 33
2153 4770 24
2554 535 45
1149 434 81
2486 2577 47
2032 4735 34
1369 3301 49
3672 266 1
278 1260 90
3533 2855 85
3711 4110 94
2515 233 72
916 1163 98
4173 4840 63
3016 1886 52
4267 1259 97
2007 3031 58
1651 4736 7
3001 3041 33
1981 27 81
2519 2264 97
1089 3278 33
3837 2476 59
1804 3060 13
4861 4257 30
1589 3839 84
5028 1790 71
4631 3757 92
574 4340 37
4574 3857 94
425 1178 78
1090 1922 57
2586 4540 1
972 3306 73
703 4223 48
4705 3760 4
4993 3325 80
2650 1183 21
3547 412 8
3297 4524 83
2167 108 17
200 2201 94
4637 2958 48
43 4868 12
4389 2116 19
2827 2532 13
1292 318 95
3931 478 97
850 1488 21
1837 4656 24
694 1389 66
2175 1102 77
837 1063 77
3115 2167 92
1370 2708 71
3036 2226 28
2523 4399 14
517 3640 2
1217 4079 95
921 3811 29
1 657 62
2617 4243 64
657 4267 53
4626 336 17
3422 3019 52
3651 540 85
5004 1900 51
1190 2304 72
4661 1052 100
1558 1847 2
3182 177 19
607 2207 15
4015 3694 32
3022 4136 87
3915 1677 2
2022 161 18
3063 3564 68
2523 743 86
3697 4788 100
4836 761 67
1185 3960 17
4513 3868 72
3614 1970 70
3281 3029 97
2534 1326 27
4749 1551 38
4283 1855 13
198 2833 49
1956 3341 84
1209 1526 96
1915 4786 30
2012 522 20
561 605 24
4105 560 70
4550 2472 33
4425 4794 56
2325 931 44
1253 801 52
4386 4279 40
1952 2948 51
4376 4779 29
396 3207 93
4422 4189 81
2756 3936 1
1456 1867 12
4047 3701 72
3211 4986 94
2425 1807 45
4051 2981 59
607 3261 2
296 4749 23
4355 875 36
4333 4426 93
1734 4862 58
2440 1406 78
749 3853 88
820 462 66
2362 32 84
746 3392 98
4318 395 15
339 2329 45
1151 3157 97
2946 1899 99
870 2411 67
1559 1722 93
1967 109 85
1311 3259 20
797 2846 47
1740 1783 10
1498 545 87
3298 2252 29
2998 4407 58
1836 4967 2
2178 4544 9
1558 159 84
1049 559 45
4178 4255 10
2868 4349 30
4077 137 15
1756 1126 78
2144 4436 4
2630 1803 9
2455 3906 7
16 1747 90
780 3523 87
4433 4824 7
3873 3226 62
4566 4497 51
4745 3840 20
1340 2140 35
1612 63 94
2323 4872 47
2088 715 33
764 2268 21
2181 4324 65
610 4853 27
4310 2071 80
1595 25 77
3715 3860 100
219 3684 14
3774 4935 65
2897 279 13
220 1031 94
1931 748 17
3334 2119 57
960 2109 19
3229 41 27
1173 1892 39
4676 3323 59
14 203 24
1371 2139 46
1913 3195 29
3017 1727 59
4295 1583 68
1424 4609 54
3304 454 74
5019 4702 38
2797 2037 25
3398 3661 85
2784 3690 19
338 3089 37
3214 4691 38
4702 2020 74
1002 4140 42
2053 2972 81
3579 2104 51
4885 2903 20
37 2872 2
152 4367 35
2167 550 51
95 4218 54
1090 4592 34
1660 635 45
944 3320 69
3358 905 41
2485 306 53
1194 453 37
4621 2278 56
4951 1151 29
1268 2157 24
59 1352 22
2576 3742 82
2000 3745 99
3931 1976 14
3217 2052 62
1804 114 47
1561 2746 5
4629 1999 46
1788 3951 26
2846 671 28
2530 1660 61
1646 4016 61
3806 2702 77
4704 684 19
2066 3043 33
354 1865 91
4660 2655 7
4419 1050 92
1444 3170 39
4980 1006 11
61 4864 55
3999 4963 83
4583 4492 88
2813 3964 89
4599 549 43
3809 735 33
2001 4168 70
1764 1647 2
2591 3676 13
755 4469 94
4678 1618 61
24 2563 44
1975 3884 43
4528 1883 18
1365 2799 63
3410 3437 28
3839 4153 44
1077 2042 81
1797 4669 28
896 712 97
1733 4357 65
1379 3977 85
4449 4942 10
1979 1603 61
3091 826 15
3839 4177 39
4689 2469 12
3979 4386 5
1892 91 64
2253 4725 20
1740 4200 15
117 1089 31
4160 1266 100
2496 2922 28
3138 4034 78
3672 3397 100
4855 2004 55
1659 4260 86
1958 2043 95
2885 4920 96
4513 1755 96
59 2134 58
384 662 65
918 4988 13
2896 985 98
4480 1937 6
3388 484 100
1995 1346 69
1939 4413 97
4127 2854 82
291 2220 77
4574 1003 10
3696 4835 86
4041 2768 86
3579 3176 95
2827 3423 32
4622 3934 30
1473 2459 36
4072 3309 76
4433 1911 30
2951 4785 7
2350 2456 80
3001 4195 93
2236 2195 97
1352 773 14
2983 3424 70
2701 257 93
637 1841 13
4680 705 60
1350 263 29
1290 2120 100
953 2204 30
1726 4121 15
538 81 25
4272 2428 7
2098 4487 50
1009 869 95
3145 646 20
2055 2543 38
179 883 14
277 2905 58
1030 160 82
3115 4488 75
3989 2887 1
2307 4781 4
3857 1956 82
66 1908 9
856 2047 72
4101 2352 88
2933 3120 83
4839 1919 35
3313 1073 97
1900 4435 5
2 3315 26
1624 1775 33
4226 2582 19
1049 315 26
2943 209 33
1389 3477 86
4316 2421 88
2204 471 42
261 3763 79
3733 197 37
116 4997 71
3117 642 99
766 1957 34
968 3258 2
4539 3798 86
4453 4251 78
774 4961 46
3360 3192 17
140 4763 49
1281 1039 60
3183 513 48
1049 4664 3
1345 383 65
2001 3201 97
258 3456 21
3828 2054 49
2538 4478 63
1934 3282 7
3539 2029 94
3413 58 58
3161 106 18
835 324 50
2214 4891 96
3375 88 54
2658 260 92
4178 2839 97
68 1322 2
695 3118 26
3347 1702 8
2811 1142 17
4528 4908 91
2998 4557 10
2289 80 19
951 3340 89
1253 4690 74
4633 2280 100
220 955 51
14 1796 65
3351 2701 38
4665 835 6
2779 2453 83
2431 2749 63
733 2083 1
40 612 31
4028 3076 54
1028 913 52
3361 4918 63
895 2548 97
4265 3846 39
43 780 66
4657 145 54
4889 5021 26
1662 1062 74
1345 1827 70
3721 3729 79
3703 3737 12
1897 3296 22
3514 558 12
349 594 46
1119 4969 25
1141 3193 87
1158 294 88
2417 4020 9
918 221 85
4308 4992 33
1575 3052 49
984 2153 50
4861 2802 27
1 95 83
2037 815 12
3635 1054 95
3958 1593 49
132 2114 31
522 498 61
3404 118 95
865 1792 38
2419 2828 93
3375 414 67
4719 2185 60
4597 3182 88
2388 1719 51
2708 1823 77
1609 891 81
1987 1598 25
2164 4641 70
1039 1185 18
822 1215 7
4160 4632 44
4823 153 3
3469 185 48
3967 2392 91
3517 2125 35
1039 1172 69
896 53 43
4019 4591 72
4335 1754 27
3382 1763 42
567 4574 86
4511 4931 22
4496 4306 80
3464 3380 52
1507 4420 6
1792 1940 42
2769 2275 2
1849 1230 50
328 4998 88
352 3808 39
2331 789 30
2679 3486 100
4448 1137 82
2555 1087 16
4216 495 50
1017 244 98
1364 907 30
4596 1118 97
4116 4904 7
744 276 36
759 2283 90
3476 4335 92
4161 2916 82
4251 3488 93
1729 4539 78
4499 1368 26
3292 4595 22
2794 2824 51
2764 3295 89
2571 1064 98
4166 4644 4
4212 994 92
2813 1944 59
2095 2474 61
3633 3664 41
1153 85 93
1789 4046 42
896 112 49
1031 2744 16
1368 2422 99
235 759 67
4957 1982 69
865 4528 58
2293 3558 91
562 4080 79
3740 1605 45
4602 2733 25
715 4495 56
2637 732 82
1274 4353 52
1820 3381 68
525 1135 71
4088 240 85
4036 2332 78
4341 172 99
2583 65 81
170 583 38
4826 3020 83
3532 929 36
4389 473 19
2138 2967 27
866 1645 28
3289 4323 5
4326 4533 31
2284 846 35
4378 528 59
3091 1494 69
1596 308 54
1796 4748 71
1974 5012 32
425 4225 11
274 2990 55
5020 389 18
189 3948 30
1631 3445 22
871 2998 40
2741 2021 57
2955 2172 58
3315 3689 90
3145 4705 68
1600 954 34
1981 1519 34
782 1256 35
231 4450 79
4743 3870 21
1930 1245 96
791 2295 17
4723 3831 9
3241 3064 99
4572 362 52
4383 4823 80
3917 1901 65
4197 4500 9
4143 4375 96
2011 2103 45
2056 1751 6
3679 4476 89
1893 740 19
2428 2684 74
4824 4715 64
4998 580 98
446 2376 63
2577 3040 92
901 1423 1
3476 4326 24
1372 111 56
4991 1045 96
2166 4281 82
1905 1693 83
4633 4906 28
3134 4272 62
2747 4606 50
4409 2164 22
1611 143 4
1665 1632 64
3024 1493 90
3291 2470 27
2658 4307 3
1179 1072 10
2303 2685 90
4641 183 37
2337 3641 60
3926 3353 42
2192 3772 58
3016 2622 32
4906 2804 96
3475 4777 83
1055 2571 57
260 3777 49
3968 711 6
3174 2272 86
4242 2212 85
2530 3652 31
2242 121 47
1794 3743 57
1631 3623 31
3687 2601 26
3809 2977 43
979 4909 56
1227 3331 29
4709 1019 20
4341 3345 66
2112 217 24
3189 520 49
3500 4318 74
4406 2290 5
3818 666 51
2331 3730 83
2246 2669 93
3460 3673 36
4402 4583 30
3548 2467 34
2704 1479 1
5027 4012 37
1012 4359 73
4126 1552 100
3817 2210 92
95 3820 5
3635 1430 99
2144 4613 4
4056 4401 52
778 897 74
3334 1004 26
1827 1257 18
2943 394 3
4885 4818 72
2728 2111 46
4968 4745 72
2985 175 85
3101 4001 36
245 1447 8
2519 357 76
2891 1301 61
3485 1774 54
3202 2089 10
4881 2177 21
2512 4899 22
4326 3059 58
4448 3034 68
4367 904 86
3969 4152 5
2343 4417 13
1612 615 82
3313 3552 41
4422 3138 27
4508 756 88
4207 2161 91
1914 2985 92
95 3621 23
3455 2714 21
4632 2321 6
792 2908 36
1378 2820 4
232 2634 93
4534 3300 19
1055 4810 83
3493 4277 29
4265 1961 23
2694 1536 42
4366 4325 36
1936 2499 20
95 4431 11
2215 1180 90
367 4100 41
441 4035 8
946 2923 96
2896 4125 59
343 1595 22
626 4265 58
2325 2868 28
2530 2919 89
3287 1863 62
583 505 96
604 3288 6
1230 2102 28
4956 3524 84
1801 4142 1
4492 1269 6
3471 1926 42
2960 1591 49
1716 1223 95
4258 3007 19
2782 4383 25
99 2066 73
2031 2633 30
1013 2239 86
1914 1502 45
1298 4385 29
2024 709 3
1860 1240 42
744 4216 7
2151 4597 44
4812 576 8
3078 1086 17
1205 1700 41
3164 2588 91
4871 2857 57
1447 325 99
4372 986 24
2486 791 9
735 1059 18
4212 4645 58
4809 683 68
1805 3569 3
4801 3881 86
3547 3115 100
412 4361 100
2319 4502 40
1536 3682 17
1830 2718 35
630 438 84
4991 2995 75
2908 2795 83
2875 1894 19
749 3943 95
2086 1168 68
378 4584 42
731 3512 15
1786 2451 55
4431 3367 16
2068 3902 59
1241 3904 72
852 2481 89
2290 4083 43
1488 957 58
2731 1114 64
3805 1425 46
1541 2160 17
4723 2178 83
1727 3728 2
594 3388 74
4678 3166 100
4844 2895 63
4272 2917 5
2943 2782 44
3818 820 45
2160 645 43
1517 5022 90
1572 2048 89
3078 1157 57
851 4629 29
258 4647 20
3613 1248 34
906 2051 59
2522 1281 23
2914 4122 56
4073 115 81
2165 2950 74
2961 2091 53
1412 2284 82
4098 987 41
1492 2712 25
3520 4242 86
878 3717 50
584 1732 20
1242 364 14
3254 4428 49
145 3501 51
3791 1789 33
4841 1275 29
4311 1931 44
3383 508 59
3841 2267 21
2437 3070 73
3954 1312 64
179 3263 35
4308 574 60
4513 2748 22
4499 2644 3
80 4915 53
890 2788 63
1434 3776 64
3170 2333 69
3392 1187 35
3001 977 47
449 2825 30
1820 4358 16
4911 1204 21
4977 591 21
865 3272 81
3492 55 80
3721 100 87
998 3447 83
4311 3978 70
561 1517 31
4753 4700 19
1386 1864 21
3400 1265 88
4779 3096 75
3623 3387 7
3294 1909 83
379 4421 13
224 3812 61
4674 3364 32
417 997 85
1169 24 44
2396 4507 12
3160 5001 49
3343 482 53
863 3672 15
132 3284 97
1404 164 15
3830 2942 45
1413 1990 92
3342 1232 48
4550 1239 51
17 774 48
5000 2348 6
1039 1713 10
2253 779 48
3969 450 10
3584 3616 52
1155 480 44
2927 873 79
547 2 21
1143 572 38
3117 2176 29
2617 2867 22
1181 3260 39
1599 3314 96
4272 2342 97
2167 3235 15
4539 4391 5
3531 4712 35
1850 1875 81
3582 1511 100
3867 224 27
4939
3895 835 308 136 4145 370 3548 3324 2532 450 898 4953 3134 3718 4302 2682 3060 1178 236 3112 3044 3020 664 1766 3393 2353 3230 2929 1835 4359 2068 704 3655 4562 320 2562 2886 901 1001 852 4100 1225 3410 2493 4470 2889 4633 4481 4398 3937 3648 3435 4467 4457 4342 4852 4085 3057 1123 2958 3694 1239 2101 2721 2522 4868 3297 3724 1937 430 2412 923 2718 2240 4091 3446 466 4732 1154 4987 4948 2476 4893 3681 543 2196 429 3452 1963 3759 2899 4043 2706 1306 4966 2446 2748 46 3686 3999 3109 267 501 1748 4237 2904 2517 1150 293 329 3416 4506 4818 4140 3828 5004 974 2508 2457 1685 4972 987 3893 1802 1074 1915 2468 897 4131 3475 3988 4607 4894 4363 163 2111 1408 1321 235 4572 3278 438 3685 3659 1083 454 960 3421 13 1659 3371 1728 1760 4640 1609 4129 4634 3358 954 3865 4422 3684 3096 4368 4856 1125 1510 4601 424 3696 4503 1951 2514 2751 3242 4037 3015 1389 4855 4054 4799 727 4789 4081 738 624 2282 4923 3464 3861 3640 2469 4829 644 18 413 3525 478 4070 1566 205 3968 692 2966 3143 248 1122 2045 199 2105 2333 654 3288 464 4662 2657 1705 2106 3683 195 244 3323 1862 4194 1149 4031 1016 745 2601 1719 383 2763 1486 1353 3561 251 2474 362 4530 4159 3253 3444 3407 4825 2395 740 2910 4132 566 4999 4189 728 1922 1461 130 3261 3609 1309 3286 4805 3130 2292 530 138 758 3770 1471 4847 4919 3658 4652 4114 492 4057 4778 3123 3329 295 2978 2443 3751 3704 1877 2262 2036 715 2241 890 352 2066 2497 702 2830 1439 1197 1936 3846 458 701 2338 1891 1618 3723 4642 2477 2246 5005 3577 1854 3132 99 1186 1419 2367 1029 1209 3350 4292 4428 4175 2433 800 3917 3093 734 3418 10 3382 2635 4309 2071 4895 110 282 1160 732 2856 2793 4012 1853 4835 744 3455 1578 2331 2097 3981 1228 3438 1467 1375 3369 2059 2725 1508 119 996 4907 638 2777 3842 3481 4304 3189 1068 1851 1183 4469 2580 3905 4188 622 2833 1184 812 1473 3467 233 3144 2659 3290 3402 836 1380 213 1828 1986 4328 3726 4504 2558 2147 2741 3551 3234 2556 508 196 4426 1476 1106 576 3237 4926 34 4497 3827 4510 2633 4209 1627 2519 4343 3156 4909 4698 448 657 2149 4144 1176 2553 2362 398 620 1484 279 3679 3211 3786 2559 1148 1277 4874 2984 4197 1138 113 4006 4439 4541 4042 3881 2133 630 4236 1072 3980 3346 1605 3024 4655 140 4749 636 1989 1826 691 2012 2543 2812 1267 2427 2221 1620 2016 2521 4547 3037 4152 4004 1142 4299 245 3938 3325 2701 107 5000 2785 4333 688 839 5012 989 4139 867 4897 3089 2323 824 3955 420 3215 3845 2527 423 804 3141 3915 1295 1143 3428 4970 3962 3804 3328 4596 2643 4580 400 1000 2509 4280 4496 3477 4438 2689 4531 3094 120 4977 4078 4102 41 961 3580 4810 1894 2931 2783 4098 4445 3868 1057 2983 1370 4767 4025 1071 4887 3764 2838 1914 3675 4567 4464 1257 3772 4499 21 2693 4356 1463 4585 3944 1941 1162 3111 2178 4501 3140 3645 2780 3559 2779 1390 2707 4734 4453 2943 4737 1459 1540 4764 2744 2495 932 2208 4718 3841 4284 4268 37 3300 4447 3137 597 3556 3239 4466 3364 2895 98 3270 504 1067 48 637 2341 1717 164 4134 1820 607 1973 4978 2549 56 3010 2819 3135 2828 3714 3021 1021 4225 2731 1781 4536 3575 2757 2891 3169 1887 414 621 4731 72 2817 2799 2806 875 4559 605 1234 3011 123 2270 2668 3992 784 4111 4836 542 2713 182 3862 1912 716 798 3443 2644 3244 4416 1255 2572 3059 2370 1946 1997 2842 3563 4902 166 188 1328 1093 3661 127 1435 62 30 2948 4869 499 1082 840 2678 129 614 3463 2786 2056 3485 3977 2566 3067 1320 2727 3853 463 2619 2540 3903 3153 3383 1896 2971 1919 2836 3246 4520 3547 418 4712 3003 2099 3308 1666 3193 3174 2472 1308 4703 339 2529 3097 3295 3791 2329 1304 4332 15 2993 281 1701 895 2815 2949 2478 1845 4675 3628 2840 1644 106 2826 1905 216 2288 4604 3221 4691 2887 1227 2573 2735 1696 234 4040 4492 2425 3584 4529 4032 580 1026 4411 1515 848 820 2898 795 365 4630 3653 4334 4321 3933 1195 4888 1773 1278 3047 592 4412 3914 3744 2737 2429 4857 2766 1396 3596 1727 3273 2592 1943 4672 2423 3110 2381 1479 1446 2539 387 4495 4169 1969 256 1803 822 4846 238 71 3411 4627 270 2335 3946 2076 472 2201 4249 1945 1216 591 3105 2551 231 3267 2359 2397 944 3633 4456 2947 3187 2300 1226 394 1752 4258 4958 2040 1806 2771 336 2377 4694 4631 4224 648 2417 2504 1819 1638 3482 841 173 172 2453 985 2992 3833 5 2608 678 2239 4787 4493 3225 537 357 184 4636 788 2487 4783 1762 117 223 4358 3041 2581 2832 830 4632 2996 2388 951 1669 3678 2260 3362 3432 208 447 498 1386 2875 3070 2881 1199 2048 1744 3621 2065 3277 3778 60 4865 218 467 449 3710 171 1608 1115 4293 332 2268 1410 3258 229 4841 4076 3889 4615 913 3813 2238 3161 2642 2692 3835 1687 1336 4760 3550 2967 1703 4502 4896 3351 2542 3124 3927 2312 2125 3222 2781 2396 4715 3034 1524 33 1736 3515 4228 589 4370 1778 2297 3287 4186 2259 4414 3233 95 2907 4203 511 1897 658 2849 2638 1101 4519 2753 3822 3959 4862 4733 3995 1926 2340 4205 4988 1334 2029 655 3735 4311 4876 3950 2681 4039 2355 4348 4930 1201 1450 1271 1374 2306 2850 573 3099 754 3979 4786 3672 1265 2664 615 4103 1254 3489 4793 3415 4137 1137 4386 1977 3235 4183 2919 2622 4750 3689 4914 575 929 4969 1369 1124 1377 894 2033 4754 1560 4146 484 1647 3136 1458 3693 3121 3598 1453 4516 4565 2755 4374 672 3952 1020 2405 752 2251 3994 2415 3314 1095 2905 4959 4679 4 2314 3737 3925 1952 1180 228 713 4362 3700 668 145 2386 4158 4128 3312 4418 3600 153 1098 4801 1394 272 719 3616 278 1582 2014 3466 1003 2027 937 1929 3676 4654 3040 3085 348 866 180 5020 4494 5019 2666 4253 4524 4769 1940 3171 747 4024 4667 477 2722 2560 4517 1157 78 5011 1742 1565 3340 3544 4344 3527 4761 4912 1818 3543 684 4797 358 1090 2531 938 3642 3840 4891 1629 4971 2646 141 4552 2809 4264 1263 1581 3152 2925 3792 4578 3811 3506 2518 4372 878 1333 2649 545 1454 1243 3922 1187 2007 2005 1470 2480 174 998 2705 3923 940 3091 2008 1568 2013 4666 2439 1443 4385 2796 1340 2269 4487 309 991 154 3719 3579 63 1537 197 1272 616 3788 226 3557 2602 2651 3341 4985 2432 3677 28 3028 5026 3673 3805 4863 4483 2760 456 4270 3327 3478 3637 4046 4477 3190 3384 791 625 285 1404 1881 4678 943 1441 642 1958 3426 4974 2230 1552 1468 4689 823 2768 1571 3245 4659 3229 2808 1368 1249 1711 3943 4540 4563 1882 4913 2712 52 27 3800 4242 2010 421 1750 1198 1024 341 1637 3113 4395 3473 506 1564 3731 914 3712 3877 1583 2248 1492 491 1035 1006 536 4388 4088 4873 2249 94 3168 887 3163 3795 2389 3667 3585 1813 3039 488 2740 3783 2714 1070 2916 2174 4872 2897 1318 2175 4392 1900 1555 382 4200 546 958 2747 2973 4658 87 1795 3949 2481 2609 604 4543 4823 889 22 2488 1782 4617 4223 3363 109 1585 3069 2170 3087 1683 2441 3967 1772 2290 4366 2860 2716 3049 922 1733 1745 405 864 920 1430 473 2194 4968 4957 981 1628 4075 495 2283 773 2400 522 2039 1135 1059 2214 344 2319 4717 4768 749 2398 4522 4858 3365 855 4550 4657 2924 1076 323 629 3379 2756 2501 1548 1546 4500 4066 517 924 561 2710 3339 2688 1536 1562 2189 2334 4555 3147 1523 1856 1341 1129 4558 2861 828 2303 5014 879 124 1349 1698 4866 2752 3756 4560 4380 2042 3409 635 4030 4059 3745 2093 3691 2625 4758 1990 4833 2299 967 2052 3162 3553 2921 4384 3249 1314 2272 925 641 2302 3445 1503 2207 3539 2660 4227 4435 4369 4276 1852 689 2254 2024 407 2765 1729 1407 3133 4373 1920 3912 1346 97 3004 4877 838 4446 4624 2281 706 1746 1980 4472 4635 539 1181 2624 4882 1580 3823 582 3761 4710 2058 3326 4003 4471 770 3257 3427 2901 4610 2414 2804 4250 3777 307 4766 2798 1584 2729 512 4035 1860 1302 3292 4535 1324 1290 1100 5009 1208 4490 2772 3593 2926 2773 3799 4609 183 2131 1903 3532 3036 2561 2759 103 4724 2287 4436 2490 4317 608 4185 1311 1692 4133 1821 3542 1034 3375 4307 3210 4626 3311 4473 1030 4628 1714 1023 2621 673 3606 3646 3625 1763 4644 2831 268 1300 2126 1192 4673 761 3844 1979 3058 3855 1079 3032 2313 1934 4594 3282 2090 4166 4989 1420 1364 899 4586 4413 4883 4721 3022 978 3711 1858 3969 3304 2100 369 3583 366 1495 346 4827 4716 1861 350 3572 3921 2974 4049 2419 2407 3630 4742 3741 4389 2874 2294 4287 3148 1236 1660 3780 2987 397 2409 4331 707 1959 3624 3768 371 1931 3901 305 2820 3378 4834 3280 402 1116 2264 3766 2129 2225 4728 372 4889 4105 1532 4574 4508 1477 4310 3509 931 2216 2546 2431 1639 4437 3558 4598 2072 483 3490 2788 2047 4118 3192 29 3514 2533 132 3484 3377 5018 3736 877 104 3887 4534 1391 660 4179 2918 2537 1275 3348 2683 2278 1448 2578 1999 1734 3337 4745 1767 54 3907 2253 1805 4816 4976 4094 2582 4341 4241 3294 697 3801 2593 1876 3599 3825 2961 2436 2113 4885 240 610 2483 541 4033 1483 2484 970 1715 2087 2030 1131 4298 3251 2498 258 577 3118 3522 206 2880 5027 2085 3439 4170 1675 475 1643 1250 3816 2032 2234 2344 1214 1009 3618 1175 606 1077 988 559 3602 2913 2515 2723 767 3394 2512 4106 1875 2922 3095 178 3666 3386 2265 1427 4201 1110 4997 865 2591 3814 2677 4619 782 2908 903 351 3355 3042 3078 3888 1738 4425 2094 1245 2858 2088 3374 1942 3990 1084 3965 4770 1879 534 401 2215 1018 2979 89 2956 2305 787 1784 1051 3006 661 2155 4602 4722 708 3864 2413 1617 200 1494 3108 5008 2108 560 474 3775 2197 300 2226 2686 1770 3953 2857 44 4743 1572 581 1885 2448 1838 3692 4415 518 3857 4696 3638 2894 2873 1702 873 273 909 1825 4755 2805 1577 101 2994 1688 4599 2211 3236 1998 3978 19 4934 1829 3709 4817 2900 1359 4963 793 2986 5024 3101 242 5023 2787 4771 224 1136 3932 2912 1911 1966 1598 3479 3442 1207 2138 3643 4984 4575 3699 2291 4765 453 2204 4994 4589 4115 720 1322 1312 2006 735 2454 1388 1689 3812 1655 558 3500 4400 1134 1378 4753 4080 1146 4951 1658 100 4017 250 3353 2485 982 3774 3005 1842 280 1849 2187 843 4942 1285 3184 2814 3354 3065 3798 1323 3265 814 565 4461 2673 2844 347 4337 1706 4701 4811 59 2182 896 972 590 1992 4351 1624 1907 2821 1356 2164 3035 2670 1656 3361 757 1712 1873 1514 445 563 861 4713 1387 1259 4981 2915 128 4848 1475 832 43 1846 20 2952 3605 4324 1635 3186 3129 156 3472 3803 3397 984 4489 1210 4748 1233 1653 953 431 4791 45 2165 1558 3451 827 408 4269 2390 3983 3259 2614 4708 2571 1755 1599 4361 4551 1087 3985 2151 4206 2000 3970 1460 3882 3170 1815 2378 801 2607 4051 4424 979 3604 3319 1831 1739 1416 1984 4172 493 2550 3734 4928 3316 2647 3433 4884 4213 446 2970 3654 3306 1634 2471 917 2583 337 811 1892 4087 2152 4881 1850 910 964 1224 2119 2902 3219 2738 1641 3503 4177 202 4798 3987 2709 992 705 3870 3562 4018 810 2938 2444 2055 294 5028 4920 3389 3053 962 4089 2613 2116 2932 263 2696 3924 1559 2220 797 3276 1751 1527 4511 2070 4063 4597 4124 4410 3488 4549 376 2797 3376 1332 2586 1833 4746 3549 1539 3614 441 3936 296 403 2198 2021 1506 2141 2928 2658 777 2603 1303 935 3569 4256 4090 379 1987 733 1064 1103 4141 4339 316 4482 1798 3984 2326 2579 4521 4954 3191 2496 2232 1344 1551 908 2708 1518 1730 380 2871 1718 1530 1901 4911 549 4664 2667 4670 4683 588 2482 1507 2736 4255 2627 4523 1012 1480 211 1694 3317 3167 2525 1211 1889 3068 5029 1720 277 259 2273 3080 1376 3025 548 2258 4584 111 3546 4123 1054 4050 2402 4222 4191 3785 1342 1037 569 1397 3581 1924 1674 2112 514 2687 3272 3054 1008 816 3582 4434 1657 3491 647 3199 3797 2524 759 1109 3151 4826 3725 4065 2346 1449 65 1847 3188 3461 2892 1809 4142 1060 2279 57 1010 1949 377 419 4338 524 1930 1888 91 2233 2118 2363 3499 676 2746 3086 53 1222 911 882 4217 2145 1223 2406 3212 2347 2526 4353 4900 3721 2343 4364 1215 670 2015 4690 1768 4986 1893 4011 4354 3079 516 3195 3762 64 2001 3343 1052 3843 2379 3894 2069 2988 4454 3951 1140 4316 1027 4005 2185 4349 1649 3434 2640 3026 626 2199 2051 505 4808 3998 1464 2795 1864 3753 4164 1280 3330 696 3331 3742 3849 3660 2098 1673 1139 2466 4681 1788 2927 3771 1326 4480 4219 1843 2968 2620 3462 1965 4486 1452 4579 1723 3090 4013 179 373 4605 1982 4570 3705 598 3248 3826 4656 2304 4367 2236 1121 2699 1859 3333 1594 2864 4643 799 4291 698 4807 1351 3935 253 4261 2906 2383 2628 726 1817 2630 4326 4812 2376 912 168 2222 391 3179 4831 1412 4120 1786 3902 1695 5001 1777 1362 3493 4849 149 1445 3997 3650 4407 1474 388 2382 1521 4821 2096 4600 3214 4590 1413 476 12 4993 150 612 2117 214 3359 2086 2959 2595 5022 4568 415 2356 942 1373 3185 1923 410 4148 3255 1316 4774 507 5017 4198 1597 2776 1235 4844 4918 572 3266 1678 3002 2229 3608 711 883 4312 2674 2589 354 4199 262 2122 3794 3045 1179 4735 3084 4646 1325 36 2018 1393 1592 2930 3934 3837 3309 4838 2675 3832 1400 1652 1890 4990 3116 4608 1697 1213 3807 4995 3896 4248 1128 640 2228 2669 2577 126 3347 3055 3497 1976 349 1002 2437 677 14 2791 3623 3181 4350 880 695 3626 973 3038 61 1964 3081 2092 4860 170 4740 1081 1535 2605 3262 2365 780 633 2698 3398 891 4620 876 3342 1097 4092 3030 2732 4289 4430 529 3929 175 4052 1493 1756 11 4288 4809 1610 4187 1595 4527 1586 4727 4539 4232 2123 1648 3664 3758 528 2035 4283 1007 4220 1650 2610 1415 4697 1545 1626 4167 1232 3332 3029 3815 941 4777 2301 1870 669 1403 2691 1170 4875 4300 4069 4171 469 4819 947 1880 1352 753 75 4571 1757 232 3722 613 3431 1918 756 3571 3019 114 3150 2851 16 2154 725 3629 470 1044 4892 1953 4611 2920 3486 1938 2885 1743 465 1282 3850 3429 2528 1343 2064 2049 4226 3207 4566 2834 1621 3456 1048 2361 435 2761 2942 2244 1863 3720 2075 1161 1330 4393 4104 2280 3695 215 4178 2717 568 486 1636 600 2173 4922 2985 4429 844 1970 3102 3476 2505 3457 1830 4099 4686 2645 3083 1623 2202 3858 845 538 1681 1553 4138 3352 1194 3829 3201 3631 2399 247 2475 3916 368 4921 1501 4230 313 997 115 2328 4390 1130 858 4251 4181 1354 4861 3740 4387 3535 2702 1807 3508 3357 181 4028 4526 4462 2121 1590 4561 3730 611 3639 1765 3898 1169 2516 821 1614 785 1917 3098 331 4207 2969 4048 2210 1499 3885 1779 4381 2877 457 3373 252 4173 4433 1319 1496 1569 2218 3668 3274 617 1058 2575 4956 2374 4247 4182 4593 2585 2775 2742 3275 204 2445 714 2017 2426 417 4518 3986 1317 306 1451 2909 3891 4850 4029 731 3974 4730 3453 3976 3615 3513 4452 3939 7 2470 1350 3851 4685 593 2463 643 595 2862 4668 4950 1866 4233 1844 3519 3370 3157 3594 3227 2176 1800 881 3240 2852 1774 1579 3176 2606 1645 4932 2568 893 443 4725 4297 1968 375 871 2318 4576 3023 1017 317 1996 462 1602 340 2168 952 3597 2160 142 2451 2120 4403 24 1700 3831 4763 2914 3107 3649 2957 1593 4101 2191 4824 481 1039 2452 3588 4564 4870 3574 4840 1716 4377 1991 1159 3321 3748 2053 519 3765 3307 367 3404 1596 241 2357 1974 4784 2295 1089 2665 1112 540 2091 1372 2095 3971 4318 2050 2801 3564 2079 1395 1092 302 4295 1022 4781 66 4460 1405 4161 945 3440 4964 2650 1693 842 40 1284 2728 79 2960 2325 1606 2563 1173 2990 1526 3322 3874 763 2060 3145 4055 4093 3782 4498 3767 411 574 4147 905 712 3305 1732 4638 4009 3338 818 710 2031 335 2982 4174 304 301 2352 1360 4190 1993 1771 2144 862 4272 3872 4532 2351 3320 4391 2934 4214 4752 3690 86 4637 870 2369 995 2538 3008 628 4639 1679 3071 2618 5021 4376 4782 1550 4621 2183 4577 4729 3671 4660 17 2859 2841 1219 2933 509 4688 1398 2339 1258 2976 2923 1238 3763 2311 651 3552 2062 1780 333 2652 1822 2554 1366 3688 288 2028 1504 4830 9 3975 2231 1014 949 3716 1117 2963 1005 461 3757 2999 2634 3966 5002 1274 3656 513 2127 26 3530 395 3073 2492 460 1511 1704 355 1925 831 4478 4113 191 1672 1113 3796 662 1240 1040 2205 3511 3554 683 1898 3247 4444 4622 4780 679 2245 2401 3310 2576 1810 3810 743 433 4828 4108 2672 809 751 736 3279 4939 3335 4587 198 1603 2697 4967 2818 2486 4275 2584 703 1288 1417 2730 2464 343 4707 2520 3301 904 3018 3521 1747 2883 1409 2511 4788 1874 3412 162 291 525 378 4693 2289 2375 2879 4682 2588 1823 3876 3115 3366 4347 3367 4723 1102 552 4096 2869 3082 3139 490 2954 32 4795 4992 4940 4016 1384 1429 3449 950 3644 4014 4010 874 4221 432 779 1790 384 4933 260 35 2366 2680 3000 1791 3419 4706 2044 6 1273 2139 1080 3627 1262 859 2803 4315 68 1661 794 1053 3890 318 1932 1036 750 2277 4067 4936 3498 4595 3197 860 3707 1190 4485 4135 1156 4246 1296 4450 3164 3406 4616 2418 2368 1522 4553 220 3647 1491 1869 2109 675 1331 4880 2212 1414 796 254 4041 5015 583 360 2778 2917 1478 2574 437 983 4149 169 1144 4915 3217 1640 1668 42 2148 1547 4991 1749 4260 4231 4890 299 584 955 485 133 3487 4792 4064 3991 4072 4239 4647 1436 2408 3264 1921 1961 2227 3014 1466 645 3526 3345 4285 3860 2456 4327 4937 2523 444 2868 1164 1434 4097 4143 4910 489 4443 2794 4623 1428 775 2217 269 915 381 4903 2853 1686 1612 88 2438 2995 4606 805 3595 25 2939 1281 4588 4405 3072 426 1442 284 4045 4802 1358 2107 936 3607 1031 2022 3177 1505 564 2404 665 2827 1908 1840 363 700 2784 3747 1462 3260 436 2298 1145 4515 292 2847 550 1085 3198 674 2502 2951 4122 177 3336 3062 1061 1824 819 533 847 2166 3570 4542 4837 3958 2950 1305 4648 4820 3886 2179 84 1218 562 3194 4983 2975 3048 2825 3537 1204 872 1279 1200 324 3387 3289 2393 1948 4692 3232 1902 2535 1812 4074 849 3155 2455 3063 4023 1836 3437 4759 3510 4704 3127 627 1073 176 1630 2169 3117 1642 4262 8 4505 2391 601 4739 3817 5013 2135 3146 3120 2637 2846 345 2981 3051 1339 3565 1995 663 3483 3848 389 1994 96 999 1231 3674 1575 1440 2600 4022 134 2142 2184 3538 4421 1418 609 4554 3738 165 2080 5031 135 1563 3226 2991 1741 1042 2461 4062 765 2811 571 4800 4121 3494 4007 772 3220 4513 4212 603 993 2534 854 2025 3285 1269 404 3518 4259 853 1425 671 4569 1895 1533 3852 497 869 2159 143 147 792 3982 2337 1065 157 4320 4979 2473 1935 986 1283 3789 4944 4537 632 2536 3250 3450 3517 966 2360 4449 210 4058 2019 2132 739 3448 2078 1456 4296 4335 4772 547 4960 2420 392 934 2893 4379 1670 3208 4738 833 3417 2161 1531 93 1011 1601 4218 3610 1909 653 2937 4279 2224 3760 3873 2513 3996 422 83 4208 980 77 159 2307 599 2026 4417 3128 1126 3913 1939 4973 325 551 321 338 2103 1206 2552 4583 2073 969 1399 2489 2428 4196 2124 1256 681 3560 412 1567 2789 2782 4071 1868 2110 2034 2599 3392 2944 4556 4945 526 152 1241 2935 4112 1691 3619 1167 2156 3180 1099 1158 4340 2336 2219 2442 1015 3165 1147 1899 4193 3746 3555 685 1502 4491 4314 2685 2284 2 2800 4215 3942 3016 4163 4946 3224 737 3131 3293 4904 1538 1329 1967 185 886 1604 4210 686 1424 4294 1883 4680 315 760 3961 4509 2143 1841 965 1544 4234 3910 480 468 2354 4427 3869 1294 2392 3076 649 3830 69 3524 4806 3381 452 1654 3750 3657 3205 2310 2037 2848 1776 2193 2962 2081 2171 3344 3802 3906 2769 3460 3269 3793 3502 4546 4162 2694 1289 1855 2822 1482 4751 888 4674 3138 1576 1557 5003 1865 3708 4854 557 2890 3158 2465 2626 1049 1726 1983 2594 1191 2745 4803 2648 3077 3380 769 755 2285 4901 3213 1152 4853 167 3074 4136 4905 4263 2424 2896 1574 1276 3496 50 4747 2315 815 4669 1607 4699 4935 2330 1589 3396 3372 1127 4714 2770 3701 1886 2421 3589 3268 3520 4077 2733 2163 1 3534 1725 1962 116 3119 2373 1174 4153 3100 2662 1498 4119 4641 459 2349 2671 4965 4160 1119 4008 4244 3092 1355 3954 3920 2695 2724 3884 3586 3206 1307 4998 3878 723 1447 246 2824 3420 1796 1465 3142 1381 1737 3713 4204 4442 4423 342 1185 4404 3670 237 2726 2823 926 112 2195 957 1794 4859 3687 1541 2316 2089 2629 2972 3904 2317 1884 2598 1286 3204 975 1542 4396 900 55 3591 353 374 428 1981 3495 3612 4180 2371 3202 92 2057 3856 189 3425 2663 3545 721 2767 2128 396 3172 4961 3728 2181 4431 4360 2703 4235 3948 1944 3056 4116 2286 4671 2597 850 1141 2936 4127 2676 4126 4663 916 3231 102 3422 666 578 2460 1423 3911 1799 1172 4034 520 1166 3824 554 639 3611 2494 1988 3603 1421 500 439 194 1611 2137 160 1933 3447 4484 555 4306 2774 3313 190 1107 4125 4929 1554 4677 1690 4265 1196 2544 3839 1168 2684 4975 151 4061 3727 521 4867 4899 1613 4924 442 1132 217 121 4474 3424 2411 4582 902 4618 4952 3166 1455 80 4402 4021 2711 3001 1512 1816 2011 4000 2802 579 2564 3405 5007 4355 1120 2631 4479 4322 3149 718 2162 2611 4243 1004 4168 2237 3013 2507 682 1972 2102 4878 1111 4898 846 4015 2293 1671 1237 1785 3209 1327 1114 125 3819 781 3459 221 3507 2157 1722 2063 699 3512 3334 2863 2450 1978 503 3052 3697 2884 1721 3779 3241 67 1587 4109 2223 209 82 2023 4927 3114 2394 5016 310 2762 3755 4240 2750 1046 1260 261 3930 1848 2038 2384 3892 2190 1872 2146 3773 3787 4451 4047 724 527 1363 1202 3504 3125 510 118 748 4525 4931 1699 813 385 2719 1837 3838 1335 959 1337 1433 1033 3160 687 3834 1735 4036 1055 4056 207 1789 327 3567 694 3318 2180 3 3436 2998 2790 416 2274 1808 322 2345 2082 567 4879 1625 1287 2308 3899 3652 4871 2255 4581 2854 1385 275 2206 58 1839 3665 544 2837 2743 2350 3900 4266 479 425 1297 1955 808 105 1078 2829 4290 2623 393 1310 4814 4794 3964 1105 4832 3634 918 434 3754 634 553 1500 39 255 868 3729 523 1392 4079 230 4514 4815 502 2172 2296 4038 2734 3956 1056 3541 3043 4254 742 2813 3196 4238 1916 409 884 2878 2655 4406 4790 1094 3592 1365 76 3200 1878 1549 4684 3669 3413 3880 3928 4378 1632 2855 1266 1118 2321 2653 4419 3516 4156 1041 928 990 4365 3836 3590 4303 2940 2061 3821 2134 2271 186 3733 3302 1253 2641 3808 1108 1043 3159 3820 1299 1013 158 1383 778 2385 70 1556 4557 4613 2462 3941 1217 31 3501 1792 1682 1075 4720 334 5010 4528 1534 1707 3883 4980 2807 1230 3356 3271 1947 4375 1871 656 2434 494 1513 264 921 1662 693 1481 2247 3173 4409 4756 2364 2261 2440 1104 227 3360 2167 764 85 834 3662 1193 3066 4775 2458 1032 4906 2749 2867 4962 399 1422 1543 3973 3947 2447 3682 3400 1270 1600 4726 2150 3441 3818 3296 276 4705 1469 4150 4027 2449 1488 2654 1444 1956 1713 2843 4095 4082 3523 4117 3568 2136 1633 266 762 2816 825 3897 3175 722 3388 4073 1761 1088 802 1347 1437 3182 2946 2020 4155 515 2003 2690 2792 4943 4592 451 4676 326 3636 314 4533 2587 1927 3012 4440 1591 2213 1457 4785 977 5032 2104 919 4086 3752 1133 2590 2153 2839 4252 3769 3349 3536 4507 4107 3399 4281 2041 1242 4448 225 4649 3863 768 3218 2209 863 946 4916 1038 1298 1731 203 2720 4548 3103 1646 1203 2548 496 2074 4651 3576 1814 730 3528 4996 3263 717 2764 2636 146 4192 1155 2348 3122 3088 3050 108 2242 2243 2700 3573 3879 4394 3408 3918 4925 532 3401 3298 2467 4399 3106 4211 2320 3046 2130 3385 139 1667 2555 4612 3622 2266 49 4475 1251 1528 948 1248 155 3454 4397 857 1708 1529 3064 4762 1709 4083 1379 3423 2200 2084 1431 2192 4271 2569 786 570 1050 3790 1268 390 1509 3403 2410 4845 2945 2977 4458 4700 790 286 1754 1985 1489 3299 2704 1913 4773 1787 440 3931 1516 4629 2866 2499 1561 1928 933 1954 1028 4776 3017 427 4864 1063 885 2612 587 2964 4687 3216 2322 3702 4401 4202 1710 1519 2009 3632 3871 4709 623 239 81 3395 5006 3228 1357 4282 4383 2882 2342 2530 1573 1171 3533 2639 1292 74 4068 618 2872 330 4982 1615 807 3469 2845 4352 219 1151 2422 303 1261 741 3717 3183 586 4796 4949 3972 3781 1904 1950 487 1775 2203 2810 4813 3243 2114 594 4625 2256 2835 3945 2276 906 3960 1402 2870 4157 2416 3223 2257 3284 4614 1221 3847 4938 596 2565 817 4382 4488 290 2387 1220 652 4130 1247 2186 4917 774 1069 1345 3492 776 4305 187 3430 1971 1811 1252 3698 1651 3909 709 851 2503 4001 4313 4779 4955 4842 3009 1619 193 1066 4822 2158 1801 971 4060 4665 3613 1680 994 4357 2965 2140 1315 806 471 3706 1401 3283 1438 4301 311 4645 3926 2547 1025 2188 3993 201 265 3867 3315 3859 650 939 4420 1244 257 3254 2758 4216 1975 1804 51 482 2380 3680 3739 1724 1189 1957 2989 3178 3505 4020 2332 4325 1086 1047 1753 144 2115 1517 4053 1906 2876 1293 4947 1246 2235 1163 2955 3963 1338 249 319 783 283 1663 192 3027 1684 4573 2754 3919 386 531 2263 3033 4653 2046 3663 3480 3866 2911 4084 907 4711 148 2252 364 3743 4151 2403 1910 1622 3075 4277 4661 4229 4371 2888 1406 927 3203 1832 4286 4468 619 4165 1348 667 4154 1313 729 3578 2617 4839 1525 2054 2250 3061 1676 4463 1153 4603 2043 4267 1677 1834 161 4465 3474 3940 3256 3587 2510 2596 556 2267 1182 4843 3031 1472 3529 4346 4195 4441 1165 803 4695 1758 2953 3703 1367 3540 2739 2506 4591 3458 4184 4941 766 2661 535 1827 122 2865 5025 3601 212 4538 1205 3531 1188 2275 73 4274 297 2358 131 137 930 3806 1411 1432 4719 856 3470 4908 1783 2567 2324 4019 2615 646 2002 1487 3635 4002 312 2372 690 3303 1091 4278 4329 2980 3617 298 1867 2067 1382 2715 1797 585 3126 3776 4308 1631 1616 746 3957 38 3620 271 3854 3252 4323 1769 3749 3291 4741 4330 3989 1045 4176 4044 4026 4545 1664 2570 2616 4544 2479 4702 2903 4757 1764 1291 3715 2604 680 1062 4110 3784 2545 2327 4476 4336 837 4886 2500 3281 23 4432 1570 3391 3414
