3424 133
3215 3138 74
2416 2074 21
1084 1104 57
3222 3335 63
1848 945 97
376 1937 12
1674 3409 63
3388 1830 45
1932 3162 97
3065 1798 4
692 830 83
3024 2949 42
218 53 22
969 1287 53
1005 2954 39
2568 196 45
1148 3084 23
1070 1613 4
3215 2180 68
1972 1794 64
1 2746 39
2699 1076 1
3349 2642 25
2744 317 78
2310 2329 24
1844 3063 64
332 27 44
3307 702 83
764 2238 26
3228 1173 21
1696 919 61
2806 1501 38
3318 2272 42
1114 383 33
1064 1921 41
455 892 4
952 1873 45
2023 3153 34
803 1526 13
54 373 97
2228 1025 39
1202 1476 76
1343 1890 75
2143 458 75
536 1371 83
200 1944 24
1851 2283 86
3383 2573 100
1215 2277 31
2982 2718 31
1892 408 56
281 3028 56
1592 2571 13
1173 2663 39
2115 2296 7
224 5 77
1516 3080 89
2321 57 66
1592 2592 50
1579 1513 52
2239 817 22
725 863 25
2168 749 91
1752 900 84
3282 954 63
2940 1452 14
1801 2190 8
360 2781 34
1358 75 64
253 2405 58
370 341 31
153 810 29
2155 3046 31
1197 376 30
2037 378 100
2504 3186 86
1845 1887 53
2204 1854 56
3237 2864 34
1310 2788 39
1051 384 7
1821 1684 78
3083 3359 20
1723 2588 80
2053 949 25
1713 45 80
2886 452 44
2222 1441 15
2009 2944 42
1882 1977 45
2169 950 34
2297 1902 16
2825 133 88
2864 1382 16
1295 167 23
525 469 29
2440 1189 28
525 35 89
1586 501 96
1486 2146 47
120 3070 84
3290 2401 25
1242 1623 31
2859 150 70
965 2481 61
175 599 94
3121 61 29
1576 2478 75
1479 1716 41
896 2338 71
1016 3268 53
2862 2896 54
301 470 88
2210 3179 92
2028 171 63
317 2803 69
1201 3344 100
2622 3005 30
157 3025 88
1386 1669 65
2239 2880 63
2265 1838 77
2452 3287 39
1583 2469 48
1218 139 91
3275 111 32
2727 3233 42
1490 1630 76
58 2552 70
3134 2263 4
1058 1785 42
1186 2564 83
2729 2064 24
2861 3350 11
1518 1446 73
2675 1044 45
832 3001 92
1991 1167 21
1656 1546 72
2408 1833 64
1492 3058 58
957 592 29
896 1308 18
2774 380 45
2440 3094 36
806 519 54
1595 2271 45
1916 2088 43
2239 1489 52
149 2699 77
512 1319 89
527 1542 18
1965 598 17
2425 1562 55
3068 1427 66
2275 3345 54
645 2989 45
3058 3299 56
3056 3241 4
1841 1295 92
1661 2621 32
267 2904 16
3257 2444 72
21 185 37
2853 2414 60
386 639 17
1805 471 12
1005 895 50
52 2125 55
2288 2930 27
145 1114 35
831 2784 51
2564 2770 39
2378 1258 90
1424 93 78
1277 166 23
1426 337 16
3184 581 50
2665 168 3
1089 1938 74
960 419 83
1201 2291 83
2566 2724 10
2521 2214 64
2279 2659 18
1895 2695 46
2433 1425 61
2353 1419 23
2285 568 69
2558 2085 52
898 1090 75
2220 1974 24
1537 1065 26
787 3193 74
1018 527 94
1417 69 51
1623 880 70
3308 1914 6
3050 1517 32
99 3189 8
1848 2606 59
2010 2488 55
1142 3300 65
467 2978 84
2318 2533 69
1536 1515 7
1268 1119 19
507 2911 51
1436 2535 70
2142 1782 38
1534 3272 59
536 202 70
2937 412 58
2482 3230 80
1173 3164 48
141 2894 64
1046 1129 49
2312 441 19
1592 2257 91
798 944 44
2357 2776 73
1172 2546 17
230 1991 14
845 623 31
3185 812 35
3200 2902 2
1044 3235 45
3126 43 18
1437 1752 70
1730 626 67
251 2372 3
1125 1439 95
149 767 98
668 905 75
3090 1828 55
607 2260 1
806 2705 75
912 2114 84
3408 2118 56
1038 2397 41
113 1647 47
3408 59 23
1266 2708 61
552 1805 38
1844 1058 95
3351 352 83
3103 974 98
1217 859 74
1161 1695 96
180 2374 72
2778 1764 19
3341 266 43
368 2394 13
2922 2151 80
3228 1691 85
2939 245 82
2154 2078 85
2982 918 76
1784 3007 30
2020 3053 69
301 2631 73
3278 1236 3
3155 526 80
1683 2049 47
1492 253 70
1755 2410 98
54 1646 62
888 2483 73
1609 3209 93
202 2800 22
2335 2727 70
3403 1817 54
1328 734 81
1555 2391 41
735 2139 31
2438 144 51
1081 10 44
2598 22 44
1144 837 25
771 1206 15
1787 2997 93
1207 2100 62
2213 1514 61
960 1531 75
412 235 92
513 3291 47
2479 2534 32
3042 1525 8
874 1499 82
1097 688 47
2342 2029 84
1734 248 97
1016 1652 20
973 1179 90
1197 2966 85
648 1197 96
11 1027 47
1083 699 54
3143 177 69
3222 2799 32
740 1483 77
3202 1431 40
3335 465 67
703 2681 64
998 2677 7
3067 2591 76
1710 3024 97
2116 2449 73
794 3364 96
3261 951 43
3146 2859 30
1492 2595 14
3171 2402 81
2392 1243 5
138 981 87
238 3097 5
1507 3059 96
3312 482 81
1579 2774 92
1852 2563 69
3357 2281 95
2499 24 29
545 1936 8
3245 1553 30
637 814 67
1318 634 78
25 2648 52
1261 2941 23
184 2187 35
1360 3166 16
3382 1070 63
2052 698 7
1931 910 40
1967 1987 86
1535 97 47
638 274 16
2993 2 38
781 2882 14
804 2728 52
2512 1038 89
353 3395 12
1508 2176 2
1937 2921 14
1223 1722 22
2637 1471 77
1050 2617 32
3178 282 67
1898 55 28
2773 1030 59
2614 1958 55
2744 1125 14
355 1845 30
2380 636 57
3366 1230 94
2596 1143 39
2757 2761 15
2456 2183 97
1414 660 81
2943 1992 51
261 657 76
1307 1451 13
398 2451 32
838 583 48
3222 346 89
136 2857 54
397 17 15
1461 1905 15
545 3152 91
1478 2060 7
367 2518 75
2017 1178 81
727 536 38
1329 7 8
866 2231 62
1947 1418 88
3018 2475 29
368 359 59
3086 2918 29
1383 2967 39
916 2199 19
1872 2276 91
1654 1968 98
2599 2732 70
3278 3384 57
2117 1077 88
861 435 51
1765 1564 11
1537 410 17
232 295 84
2821 624 71
3225 1463 65
3114 1237 39
2666 3161 12
2535 2266 46
2153 1747 58
2495 1589 55
2512 890 2
2857 2327 87
3244 2626 65
765 2937 95
2665 2669 82
1629 1664 17
3200 3357 66
378 104 100
11 433 82
1343 3237 30
1389 2652 38
2278 1381 22
117 1260 65
1096 250 96
141 985 67
381 1857 62
980 2184 24
1846 1966 37
1343 1008 18
1368 2994 5
1440 1110 81
210 2008 56
71 2793 96
2001 2869 86
596 1147 93
1508 1579 89
3319 2336 60
2699 2917 87
747 1241 40
961 1334 88
3058 2791 63
2083 1889 34
1318 3017 27
2637 1655 29
1377 2820 59
1875 1882 54
959 590 33
225 2747 60
717 204 6
449 3222 72
1667 2590 28
2816 302 6
2687 194 62
3236 1571 24
279 988 59
19 1321 70
538 3292 65
2029 3110 93
2512 371 31
2032 259 77
2735 1500 14
1244 1086 55
2098 1406 11
1461 1815 74
1034 3289 18
595 3016 76
1896 1650 68
528 429 45
3386 1200 89
1013 2502 55
294 182 31
1401 2883 18
3142 2744 29
11 2723 91
2357 6 40
971 415 48
1518 3086 27
2781 2582 15
1251 3039 95
2208 1331 9
2615 649 21
2425 776 3
2918 1300 86
1492 377 45
2559 640 75
1069 1545 2
1849 983 6
364 1224 57
2326 914 9
2222 612 30
2016 2898 82
1630 2660 61
668 711 94
1429 1656 69
2687 238 2
713 1198 20
2083 262 38
1812 397 68
2902 1337 56
2680 2772 1
1405 2638 84
525 2625 15
2207 825 10
1292 2489 52
1142 958 33
2651 1169 85
2062 642 53
3370 96 28
3404 340 80
1096 2928 94
1788 2243 12
2453 1349 94
1995 1645 45
2783 2933 83
1601 1878 13
1916 2317 93
1697 1310 77
2863 862 25
1299 2524 15
1762 1560 76
3412 1503 33
1141 279 21
685 299 47
3366 3394 44
814 898 32
1535 856 20
1197 3266 27
1555 715 6
3381 1702 14
2992 1761 23
1220 1801 11
1778 239 68
2487 94 61
508 1219 33
152 2121 71
802 2458 15
645 2950 69
494 3419 56
2699 422 92
628 3141 15
3104 2810 51
13 3421 54
1494 157 1
1814 493 67
3202 1872 50
1198 2015 78
1999 2195 52
1574 2006 3
64 3091 11
1537 2730 31
713 2227 31
1120 2556 75
1890 3068 10
2687 1840 43
463 1859 57
354 3276 79
1592 1403 16
2446 2223 80
2597 2099 6
2870 1519 97
1892 1541 5
3190 1742 38
2671 3156 49
1285 2756 65
2838 931 44
3369 1100 78
1196 1396 14
3246 1013 58
13 1252 46
2680 1347 10
1415 1364 70
1932 1475 10
2783 2862 74
2265 1417 44
2866 2691 12
3146 2334 51
744 2971 13
3251 2716 68
781 571 81
2110 1998 51
2526 2785 32
1282 2797 95
2700 1155 55
2479 184 54
325 1362 40
919 1813 2
2674 47 87
77 959 28
3210 1609 30
967 456 46
3266 2627 28
2649 1101 49
2395 2662 36
2169 1209 92
231 839 65
279 2993 27
1305 1274 83
2403 1012 78
969 504 17
648 1479 97
2786 3057 51
384 611 88
1507 372 99
116 735 75
1798 270 60
607 438 41
1977 1405 63
2054 331 49
2007 1391 78
3098 2279 48
1253 70 74
1301 3132 97
390 2523 71
1257 1881 78
2227 443 85
231 2366 44
85 1883 11
2923 2097 10
637 630 65
2990 2865 15
1776 319 61
918 3393 67
600 2815 22
1277 2653 7
3416 1584 29
1109 2775 81
2912 1255 60
716 3411 52
736 84 45
3219 2235 96
37 2980 80
2705 2611 13
2635 1497 80
762 1926 22
308 935 44
1788 1929 61
817 874 88
1333 2358 17
412 1495 1
1812 937 96
1851 1034 74
2176 799 94
1464 2893 23
854 3240 18
1708 1453 4
507 1865 65
969 3398 92
1913 987 7
1018 1294 96
1872 1756 98
2027 1272 7
660 205 18
1630 1442 47
1364 824 29
1774 551 6
2443 1597 96
2550 1888 32
1490 1492 22
463 1360 90
455 1093 97
1339 1633 37
3294 234 54
3000 2773 49
911 972 90
3210 389 17
1318 2875 100
176 1913 75
3172 1733 55
397 3 30
39 2618 14
2416 143 21
1365 2288 18
2429 3389 39
2169 1468 46
1849 398 15
1691 828 73
2044 2300 2
1519 2647 29
3251 95 42
1298 254 70
2639 432 27
1713 3329 5
2989 330 81
1415 1763 13
387 459 26
1 1710 24
381 738 19
169 2450 17
1507 1508 54
2789 651 90
1492 1765 75
1709 832 11
1718 2413 29
624 3011 95
1586 2749 5
3250 2026 39
3045 2837 46
723 2445 72
3067 3042 9
1051 1585 66
2010 11 68
585 2584 69
371 1582 7
3075 328 45
2326 546 50
2557 1151 84
2535 522 27
1372 2884 93
727 678 64
661 1293 73
2422 1429 49
1343 1141 94
1171 897 69
630 2544 71
652 44 55
3365 562 7
2633 1574 15
2452 2463 50
1537 2792 65
745 578 40
1877 1054 62
2209 2599 21
803 2439 88
2155 269 15
1415 827 32
711 2424 89
1186 156 15
1734 2299 66
3315 162 67
557 190 7
2033 1191 17
951 3213 31
2114 3417 28
833 318 90
1965 1640 67
2175 2517 70
113 3366 30
2807 1580 13
2744 2112 92
2420 1306 86
993 3309 42
2261 969 50
3090 2814 16
1582 1879 6
1508 2778 56
1802 2152 54
1467 1659 40
253 766 59
2559 555 84
1119 1084 60
548 3414 99
710 201 7
61 362 61
2453 927 7
753 1018 92
2206 1398 16
886 3259 85
940 1530 71
1630 2261 95
1053 1410 20
739 1277 81
770 1105 46
1880 3079 11
2153 1940 29
799 1807 58
3362 2494 90
3065 3060 64
1579 1035 1
930 1690 94
267 3376 15
43 1303 59
3265 1694 6
607 227 45
1292 628 61
2329 632 67
3198 1976 48
1644 503 76
1266 223 1
120 2757 43
1774 406 6
1523 1193 23
1528 725 73
261 3194 95
2110 1778 81
2343 1818 60
806 2130 19
3266 774 44
2867 975 72
470 765 26
2823 1304 22
2242 965 20
841 2945 85
512 1210 98
1784 460 18
1859 3168 1
2677 2390 30
2627 2557 64
1091 2654 76
2027 3136 5
1882 134 49
374 3254 49
1480 3050 14
1783 65 88
2943 2947 67
693 1725 18
3069 3328 11
1424 3352 16
1356 1222 16
3083 2704 44
547 87 7
1431 324 69
1455 2543 2
50 152 21
2261 2881 6
2506 1040 61
3048 3150 66
2173 2236 1
857 1221 26
3126 2162 17
894 1051 41
1647 861 87
444 2763 57
3209 2634 96
2211 2589 67
2732 454 62
2217 240 54
2776 952 44
370 2964 59
603 2938 13
377 2179 65
3265 2228 53
1682 879 76
185 109 49
1276 3123 67
2906 1896 65
616 3405 41
2817 106 49
431 1802 19
2096 161 37
91 3140 92
2067 1207 4
1186 2852 50
3286 225 82
1117 1901 74
3150 2225 83
1362 1313 84
2135 885 9
1609 2855 43
855 132 64
3067 2476 39
949 3003 39
2972 535 24
3017 3010 55
2327 3367 63
2665 1378 73
1359 680 72
2992 2051 48
347 597 52
707 2303 42
3083 803 13
1478 195 92
2592 2795 22
198 3131 37
3370 3336 70
897 509 8
1276 997 85
1877 1325 84
3149 606 68
2957 1245 40
1556 334 93
2065 2816 34
2518 1745 63
3324 338 87
1339 1307 98
1604 2824 7
978 838 62
687 2636 32
2375 2547 43
1227 1214 35
136 1066 79
2305 1728 43
2321 1986 68
739 137 97
2125 2741 7
353 1981 84
2423 1638 35
1116 2702 78
3198 2736 20
2187 1021 78
1079 3270 68
765 911 98
1807 1552 92
1592 2715 10
2295 1953 12
1494 2137 38
1057 1876 7
976 1094 63
3325 2193 69
433 2497 32
1847 3341 50
1511 2278 66
1753 1863 6
3031 2527 63
2570 424 25
1504 2641 86
419 3420 8
1757 1736 47
1399 342 4
1900 3279 70
3404 561 75
2775 3265 64
2908 19 68
1697 1199 31
2591 25 43
717 961 45
1597 2585 58
712 2076 76
1176 2619 13
2922 2932 41
83 1744 99
2877 1832 3
1005 486 18
1844 1042 98
1723 1132 88
3266 3382 34
3240 1743 58
1702 2936 13
1380 1512 28
1321 2934 77
2443 2032 17
1449 2853 13
450 2876 72
492 288 28
1002 2629 83
2671 2052 61
1311 2603 32
2886 1504 39
1993 163 15
160 2709 18
355 3385 63
1383 2490 27
3058 3052 54
1411 2905 18
3323 23 43
3350 1636 45
1431 686 76
3202 1069 83
1054 2240 54
453 2765 100
3383 2498 36
611 2487 78
149 2022 91
2194 1982 17
1242 552 78
3083 637 5
71 72 1
314 172 29
2394 2910 17
2780 368 91
561 2165 14
2553 463 30
339 2205 95
1976 1737 81
1551 1098 34
2778 3056 14
2042 3323 53
2054 427 5
1977 3391 37
2313 1085 81
2743 1032 45
2818 819 29
45 1279 6
3266 1739 89
2500 1158 59
945 2712 64
1331 2675 42
1266 2168 19
941 2428 65
3338 3121 15
1777 906 97
2124 1507 64
2547 2141 22
2289 1642 48
1753 1941 80
2450 1408 31
1613 2337 20
2052 2115 96
1187 602 16
192 1972 83
3121 1261 81
2478 365 65
1161 3312 68
3231 1049 41
3340 2771 98
2468 3267 47
2360 2586 9
2823 529 44
46 719 64
2519 2559 86
2275 933 90
1119 1668 9
371 2804 20
2233 994 12
355 566 37
1255 2315 48
479 3019 96
2239 2726 27
402 1561 30
489 160 51
291 1278 27
1283 3018 99
2784 1336 92
2933 2899 22
52 953 52
3306 2664 16
2470 2309 51
2729 966 78
1631 2948 79
1713 1592 31
1263 1355 29
2908 1232 66
618 207 74
2557 652 18
2173 2701 65
248 573 41
2236 2477 82
2784 2847 42
2825 2764 10
1526 3106 97
253 3207 31
409 420 9
1995 353 37
51 176 92
691 2047 80
1713 2239 63
1378 3301 26
1616 2172 63
1424 846 54
832 2447 94
487 2161 18
2250 1891 55
593 2254 62
1727 1548 84
1734 2581 14
2017 3170 32
1361 1063 31
593 79 14
492 472 33
1285 1892 91
1676 2786 14
2462 2132 88
1780 3316 12
1841 1812 60
51 1488 53
890 2942 49
2767 2219 39
2005 158 37
1095 1474 17
2372 1043 6
2005 154 35
3098 1651 44
1849 2360 59
1144 2743 45
3162 1570 1
294 1639 100
129 876 33
2023 3044 16
2288 596 22
1023 2610 17
1242 1359 84
735 675 77
2821 2361 9
2835 2019 46
1927 1159 53
2095 2399 20
929 1136 97
3081 2267 28
1 2443 99
607 2526 98
661 2530 70
3365 1858 75
3090 345 65
3024 1165 29
2836 792 38
2348 2895 43
2710 1789 11
1806 1411 78
3258 517 68
149 2351 50
1634 730 39
256 14 92
1784 2042 54
3332 2667 63
1848 1022 10
3352 1422 15
223 2007 85
828 230 33
3142 2342 99
1073 142 26
322 1352 28
1938 461 87
1358 689 100
1840 294 28
1932 1447 81
91 2432 54
2295 942 63
2716 2719 74
2437 497 94
798 2344 57
2200 2340 52
1556 1216 55
1619 1166 74
1321 664 95
1100 724 87
839 1779 93
335 363 85
13 208 94
3397 2835 94
2685 1591 87
3375 2782 2
566 3343 68
2570 2473 10
1577 2290 34
864 3129 48
2440 1989 2
3059 2931 8
1195 1631 17
3178 3257 94
806 2720 91
518 1455 92
353 3256 34
1303 3227 85
1079 858 17
1588 2953 38
652 3188 22
411 2430 99
1492 1824 97
2744 1810 31
2154 1309 39
868 1726 70
2689 264 32
3271 1693 26
1713 1142 70
1135 1081 34
2135 3348 57
2454 333 60
87 3069 60
2451 2102 71
1783 1596 99
770 2809 99
356 1967 26
894 1750 82
2273 2924 10
2828 8 57
804 745 13
3357 2539 56
2122 2153 27
2425 228 54
2241 936 87
1271 3337 13
1673 3342 34
3241 1238 51
865 2269 16
2920 2794 22
2961 1156 16
1426 3191 49
567 1853 8
2088 1078 26
310 3224 96
2310 912 82
2055 26 9
96 1581 49
2652 2734 43
341 1149 77
1415 2169 57
3083 798 37
2122 478 6
1786 1598 74
2046 2909 29
2673 1563 72
2846 746 73
1268 1862 78
284 978 35
44 2468 76
1541 164 48
2335 3280 46
2835 2341 55
2452 30 91
2176 1925 37
259 2927 3
2539 303 31
3083 1723 56
1508 1005 86
351 782 83
414 395 69
751 2513 58
1390 999 76
2128 306 65
2534 973 77
498 2292 53
2945 1822 94
2908 1727 82
2262 1927 67
2124 3195 2
2060 2230 76
2062 1285 68
3024 2578 85
747 1803 12
2634 2759 66
146 901 66
751 600 44
2513 1617 32
1691 760 52
2950 722 92
2993 3225 34
2959 417 26
419 1363 97
2729 1055 52
560 56 6
797 1282 100
516 1821 84
2035 3157 70
1331 1748 15
1528 360 74
2945 3247 44
1380 3319 23
86 3178 4
2460 1384 97
3421 3378 77
2260 1202 70
1647 2050 29
3222 2957 78
1528 457 67
800 556 8
2300 1820 73
2282 796 14
705 2693 100
1993 569 51
1217 381 38
449 242 35
2123 726 26
1070 1108 42
1654 2935 92
726 2867 5
11 1653 17
251 3410 32
648 455 81
1240 124 28
153 1983 52
1618 2566 3
2615 943 54
2239 682 47
1841 2956 88
1634 1988 25
2668 2409 26
1362 1493 51
550 394 76
123 1368 27
2899 2054 97
924 434 87
3382 1777 27
2533 2186 45
3210 3040 46
911 2845 51
1304 3326 73
3144 2897 7
765 1288 58
1993 2801 60
2875 2604 7
989 1984 37
467 2069 99
2507 1028 60
2959 1490 48
2488 603 79
960 1787 94
381 714 5
2897 1498 2
984 495 27
1039 1072 30
867 1115 82
1140 3119 27
1069 439 72
87 3416 4
1656 3351 46
3290 1550 11
2333 2846 31
2951 1188 3
1536 179 66
1775 2700 12
898 2289 65
1964 2016 63
381 1286 93
1815 1276 16
1552 18 77
1691 130 99
1767 2576 53
2726 1996 31
2491 2777 13
1845 216 43
1316 2493 41
2868 1588 94
1579 3370 52
61 3137 9
508 1837 18
1201 3355 83
2709 2678 2
1341 2044 95
1821 2362 11
28 71 77
2831 621 80
1931 739 63
1964 1220 99
116 2601 14
2977 1283 21
1209 2101 73
162 549 47
1877 402 7
2541 2672 95
1641 2178 6
186 1924 96
1286 3154 19
238 304 79
318 1036 81
301 1326 90
1529 272 83
3049 3169 24
450 1711 5
3382 1466 98
70 178 87
960 1521 100
1964 301 55
2533 2521 89
561 1097 99
727 692 51
2774 2885 85
1466 762 83
1299 326 47
78 2347 79
1865 1829 22
2279 1709 12
751 3386 51
1848 717 63
2443 3202 96
206 1511 92
1297 1185 46
1907 2147 48
809 1524 92
2261 1011 68
1257 3122 2
2211 2072 25
409 1187 2
392 361 31
2126 1190 25
960 736 46
2524 1259 55
2357 1480 62
486 1547 100
2943 2622 19
2159 1458 51
1449 2305 70
3060 586 2
1844 3380 47
2206 851 15
2981 260 8
2568 2906 85
20 1959 59
2742 1164 3
735 3174 7
2589 2234 28
1891 3306 95
1890 669 63
2544 695 13
226 169 2
2708 2209 55
2064 1979 91
389 1228 68
3338 2870 13
35 1534 11
251 1341 77
77 3130 18
1464 2915 17
1125 1413 87
39 290 41
740 1538 53
1718 1980 61
3189 3324 54
1893 351 68
2592 2872 21
1100 3160 83
3249 1532 92
1774 2613 60
2908 2388 99
2992 1773 70
2476 2224 83
3391 396 92
547 2480 69
2429 436 22
1242 484 86
1808 1930 46
1207 2354 59
1530 16 35
455 2532 46
529 1437 83
526 313 80
524 2384 41
1577 140 80
327 741 58
509 1760 24
2908 2440 49
1114 884 3
2275 113 36
1717 1053 88
1487 2079 87
2692 913 67
1774 534 44
560 323 79
3042 1661 84
1723 448 29
3173 524 34
2156 1456 73
595 1509 66
2239 2972 1
1123 118 59
2775 3296 46
2156 2143 15
2184 3250 29
321 779 14
2329 3387 10
3060 894 77
3098 1099 93
1026 836 57
2459 1866 82
2435 2251 40
53 1082 100
1528 1558 92
1319 704 4
950 3182 5
2101 1621 1
2712 731 12
2451 2925 61
3012 744 66
2850 2364 54
1667 2651 7
2927 1674 60
1490 2395 60
469 2241 41
725 2540 4
2261 1877 12
191 1291 64
2549 1839 23
601 2255 68
313 2393 16
311 559 35
2593 159 53
3382 1414 68
1691 3027 67
648 375 22
3188 1603 23
3327 2833 32
3301 2398 34
3126 421 92
166 1706 24
1534 2555 36
1069 418 34
519 2628 55
1135 3087 32
2599 2005 70
2588 48 72
318 2020 32
820 2812 69
3349 1117 48
1697 3228 55
3111 3062 95
124 3190 6
3029 2465 10
2116 2574 8
1608 2126 90
2360 403 43
1571 1790 46
1851 2738 66
2401 1246 21
518 3104 99
1702 1160 54
1892 3215 61
2729 3307 20
3065 710 39
804 148 3
1009 2200 45
1812 1713 55
2318 1323 22
497 1900 17
3386 533 43
432 2520 96
2224 91 80
1321 3282 51
802 748 96
5 1144 18
1612 3000 67
22 3109 16
2237 1112 68
456 364 65
284 582 69
504 778 7
1750 1372 34
1287 485 91
2062 224 35
1318 1338 11
2042 773 20
1443 2331 47
2591 2210 42
1299 577 19
1844 2598 97
1812 2769 34
2401 2461 50
1298 2258 5
1964 314 87
764 2246 62
1668 3187 63
2236 1904 84
173 2173 32
2436 103 77
2895 15 88
3410 2359 8
728 488 70
1730 2851 2
1354 690 17
2860 3305 49
3281 3101 93
64 670 69
1591 2891 11
1842 1622 45
771 2492 8
3191 1825 100
146 2562 65
1151 2537 100
509 3092 49
45 82 9
1018 547 45
2195 594 6
1692 1875 7
1220 3258 89
2488 1201 96
858 541 60
2040 2332 45
865 1367 61
761 2036 13
1819 939 59
1841 588 1
2463 2040 32
1051 339 76
1466 283 90
1461 617 72
3236 1213 22
753 3406 99
2760 2127 30
1447 2382 61
3269 1644 7
1461 1615 58
2360 2108 88
154 1318 81
2810 2411 49
373 1942 10
2917 90 9
618 1215 86
2048 1516 50
3217 645 76
2620 807 99
466 2560 96
1723 1718 73
54 2528 21
91 1567 87
326 2043 91
1895 2436 93
2807 1965 94
3228 2992 41
1461 3036 29
816 2960 9
947 2692 89
1332 1356 42
2417 1280 92
2112 616 67
1 2131 46
774 811 8
2285 2995 87
2561 3199 54
1374 2422 94
346 1273 85
2652 1019 62
568 1775 54
2213 151 95
2285 411 82
2828 2819 76
648 1186 98
2453 1939 29
1406 2385 80
2718 705 86
1478 481 61
1209 557 66
2649 2328 24
2044 37 58
2735 3373 3
863 2999 68
1215 3149 88
3356 258 81
723 1257 95
2131 1675 5
2600 275 34
1031 1269 87
541 2843 99
1545 3277 56
1652 464 85
2356 1374 28
346 1345 98
2799 1767 19
1812 52 52
664 2419 46
2441 280 80
3333 446 38
1698 41 91
1424 3015 43
919 2505 75
2800 3167 26
2095 2352 87
1426 2250 20
345 2690 16
588 924 88
1612 986 96
3202 181 66
1829 2081 11
2209 740 98
2114 2138 69
2993 2298 25
600 1289 58
1100 1780 79
1859 2981 7
2614 1140 61
205 105 78
1890 791 85
1326 3095 91
1758 516 44
2838 2270 57
2177 1332 65
347 1409 33
2959 218 13
1773 2302 10
2726 2511 52
2067 1665 87
411 2295 54
1415 1697 93
2744 2067 4
2233 820 56
800 1632 54
55 1434 39
1016 209 25
78 98 79
894 180 19
2517 2844 4
381 1975 83
852 2614 57
1183 2181 54
1636 141 4
600 129 88
1841 2000 52
1197 713 11
2398 1477 33
1706 3347 2
3248 1470 78
1808 3163 17
3201 829 31
1681 3358 57
1576 1046 23
1299 46 36
108 1177 79
2065 54 24
998 289 53
3205 629 91
430 1162 76
1844 3368 66
2878 2976 59
762 1195 59
1194 3293 40
3005 2145 14
1069 3281 58
1951 964 60
509 1754 9
1428 934 82
3094 3108 21
3199 826 75
331 276 98
75 193 17
710 853 17
2660 915 63
2060 663 3
393 2655 21
1374 2920 72
2476 781 86
2813 3061 28
1069 1404 53
3336 2164 50
1416 2661 84
2880 231 54
918 2988 53
2131 1268 42
279 2365 43
2062 1612 63
153 2975 70
1003 128 48
2597 729 92
2453 1161 1
1279 3074 6
1161 3290 30
71 2688 83
2598 2886 45
656 1298 68
1851 759 65
1089 1700 67
727 1565 73
1718 2929 70
1528 50 88
3118 809 82
843 1135 85
2828 3126 94
419 3198 97
2863 114 27
2317 818 59
2544 325 75
1072 3077 55
1326 1730 67
1859 308 81
417 665 57
397 1459 1
151 1908 17
2993 518 12
1352 1637 13
2349 268 93
1122 2912 32
113 2386 67
1702 1701 97
3217 1689 1
2042 834 32
196 2826 100
1367 2597 2
1066 1916 32
2221 3325 46
1964 127 46
2091 1010 67
2308 1448 5
3215 877 42
171 2001 39
2614 2714 17
1526 1354 90
105 2144 100
1718 1724 100
3335 1784 85
3198 887 61
200 1416 26
1530 742 95
1652 3242 79
64 2722 17
1460 2229 46
140 2133 18
2184 292 99
1042 2484 94
2767 2420 28
460 1047 8
733 2644 68
2738 1536 2
1223 2745 65
803 706 33
1877 2943 14
2432 2707 67
1950 2073 36
600 3034 94
213 2624 6
91 2680 35
2566 1696 93
2575 564 9
1187 1133 10
2884 2021 95
759 1462 23
2655 2407 13
2306 2140 87
2857 1758 60
3243 366 50
2266 864 84
2000 655 37
2571 1657 44
1002 992 74
3045 3072 70
2899 2594 22
1436 123 26
2916 1864 37
439 595 43
2098 450 53
3055 2491 3
1995 753 35
1551 3041 69
2937 2437 49
3098 1973 2
1044 1769 90
50 1993 41
2005 1242 52
3282 3214 1
1034 320 54
1383 1150 47
1411 1041 99
1490 3251 93
1195 1376 1
2131 1343 56
649 785 49
2874 1315 100
1078 3180 71
420 2163 30
2581 2623 16
1079 1544 39
2795 2640 35
648 789 30
1562 3221 78
21 2182 100
1285 1373 56
30 821 80
51 3297 30
1659 2878 97
710 2567 64
800 474 22
2436 889 17
1336 3310 82
1058 2841 4
56 622 42
1641 1543 97
2396 2674 86
2222 214 88
3088 3322 52
2253 2027 100
3372 200 5
2646 62 94
130 2056 87
2726 2159 58
2568 3354 68
852 1124 27
1197 806 7
1058 3249 16
2337 2092 51
3225 3112 10
1447 3377 38
1199 1922 42
2204 996 28
525 2962 96
2801 1377 2
797 3030 56
1157 2135 27
480 1943 23
1780 2969 54
2162 2128 53
372 2676 25
683 2737 52
1415 1266 37
2285 136 38
259 1460 5
2005 1109 2
1667 1671 52
1197 2110 7
2830 1663 30
3367 1428 31
3083 3278 76
2093 66 43
2413 2496 84
1812 192 24
781 1138 17
470 1677 26
2825 2983 96
1602 1389 47
1372 1128 53
1890 2242 29
1613 1253 60
1100 2558 41
2593 3133 89
970 2031 51
1922 574 96
2545 2612 45
898 1494 48
1209 2506 69
3280 38 67
3049 620 12
402 728 26
404 550 47
1504 666 32
1197 751 7
2825 335 54
2674 772 79
2443 757 66
138 2429 46
3300 2456 28
2583 3008 54
887 2160 46
1664 2167 32
2046 189 69
2615 2554 90
1100 2536 79
926 3418 89
1720 614 89
1848 2122 30
864 627 20
2788 3303 25
1964 2922 84
531 2748 12
1535 1714 84
22 3201 8
2098 1662 81
20 2086 31
283 2426 91
3143 847 90
2478 928 89
2242 1003 45
1357 2561 85
3365 3073 25
269 523 10
655 101 56
2756 2104 98
2599 2838 71
2417 1121 57
2110 1461 92
3291 1001 34
1032 49 42
2847 1060 9
67 1301 90
808 2733 44
157 2166 40
2396 2425 21
1011 1064 92
290 813 90
1433 585 91
2390 291 75
827 1369 90
2571 191 88
3266 2828 29
2841 1163 39
1134 2418 97
2001 1852 46
502 63 16
2634 1002 95
3088 243 82
2131 1734 63
2437 1948 80
1031 2750 62
3046 644 8
1066 1806 7
3416 83 69
1568 3403 59
2656 2287 83
3290 2109 95
2881 1333 22
3245 426 41
253 2330 26
2171 2914 79
2293 3125 59
3340 2459 24
2614 1316 48
5 1225 60
1916 1348 42
2432 271 12
1659 2832 95
1443 1903 46
882 466 32
358 1522 77
1442 3424 100
2654 3318 15
2681 515 3
2016 3128 16
2652 1851 63
2615 2854 50
536 1486 52
2769 2806 96
1803 1102 94
2517 2284 17
2716 2545 63
191 580 42
685 1557 39
129 1469 22
2672 1814 64
1872 1687 82
2256 677 57
2005 3407 38
2064 2670 21
280 993 57
2487 1672 60
1265 591 65
2351 21 53
3268 212 94
3277 873 90
1727 1707 15
1060 2346 89
391 3020 11
2712 1573 27
2121 1679 1
2606 2313 14
171 1955 93
2131 2717 38
817 2098 68
563 401 49
3055 2355 50
1719 1445 17
1132 3102 14
3357 2348 7
803 833 51
1665 2177 19
803 1786 43
1663 1990 89
3000 1233 93
2891 2650 92
3250 1438 95
1074 1799 97
668 793 89
3382 2965 68
1732 1884 66
2430 215 45
3149 1204 38
2627 1016 77
2197 1472 23
1656 3231 16
2029 2442 52
3301 948 42
985 2244 67
1528 2871 32
630 1244 8
4 1420 20
723 2155 34
2561 2322 41
1671 232 65
2973 3353 24
1615 2226 20
943 2731 3
1528 2311 96
1723 9 31
1624 2866 91
1084 1366 52
1440 926 81
2744 2499 49
3047 2616 41
3217 2673 49
2155 2985 57
1520 804 92
3370 413 8
2778 2221 16
2445 1932 46
2095 3234 70
572 822 26
2257 841 36
2386 2170 84
2998 635 59
1416 121 7
1409 3029 27
3392 667 2
1347 3294 20
2627 2507 25
2570 3304 65
192 842 52
2769 2713 82
2233 3404 74
3083 1096 33
683 1218 2
1116 2467 49
2645 2285 18
129 2729 33
1196 763 1
736 85 64
824 743 92
2525 3327 30
3210 2124 28
468 2711 53
455 2375 12
3366 3399 30
1028 1954 81
1652 3114 41
671 1311 64
2877 387 69
1424 99 80
2474 850 71
2375 1871 50
2780 2632 2
2107 3037 51
1723 2197 74
1293 2538 60
2422 2053 64
3285 3349 13
667 615 68
3223 3022 47
2226 2105 75
673 923 83
2498 203 32
3136 1211 95
732 40 11
1998 67 33
2718 2460 49
2965 1168 85
1173 263 12
1466 1089 29
1501 750 76
793 790 90
1604 1528 73
1074 1346 49
648 2062 50
2416 2321 59
640 2817 74
2931 1423 89
2250 2666 8
1991 3392 63
1263 392 33
411 764 84
1128 2120 76
3412 2887 5
3131 29 27
2859 3124 60
2253 1720 47
1203 3127 52
1043 2996 55
1731 2046 40
2713 2084 80
377 979 5
2175 451 63
2534 904 81
3222 102 1
2124 543 70
1108 907 80
3330 1205 60
58 1148 48
3148 1861 88
1154 367 44
449 1171 15
2239 1960 61
5 3165 18
2137 110 25
2821 3311 69
1964 2908 3
2884 3004 72
2254 3021 36
1328 1626 23
1292 3332 37
667 1917 81
2980 1485 31
1 2204 19
403 505 1
2425 3317 12
2488 2018 93
868 754 12
1011 186 68
2035 2721 65
480 1527 39
1931 2320 82
2204 3142 73
2016 2212 88
1844 2083 98
555 2039 80
766 3340 45
2119 442 38
554 2333 16
3217 2090 69
1316 2217 11
1681 3115 43
382 468 88
2456 36 54
1277 1643 66
735 3143 83
2685 1056 91
2253 409 29
2962 1946 69
641 693 26
1526 625 80
2680 687 36
2512 416 95
940 1578 53
1829 327 33
1695 3171 13
2653 1350 33
3222 1608 5
1083 2830 39
1403 2890 88
2733 115 14
2275 2553 48
980 1026 40
3281 430 68
661 1292 1
486 2297 30
1687 1599 51
2592 2324 100
280 3139 72
3330 1467 26
2590 58 6
2455 2570 18
1132 1949 69
1848 206 8
466 1014 23
238 1120 65
2593 1284 57
1859 1430 51
831 1400 43
1998 1037 87
2452 2233 95
2266 3226 79
2158 1811 83
223 449 82
2001 1885 41
1618 681 15
2561 3078 76
2288 1048 13
1995 2434 91
3382 1520 33
2159 2301 100
2252 1796 61
1454 2381 52
767 119 28
2329 1601 36
2861 1482 32
2957 553 89
2542 835 74
453 1229 96
845 3043 52
1049 2643 75
1958 691 13
1364 1572 82
1812 3200 57
2753 1339 83
1368 3035 82
803 2312 90
974 1314 95
2168 903 34
224 3099 80
2828 2326 3
2645 3338 29
2947 2609 65
2095 81 57
2825 1006 9
918 311 69
3060 1846 20
1250 659 66
1968 1783 87
1016 1039 50
1430 390 23
1252 483 73
1429 423 59
2283 2926 86
393 2316 79
3111 1357 6
127 1131 8
3366 512 26
2282 694 6
1059 2649 79
1609 2665 23
518 1435 54
1844 1952 10
2631 2318 7
416 3238 63
1586 1454 34
1242 2123 39
1846 2314 87
1518 995 34
3266 1634 13
1323 2754 85
954 2889 50
2178 1556 15
852 284 65
2374 2608 6
1526 1732 57
876 116 88
1149 1432 68
455 2308 89
677 797 12
1135 878 80
1810 545 17
1993 287 57
129 1275 10
1108 1800 29
204 610 35
668 3369 82
2285 2010 7
385 769 91
2113 2245 81
2700 344 31
2028 80 82
2513 473 2
42 286 47
1492 2821 11
2470 1816 2
1580 12 79
2542 3244 30
1827 2462 54
2513 1956 34
1534 684 63
1928 755 39
320 1344 78
2327 1370 16
1533 2658 13
2571 1950 91
1177 3288 65
1370 1625 2
1275 891 74
1615 768 4
2816 2274 85
2994 970 24
76 700 68
2599 1831 55
2499 1886 25
787 1717 57
432 1934 2
376 1715 14
1892 1092 95
2893 2735 72
2490 2682 59
544 1635 76
2649 3158 28
2525 3374 23
828 1920 8
2491 1031 5
1310 1616 5
2902 198 22
2253 2304 75
2416 2798 63
1581 2446 51
2729 1118 25
2635 2119 15
1538 1766 62
1465 1506 26
994 1586 69
1470 1654 37
2016 2968 17
1423 1751 91
1161 1894 43
1879 220 30
2143 701 68
1015 499 51
2551 1823 21
3104 709 34
1534 506 43
2645 149 40
2674 1555 77
1319 849 45
1630 2973 80
1815 229 32
3421 3401 53
3218 2873 57
1937 3283 58
2775 370 5
2844 925 7
3202 648 81
2773 1682 86
210 2504 49
77 2813 53
1798 2023 52
358 2503 12
2239 2222 65
3059 3088 56
1059 3413 99
2699 1676 49
2732 647 36
2044 1957 27
2293 2849 13
1877 1057 45
3143 1698 80
627 747 19
2252 1342 61
2773 2196 12
919 382 31
1266 1510 68
304 3047 12
2190 2408 27
311 2349 77
1662 3361 75
3078 3356 65
1058 3274 46
150 2066 70
1343 1836 3
2558 1004 44
391 653 35
2126 1020 100
474 1792 66
1998 2194 18
1691 633 87
2081 3071 52
637 2668 33
3195 2356 77
2948 2423 74
666 20 1
3266 882 32
1321 1757 7
1991 848 63
2476 3362 63
1403 2017 58
3274 932 45
413 3271 59
606 1473 11
90 548 16
2434 1251 55
417 872 34
2682 2951 28
2283 673 30
171 3333 9
2868 1385 54
1755 840 49
212 112 54
3054 476 92
1330 1127 74
3335 960 29
3185 1067 81
1680 875 53
284 668 37
1492 2035 43
270 870 74
2204 921 61
2453 1217 88
2124 2512 96
2807 2822 14
668 2514 75
53 2273 96
1470 1678 77
3299 1771 4
1808 1464 57
3149 2694 59
898 31 3
1543 1061 59
508 1152 95
2110 831 61
2488 1183 31
656 265 45
717 145 72
2937 570 13
1622 222 4
2553 2335 90
971 1182 81
781 3120 53
1285 1231 85
1424 2952 44
2533 1770 64
284 173 96
3228 650 10
616 138 10
2767 2435 87
3081 2515 66
352 2252 17
2295 1899 15
3265 3082 87
1662 1502 53
2476 631 68
413 1594 75
28 2482 99
2310 1426 23
141 316 46
804 1281 3
1750 2710 80
1605 350 16
1945 1874 6
1534 1729 36
891 3147 32
2732 3273 63
285 3032 26
3195 607 55
3134 487 24
3060 881 85
2861 2034 50
3274 165 76
1884 683 76
1688 1174 83
1609 3159 84
2112 1103 80
2757 2596 100
1365 1290 24
2916 3145 84
1934 1180 82
1780 3076 51
339 1971 60
803 2637 9
1972 2850 37
1070 1351 85
660 2094 89
2239 2452 14
2319 604 35
1217 1247 83
322 2907 65
2004 2389 31
156 1239 82
1406 513 81
1995 2129 35
1020 1111 56
2746 1907 44
1562 540 91
2683 3100 57
3009 2602 94
658 332 90
2435 1719 25
418 3232 84
71 3263 8
1002 3096 64
200 2404 35
3020 2646 24
938 3390 68
1764 1619 19
3074 3107 28
2950 1606 23
371 3375 86
3047 654 62
1371 3183 46
1889 3197 46
1581 256 52
1275 2879 1
1295 1842 51
1618 3236 34
3375 866 63
3349 1388 12
931 3117 28
1325 1551 92
1645 1340 20
45 2310 53
1276 2379 77
2192 1329 63
2422 3252 45
446 2802 8
2595 3239 77
197 500 79
2698 4 10
1774 2861 95
1585 1175 38
3052 1203 75
1207 867 77
1305 3013 46
1965 3381 29
1180 2033 50
1146 445 15
3411 2990 90
2716 2059 1
656 886 50
1665 2150 70
76 2842 27
2229 1223 96
354 1791 94
769 3208 83
2719 902 70
781 508 61
2414 3066 53
451 241 61
2864 641 88
599 794 80
175 1045 14
2329 3172 98
1958 2519 67
1086 1170 79
2058 712 72
886 2755 62
3293 805 74
2305 2725 72
3202 3002 19
2487 1335 67
3142 2767 78
2130 2293 33
1343 2448 94
547 2106 79
1190 1797 95
1075 2831 90
625 2455 81
99 1703 29
3188 233 66
3424 1753 63
2022 347 73
1691 795 19
751 2961 45
591 1412 76
1528 1265 97
1592 2433 69
1731 1234 2
401 1856 38
1805 296 25
803 2977 40
1526 385 76
2120 1192 5
816 1181 90
1100 3223 24
1640 2760 62
776 1999 90
693 1116 73
2771 528 4
2534 845 56
930 575 94
2005 609 61
2071 2080 22
2394 2684 28
3281 2116 8
2783 251 19
2854 2325 81
3228 13 9
1145 2369 43
1372 3185 13
3165 2011 38
618 74 21
3014 511 99
694 2633 18
1676 871 14
705 1593 10
289 3090 57
2908 2380 20
2382 1705 6
1436 2096 5
1252 3229 62
912 679 17
398 2836 89
842 174 36
1852 1855 75
2357 1263 53
3368 2470 53
197 343 84
1580 1648 52
692 122 52
3157 126 13
1958 1680 72
2498 2454 17
3382 2213 46
247 783 26
1121 720 66
3121 1443 90
637 2376 37
1228 300 4
3195 1137 15
3048 1962 4
2806 990 3
2541 962 46
1414 246 7
1140 2656 40
1718 3067 29
1697 1604 72
1775 2275 85
1717 2620 6
733 490 31
1458 3248 32
279 947 53
2694 88 90
1436 51 6
2826 78 28
3155 354 66
2729 1576 80
3197 475 61
3202 1436 24
186 2686 25
152 3415 52
2937 3285 72
3205 480 10
163 2863 51
1411 1262 74
1816 2103 57
22 1602 56
468 1969 90
772 297 63
2993 929 12
2571 780 41
2566 957 83
421 565 71
1566 2237 88
2838 733 40
1757 3155 5
806 1762 63
197 2466 87
803 1595 49
1995 2840 95
1875 2367 67
1523 531 33
676 1897 13
1784 1386 87
3000 2696 50
218 2485 26
165 2218 42
1807 1379 64
2310 77 35
2189 2779 84
1697 1440 70
971 703 100
1656 107 3
2045 329 29
2165 2280 58
1266 852 26
1440 498 85
1766 758 54
3289 3363 8
87 1808 58
893 2148 26
151 1146 48
3266 2706 20
1316 312 90
828 1327 65
175 1688 6
1671 2378 31
3266 428 41
1189 1375 73
637 2479 34
764 2868 2
311 1708 46
1415 1618 100
1133 199 25
1217 1227 38
1618 1007 36
2973 1535 72
2413 1317 28
3338 1029 40
713 2095 35
1713 1083 90
2224 823 20
1691 2639 64
1601 2500 9
439 1685 33
1415 1457 92
547 3093 28
759 2024 64
1197 1607 47
2863 2377 22
696 2286 81
470 2587 11
652 1539 61
151 1746 77
1460 2307 61
1939 989 9
2863 2383 13
2681 963 94
3046 3118 74
1 1478 27
297 1819 53
838 3212 67
1520 2427 65
933 3048 71
1516 888 61
543 674 46
3228 1848 47
3334 489 50
358 3211 78
1608 3049 78
3067 1683 19
2515 1554 1
1357 2486 76
77 307 100
1232 2202 5
451 1330 21
3246 530 42
2409 788 56
2209 2111 50
957 3203 63
1848 1324 63
1456 1731 21
3334 315 94
208 3284 17
1971 1235 49
2418 860 17
226 1523 6
1328 1000 58
1079 1023 36
2417 756 42
1674 784 72
2273 1978 21
131 3423 91
19 1270 47
2705 3026 93
317 170 43
1197 2529 83
708 2683 62
2069 2856 97
2556 221 13
3249 2070 35
3250 1529 94
3265 321 8
301 2319 38
253 1995 89
192 3205 30
654 2203 4
1186 3422 39
991 348 82
3367 1704 51
371 1079 86
2342 865 70
151 2400 69
1541 2787 82
2803 491 21
1931 2565 95
159 255 7
2549 2282 74
2338 1254 24
3190 899 46
444 2979 35
1415 1776 47
2476 1893 39
761 2860 85
3266 1841 12
978 479 84
726 1033 6
1697 1928 62
717 1383 76
115 2522 49
1082 643 91
852 1667 80
2290 1600 73
2285 2685 4
1609 3360 65
1276 1496 80
2861 89 92
1051 2014 7
2350 2171 29
1042 2406 15
2169 2823 61
1840 2740 75
489 2025 5
728 2065 40
2508 1923 100
3227 100 57
960 2134 90
465 2888 55
2825 1407 47
3218 2913 65
2525 3253 73
2553 1566 77
2661 2991 6
1068 2550 31
3411 440 64
2777 558 92
1953 1961 97
226 2215 62
3190 1465 54
2360 1629 30
2144 1393 48
1076 3204 38
117 544 33
1 896 33
1508 386 37
2222 467 63
926 3346 73
3060 1951 30
3210 2982 56
2412 3255 31
938 2371 61
639 2087 31
1584 2789 66
167 2753 20
1217 1945 70
1075 3051 80
2742 662 86
2945 2762 51
2709 3006 5
3210 1849 88
3046 2940 20
1436 2357 47
2740 125 2
2502 977 92
1021 1738 1
1421 2191 23
864 658 59
1750 2807 78
2208 1059 99
1611 1740 17
2796 2495 36
182 393 8
3079 1686 65
2973 1390 69
803 808 52
3111 2345 11
1406 584 69
1406 2249 21
3090 1015 51
231 2185 46
2595 2900 88
2467 1017 50
2615 2768 80
3251 941 10
1843 563 47
1586 2441 62
1478 3075 26
1228 1666 28
781 2048 2
809 1933 96
722 1614 68
2717 3103 28
1263 721 75
3357 1583 66
2527 358 58
1806 1172 90
1998 3111 80
845 494 39
1336 2501 69
464 2142 52
2035 554 26
3417 2551 8
5 1910 91
1691 1774 56
928 2939 20
1099 1075 92
2131 2703 31
2498 1620 44
1228 855 63
3268 708 72
601 1906 27
152 267 94
2349 453 55
1125 2253 82
1008 2012 33
2261 737 36
3134 2156 92
2532 3081 98
2253 147 67
1979 1264 89
931 1860 26
1935 1605 39
1154 2268 64
1231 3192 49
894 404 83
35 991 33
1928 1250 58
355 2188 81
2933 661 4
1995 28 36
2857 3012 39
857 217 44
996 2136 37
3201 2412 71
560 2189 50
1859 1256 28
843 3246 82
2249 2057 38
3308 2970 31
2950 3295 47
2356 1320 2
1149 2509 100
223 1487 58
2366 2265 35
3104 305 18
2568 2593 30
1723 1692 16
371 356 71
1780 672 89
2062 3196 84
3228 1394 24
2880 2198 20
1441 1909 14
2049 244 35
1614 2605 68
489 1935 34
2445 2158 24
353 2958 47
2437 310 95
3085 135 86
2615 2045 66
1452 1660 99
340 2986 81
2495 1126 65
3338 3009 13
2490 771 98
54 3064 5
78 1139 38
931 1106 69
1467 560 60
2440 2220 3
2131 1491 3
1364 2818 76
102 2089 17
917 1433 97
376 2615 9
1964 2028 16
862 1050 29
998 507 82
767 2157 5
2419 2041 43
3290 968 62
1807 2766 84
3228 697 72
99 336 35
3365 3396 27
3202 1844 18
2156 1627 67
3421 3045 9
171 2689 84
638 2697 31
1916 2149 22
1424 1575 20
1325 3313 37
1218 2607 26
1459 2946 13
2717 1299 78
2634 2698 19
1484 211 39
40 2516 18
2729 1087 84
960 2077 50
411 1122 68
2010 1157 47
2257 249 29
2443 1964 42
285 2974 11
2669 1380 61
1228 2117 36
335 3135 73
666 2003 68
1201 2998 17
399 1568 77
117 1658 5
1051 1712 66
2306 2211 37
2125 3098 14
2403 1353 64
1490 3065 54
223 539 5
1466 696 86
61 2464 7
1078 2963 18
1513 175 70
1688 775 61
2973 2256 15
3048 998 3
2945 183 52
431 2262 87
278 1985 31
2780 3408 92
1343 525 43
1787 1145 58
1390 930 81
2639 980 27
2141 1302 45
3382 908 97
1519 538 48
2139 447 50
1547 3298 15
1415 1424 33
204 2264 66
1581 1184 88
2783 2811 99
1695 257 13
995 3181 78
70 2739 35
1857 1870 40
1931 1123 99
2717 1208 49
3382 2438 5
2653 732 6
1164 1267 7
2608 3038 90
2828 723 95
2899 197 35
2010 86 10
1658 572 29
2005 716 25
430 2009 86
123 131 46
2938 1649 32
2271 2368 51
267 2829 16
2051 1397 44
2922 374 48
450 2206 50
3060 593 27
918 146 37
1776 2471 16
2029 916 16
1323 1559 2
2217 579 91
1299 407 31
2514 2630 86
1186 2415 49
1903 2055 38
1775 1312 99
1046 521 26
1343 3144 67
2669 3365 83
3285 1449 41
1240 2579 34
1441 1024 50
1847 868 62
119 1915 97
178 2082 52
2438 816 3
2718 3105 97
2807 601 40
214 537 40
1731 1505 96
3222 2783 71
2959 3083 68
2988 2796 84
567 1611 64
2150 619 65
2395 3412 53
339 1970 13
1318 1537 27
2257 1912 3
3067 955 97
810 1721 78
3369 261 20
67 2568 29
285 2339 23
2306 1328 58
2434 2392 28
2284 237 2
1431 496 63
859 1699 56
1657 613 82
751 2525 84
1318 2208 90
1103 187 48
2219 605 82
1520 761 21
2694 252 26
2982 3260 55
648 1080 20
2239 3245 55
606 1130 35
2285 226 1
3372 431 31
2125 188 5
3093 2984 31
823 2892 7
3142 1898 10
804 1781 70
2124 3176 47
2892 2919 7
38 815 3
1416 2923 15
376 2575 58
3085 3054 98
1746 608 75
2376 2508 57
2864 2453 62
2821 73 92
75 247 29
2261 3383 95
2628 2353 47
536 2600 45
2351 2248 71
2962 1153 60
1663 2063 67
2629 1947 89
2641 854 68
904 92 75
1840 1826 47
1457 379 74
1741 3216 58
2799 3264 76
1577 391 61
2866 1759 90
204 388 7
1140 2216 28
648 3286 21
1334 3314 7
3177 3339 11
2499 2569 25
3065 1681 97
446 3177 100
1890 1271 98
2219 68 40
2443 2959 55
2437 1095 90
2494 2531 1
135 777 49
765 618 29
808 3175 25
3271 3220 88
323 2421 86
697 3320 4
1850 1869 74
817 3173 96
1880 64 76
1750 2207 25
1717 3400 5
1516 1670 16
2221 1068 83
972 502 55
2200 2294 37
1526 1795 7
292 2068 19
2957 2370 3
1449 2474 18
2972 843 73
9 2091 30
1511 1484 99
1507 2373 16
2149 920 93
3109 1322 1
1096 277 21
77 117 5
1682 2758 9
2093 1361 13
469 2350 66
3266 857 8
1003 477 62
534 2472 52
1341 1533 46
992 1673 77
311 349 46
2601 3031 76
555 3302 19
3421 1868 64
2115 1628 64
2819 2583 19
1430 2858 53
3083 2645 55
2228 946 83
1095 2154 42
2831 42 6
2982 2874 45
163 567 100
2796 236 29
1217 369 52
1197 800 47
2126 76 22
1165 3371 59
231 3184 21
727 3206 85
2028 3308 66
2642 1867 13
2317 671 91
2211 971 53
2000 3134 97
2022 1154 30
1315 462 100
966 3218 17
51 1850 92
3048 2549 21
2868 285 14
1689 3261 11
2261 2671 8
1764 120 92
2135 938 49
568 153 58
201 1387 43
2209 1793 4
2276 3151 51
449 1052 60
180 2306 30
87 2827 5
995 1062 80
2260 646 99
1426 2679 16
716 1749 27
745 1194 72
600 2635 85
2710 2174 86
685 3379 98
2434 2259 28
2124 3146 98
1069 2687 51
1385 1834 31
2438 39 48
1346 298 44
1367 520 81
1618 707 46
1 1415 73
2690 2232 80
3365 1880 43
2194 656 3
1927 1395 92
412 219 43
2665 1091 83
967 1587 73
2279 1641 16
1606 2037 6
1511 1835 46
3136 309 100
1336 2742 64
2653 2848 8
28 3330 5
1372 1610 11
2328 425 67
1608 1931 16
894 2093 55
645 60 27
1910 2834 87
3382 1073 65
1980 3148 68
241 3113 2
2497 1226 65
1505 3275 8
630 576 97
1215 1365 91
1685 2657 96
375 1402 51
2374 2825 47
2566 3089 41
1572 155 49
136 2175 67
2176 2247 12
2685 1009 85
2957 1624 85
3353 1804 7
3345 3397 96
599 1895 21
2269 2790 29
504 2363 59
2578 1590 11
3299 844 47
2374 2541 78
3065 492 80
740 1450 60
2051 1399 40
936 3116 84
50 727 35
314 1088 51
1285 2004 76
1415 1518 74
616 2403 43
1319 2416 70
1462 405 78
1179 2808 93
1798 3055 6
3089 1768 99
390 787 94
3372 2805 96
1315 108 51
1345 542 11
1832 2987 72
2208 3023 25
3120 2457 13
2886 399 11
1534 3331 93
2658 273 4
1665 1918 34
238 3269 48
736 1113 80
2065 589 26
2161 2752 32
1314 587 58
865 2071 78
1918 3219 79
2349 444 48
40 1248 5
1800 2548 24
2507 1772 77
2831 2916 88
2825 1074 91
3002 2061 41
32 956 15
1167 2839 39
1056 1240 91
384 1540 84
545 2431 38
120 1249 38
2487 1071 98
3285 1297 61
1132 1911 66
2831 1305 23
2513 1569 89
343 2510 63
1925 1919 93
1095 355 43
1024 3262 89
47 2387 10
2237 3033 79
3421 1212 29
3198 210 83
1259 2113 67
1358 909 25
1697 1843 33
2561 801 48
1183 1549 27
2631 3372 29
1053 922 72
2437 437 91
756 1809 85
1645 2572 23
1657 786 46
2357 1358 98
1539 3388 49
3222 917 79
3144 1481 30
1659 1107 100
2351 1392 10
2213 3321 30
3312 1755 3
1562 2038 46
1298 1997 88
1010 510 26
3185 3014 85
2218 1963 87
176 2107 71
2634 883 80
2774 638 4
2891 3402 70
113 3334 47
2452 2396 31
251 2577 89
251 2955 25
1309 2323 37
2995 869 51
1426 400 44
1389 2058 3
68 982 51
1285 3217 19
384 2780 18
2016 1827 43
1581 2417 61
1561 322 39
2352 1994 86
1066 3315 85
3078 718 17
45 1134 94
3058 752 9
269 2901 71
48 2201 18
3381 976 84
2634 281 69
3169 2580 86
3273 278 30
19 1788 67
2743 984 89
412 34 29
1727 2903 56
2415 1176 99
2959 1847 10
1981 1296 49
1591 676 83
1696 1196 19
1443 2013 61
804 514 57
2807 1577 36
508 2751 9
1403 414 83
1442 357 92
1723 1444 6
1182 33 67
1526 770 84
3361 893 38
918 2877 66
929 2030 86
1038 213 57
400 940 22
1443 802 75
1787 3243 42
2910 32 49
770 2343 40
2791 532 100
388 2542 53
681 2075 26
3266 3210 43
2782 1735 67
151 2192 25
2067 1421 69
3000 1401 74
466 293 93
3181 3085 77
824 2002 84
971 1741 52
764 967 54
1348 685 85
1651
2760 1263 1090 46 2078 2400 2126 2466 1970 689 884 2190 1542 3312 199 2524 2065 2405 103 1684 3255 1288 3017 120 1193 3372 3036 1132 200 2271 2553 2104 1939 2017 1909 1441 1972 1201 1639 193 64 797 2719 922 297 384 1281 293 2288 799 3388 1527 693 3060 3259 210 1432 1059 1594 2856 2311 888 1142 666 1589 2658 1266 1291 607 3001 483 2074 2785 2549 407 852 1241 2774 119 1005 993 2681 1381 2497 2522 1695 3394 671 2498 1774 2258 632 198 2339 1813 2732 3124 2364 735 3147 3384 1248 820 2264 1234 912 2080 2386 2062 87 1207 3187 533 2761 367 168 1148 2161 215 312 365 2668 66 1598 2307 1708 2292 2824 997 570 738 2937 3310 65 1415 1110 2426 1003 696 1847 2157 1859 1064 542 197 3160 2671 706 923 933 240 79 2013 1680 1249 669 282 1094 2040 1198 1087 1472 2827 3333 1957 3389 1872 1075 444 3049 452 2864 830 1062 2338 643 1327 2715 1933 1690 1297 2310 709 2840 3027 2609 2695 150 1454 3013 3083 2059 493 2745 2601 418 652 2490 2717 1175 1069 146 841 756 10 1359 3280 517 955 140 1329 879 3347 474 1682 2267 1245 412 1487 3126 2698 3093 712 1262 1842 3357 106 1105 1575 1434 1763 2278 3163 3236 1180 500 626 2767 244 75 2079 571 1772 2442 2687 2699 1533 1891 1222 399 479 3340 2144 2958 396 2494 2234 2006 3108 2391 1111 2464 1242 1752 2205 575 2201 2652 1623 1675 310 3274 3276 2676 3057 28 1719 1358 272 1614 2936 3229 980 1167 461 3101 242 1627 2369 1285 2674 2817 1181 186 3096 1755 2393 1082 2472 661 672 733 1905 2645 2988 2340 2193 1524 322 3383 1573 3235 2835 3134 3111 1567 2578 717 2971 3392 2421 2704 2685 627 1820 2254 3113 759 1351 836 156 1145 925 2649 637 2874 2207 139 492 2797 720 1892 2879 2318 812 3145 953 1384 1220 1989 753 3291 1640 137 1961 3226 245 3185 1134 469 930 2590 1677 1525 636 1509 1250 1013 2024 448 2771 814 658 1479 82 3216 181 1578 1582 3090 1937 414 2228 144 876 1183 573 2145 2162 1856 1165 2729 1298 1956 1321 1862 2330 702 61 623 3170 225 2438 43 2125 2176 3221 1730 2539 2084 851 1705 846 3254 551 3423 191 680 523 97 630 2972 2540 2673 835 1164 1882 1547 2034 3336 1243 1729 1570 2086 2624 1357 1124 791 3075 535 3042 411 1315 927 184 3068 17 2461 663 3140 1313 3412 1833 247 1775 1709 640 2001 3155 39 3164 2902 121 768 1401 3314 74 589 2976 2838 718 1568 1720 676 2274 2345 2784 1443 2224 1406 2167 2727 776 1031 401 1504 2026 3417 68 32 238 1873 123 3048 460 395 2187 2764 1883 122 655 972 1590 157 1267 1152 2462 1469 1404 129 2214 2992 708 2788 1375 180 2002 1825 1804 471 2623 1475 3257 1121 3085 457 169 917 214 393 1739 1050 2825 1901 2481 347 1698 258 1964 1837 856 1095 2772 549 936 413 2907 2502 1529 1904 824 1741 1328 394 1467 300 24 805 472 2298 2178 2912 420 1282 1628 2990 52 2032 1849 2474 410 2165 3117 878 2344 725 2445 2963 3275 218 2843 1946 580 3146 1712 2471 1734 2328 2122 3135 3056 2889 1950 2995 1726 1254 1365 3065 249 3081 742 2499 49 342 838 1144 2378 283 1652 2526 1830 443 1890 1470 948 928 685 3224 440 1172 1199 16 2315 1284 1373 2775 3028 2120 1843 2587 2343 1965 497 329 1347 1072 2558 2589 1192 1987 1268 318 1975 2506 635 947 2709 2795 1187 2583 2530 2417 2070 715 3230 2027 2008 2473 1923 1617 3391 2117 1858 1203 3356 766 1611 1929 1916 2379 1921 1778 502 2661 567 1802 2916 2208 2641 1780 3172 998 2588 2297 2068 2776 532 109 880 1191 2650 3365 331 3029 1115 918 2033 611 2723 2905 2349 343 2805 355 634 543 3416 341 155 3020 3189 2694 177 1066 3331 1667 2396 2111 1600 1379 1478 1128 1334 1004 2595 2342 3264 2686 1999 915 2418 3131 3297 521 1880 2964 3240 665 2293 422 2067 2332 985 464 3354 2866 3089 2858 77 2441 248 3137 271 2640 2906 2495 1275 686 726 209 519 482 681 62 3398 3110 1464 330 268 1544 1591 510 3422 3316 2512 1604 2504 2021 1376 211 1897 1223 2414 1452 2094 2232 525 1231 839 323 2910 1865 252 2919 333 100 2099 95 2803 3158 2613 1526 1663 2132 2934 683 2758 1748 391 18 1023 1448 1685 529 196 2375 1908 3225 2321 468 1473 2325 2532 2706 2053 3129 3250 368 586 2241 3281 2410 2138 939 762 2299 2600 2443 2744 188 1581 2812 270 40 1854 304 3178 887 1751 1771 1150 2118 1789 2147 1556 1466 3305 625 3174 802 941 1597 954 592 398 3234 3175 825 1699 71 2716 456 1911 3022 3182 336 2434 870 1990 171 1717 1346 1554 3399 2884 2390 660 1821 2244 2028 1369 774 3159 921 1765 1252 1702 1052 256 2718 1074 929 2427 2517 2227 3232 2331 2809 1971 1704 227 784 1233 1536 4 2458 1713 2828 932 1086 1257 2154 2152 2523 280 2333 2206 2108 2731 574 1377 1791 1316 1374 1286 2374 840 3309 1044 1289 1984 2886 3295 1668 1584 3167 2786 2408 2159 1601 1517 1733 1953 2164 387 1392 1980 165 1599 2657 2211 816 2248 2663 1810 2312 2316 872 1461 2204 1924 3026 1429 545 207 2666 2932 2238 798 260 1507 1397 591 2510 2757 217 1405 1546 1438 2721 1051 937 250 259 1395 1413 1539 1185 1907 1644 1306 2710 618 1390 3199 332 1383 3153 746 2616 421 3267 1622 1917 2726 714 1427 1625 3413 1915 408 1296 1930 1307 2957 1063 3378 1190 159 1133 1863 1078 385 458 2782 3323 2243 3253 3012 1495 780 992 2693 2622 96 380 2789 3272 1583 261 2975 1515 1746 1926 3107 1205 1259 1493 3201 2043 2169 2636 788 175 1902 2440 847 1736 1844 264 1322 2269 865 372 388 2567 441 404 908 2415 2149 3268 2488 1104 2887 2603 2562 2794 610 3152 3041 3169 1986 3358 1828 2537 1955 254 2166 306 31 1389 1057 641 2220 588 2314 239 837 1831 1403 707 670 2171 800 2406 2982 3054 1505 2300 2451 1834 1367 1783 369 2186 2098 808 2487 434 1585 2329 1126 2282 2334 1053 251 965 325 1878 1569 994 1398 2911 357 1387 2277 2503 1261 2480 3379 2134 1135 1428 1516 786 2276 44 695 2591 1919 447 817 2051 335 1978 2352 2467 6 203 319 3410 2035 3136 3351 2572 2935 358 3051 704 2081 2826 1332 3407 1160 744 2922 316 1649 48 2885 1032 1630 3299 2807 757 3400 2100 1914 1046 2597 1560 703 596 3132 561 1564 813 1117 2683 1809 2048 2124 3303 327 3030 3342 3313 2959 2756 2570 491 1672 3318 1274 2485 2198 1294 353 1279 2639 21 2580 1311 2621 3077 257 1801 2873 644 819 1440 556 2255 516 740 236 2701 2736 2612 3217 2579 1498 2257 2984 208 2987 1184 758 3421 206 2529 1659 3258 143 1794 2346 1174 1336 1196 1654 113 1326 2627 1399 1462 942 1512 12 1815 3176 2791 2552 145 1325 1967 854 2313 855 719 1091 849 480 69 566 1645 2285 2371 3376 2018 3408 3079 2189 3360 2584 2746 1444 337 2848 1210 2061 1817 3194 1014 3097 1607 428 1368 1613 1944 2762 154 427 2545 3139 267 1848 2058 982 1840 1290 2500 3031 2382 1173 124 2633 527 1898 1548 1345 2037 2453 1436 2000 2970 3247 2550 2630 1002 321 1676 1826 514 767 2724 2384 1553 1218 2130 2337 1777 1000 2862 1140 164 973 2954 2172 3102 2829 496 467 3218 3061 463 1885 478 557 149 1541 2804 899 3200 2432 1671 1855 2363 2768 202 2003 901 3212 2783 51 1323 1020 233 526 2836 1635 1309 3301 3315 583 1947 1197 305 638 2821 3035 2880 1786 1688 2920 91 2796 360 3188 2076 2250 2249 603 2401 885 3290 2921 604 2939 3177 3067 2882 1236 2468 2216 843 2476 729 1881 1419 593 2813 1838 1341 263 1871 2296 1265 1805 539 317 3043 504 2047 1866 1034 41 2647 2548 1480 1893 3222 2973 890 67 3271 33 450 192 20 2598 3127 3227 2192 1310 2218 2711 2610 1024 1949 781 1888 3165 903 3243 2304 1457 1458 1278 547 2022 2268 130 1731 1354 1626 864 1870 1161 822 920 2365 1122 363 2416 2654 2754 2944 958 1724 778 1446 446 172 1238 558 1147 2983 804 1711 459 2857 1823 2777 651 2637 2898 1532 151 3204 313 2876 2808 183 3256 984 2102 2357 2705 2527 2607 1637 628 2320 974 3324 1386 2605 2543 307 2436 1788 2505 499 1483 2742 1715 116 2593 785 195 2402 30 1808 3330 2428 2489 2038 508 1080 1424 1981 1803 647 2847 1596 1655 1408 2156 3286 1519 26 2143 505 2996 228 2998 1562 1040 2733 772 2868 3142 871 1410 782 1827 3319 3382 224 1576 2199 3005 3023 2372 2394 3084 2544 2800 2883 3047 2846 2139 2457 1565 2844 1213 1557 2852 2802 2592 1253 3339 1743 241 3144 2361 3380 1973 2781 2020 141 3088 2561 2202 1453 1492 2979 2389 1636 1806 1366 2956 3346 205 619 108 2463 473 1151 2261
