499 100
113 476 22
375 262 47
170 288 96
92 269 88
294 285 41
23 197 47
147 201 1
422 254 4
390 403 43
25 452 73
69 18 71
84 49 34
400 137 61
347 45 2
432 334 95
223 241 39
432 210 16
271 327 67
1 220 29
341 417 76
470 185 98
291 203 76
145 208 10
384 62 76
424 427 45
439 310 83
350 398 75
75 219 40
144 375 8
313 150 69
414 88 21
355 174 21
319 468 17
321 121 67
345 118 11
283 153 71
281 263 10
386 204 79
428 464 70
444 102 19
365 385 54
492 440 93
220 116 8
443 297 69
113 414 99
187 91 20
428 156 78
486 147 25
130 332 84
144 410 17
43 95 10
3 368 11
169 391 13
113 198 21
473 469 83
495 396 82
351 224 66
303 346 72
180 230 60
24 329 23
10 51 58
92 292 77
305 92 44
180 390 60
226 358 84
143 380 51
258 192 21
312 52 56
425 14 86
210 149 46
167 145 29
1 345 94
109 489 2
41 279 55
472 496 19
385 271 71
383 428 7
470 17 22
80 371 57
1 413 17
208 470 26
93 243 8
383 25 2
360 462 11
390 264 7
349 324 37
220 186 35
335 465 100
128 478 33
25 232 75
132 311 59
1 80 32
370 218 66
212 257 77
355 165 50
148 35 25
480 386 41
237 115 77
127 450 64
299 289 2
55 339 76
397 474 69
196 369 31
185 237 99
365 407 70
25 494 29
284 162 88
468 216 96
445 238 42
4 477 14
386 98 84
72 438 39
154 294 37
474 151 52
365 16 89
348 304 23
321 84 70
159 307 40
338 290 96
175 4 16
309 119 49
352 34 1
45 152 98
473 189 10
433 221 50
433 97 60
32 68 29
337 491 14
310 268 30
132 64 84
80 143 32
426 47 78
397 394 19
482 316 20
168 333 7
263 50 43
228 347 10
88 214 95
191 142 28
331 267 63
372 446 61
432 258 52
158 212 36
330 178 38
309 24 76
1 168 50
132 209 24
379 33 92
292 331 18
316 182 79
482 293 50
344 207 54
426 158 70
373 484 62
413 251 90
33 377 25
1 106 45
51 44 10
397 325 45
185 298 85
373 29 88
40 180 1
490 354 86
1 341 12
10 487 40
2 57 92
117 136 91
467 83 56
434 28 92
272 273 79
472 276 66
183 337 42
330 253 9
179 67 32
423 335 32
262 389 4
385 249 81
300 411 40
432 439 37
334 235 5
302 384 52
235 322 43
155 483 34
110 112 79
154 490 36
319 190 33
167 140 99
482 256 46
194 20 99
154 338 66
292 275 52
141 426 31
234 420 6
252 431 5
204 172 30
73 448 92
406 485 24
167 55 59
46 127 45
287 303 57
258 482 6
423 259 57
458 61 100
24 265 67
39 245 40
455 195 44
348 175 13
7 188 57
193 81 43
274 277 79
337 75 20
440 23 86
284 320 42
254 191 98
97 312 71
143 226 92
409 122 82
10 319 21
75 173 40
167 76 29
325 395 56
40 163 3
334 305 32
177 363 34
208 392 62
134 466 65
243 404 11
32 13 6
428 164 22
122 134 98
207 318 76
436 317 95
379 486 33
106 445 87
432 459 34
379 3 1
167 171 87
417 429 68
41 73 11
187 397 81
266 42 82
7 38 16
130 157 36
5 455 80
316 124 67
341 169 84
385 213 98
472 159 51
80 418 67
467 53 87
408 244 95
348 41 16
131 10 27
2 199 41
6 59 96
432 144 54
167 139 72
214 343 20
321 36 84
211 364 7
323 498 98
464 40 41
262 184 81
417 183 5
191 21 47
147 442 73
187 236 27
449 342 70
46 495 21
418 37 74
165 26 68
356 376 67
69 274 28
380 8 6
305 101 3
341 113 13
107 283 99
372 352 38
206 120 31
159 170 24
113 430 49
471 9 58
283 461 94
148 400 80
106 323 84
409 493 78
492 409 6
328 421 87
258 422 50
417 167 65
345 250 16
167 99 78
145 30 73
432 128 43
406 211 19
299 234 99
385 148 92
251 340 68
60 217 81
163 69 98
169 472 19
205 456 44
311 72 76
498 278 12
221 479 46
251 419 27
5 260 81
459 19 44
92 248 4
35 356 21
383 379 76
428 233 85
220 388 50
75 424 89
234 222 96
222 457 54
365 351 51
215 353 58
88 85 50
54 463 74
211 433 26
235 344 7
316 454 94
332 58 76
42 74 82
82 79 71
426 239 63
221 255 98
439 252 44
164 321 72
14 401 33
325 65 15
455 15 40
226 372 31
258 206 16
190 82 96
21 179 90
258 187 88
373 48 87
254 425 52
383 480 74
480 350 30
272 215 10
264 229 35
487 393 93
261 349 48
368 109 55
410 499 59
148 313 43
335 100 1
46 423 87
54 87 15
100 181 36
414 154 85
281 71 55
370 309 31
143 272 52
246 11 75
292 308 15
205 246 11
252 451 60
382 286 29
265 155 56
467 2 82
305 5 49
26 361 57
212 402 90
80 365 88
223 131 91
413 497 32
187 205 72
271 328 78
344 177 69
187 200 65
406 261 91
337 436 28
206 242 81
418 135 10
370 202 58
46 96 82
270 132 13
28 105 79
397 223 15
305 300 20
48 467 22
154 381 59
106 60 7
258 302 98
378 453 70
137 359 54
358 93 68
300 444 22
341 330 82
141 114 35
200 306 66
488 435 31
41 117 35
311 314 83
459 54 80
254 123 79
128 357 79
374 43 21
408 103 70
464 32 97
341 383 19
365 432 62
495 227 80
338 108 92
373 166 31
334 141 1
304 107 66
439 240 66
432 441 61
144 299 82
359 89 3
440 458 83
20 94 34
309 378 91
175 46 63
92 161 77
254 447 48
456 194 94
392 387 70
482 284 69
100 111 74
425 287 53
418 70 8
209 77 79
310 282 98
158 475 69
143 39 36
7 412 13
451 492 51
379 280 76
25 281 8
106 370 47
414 193 17
182 266 45
19 231 61
180 443 72
351 125 80
433 360 22
40 270 13
345 133 83
220 336 57
226 366 62
236 12 3
335 138 52
480 382 52
439 130 48
454 434 20
434 315 47
192 374 86
451 416 74
61 296 43
92 362 67
284 27 15
417 449 70
449 86 70
128 355 42
148 367 37
308 399 95
149 488 46
143 90 94
145 126 81
234 406 28
80 471 81
255 104 57
226 56 54
447 481 92
252 408 72
464 460 81
413 66 18
422 7 27
226 291 37
135 228 62
323 348 4
40 247 60
168 415 51
406 373 46
316 146 87
381 225 21
480 295 60
287 301 16
128 6 63
379 196 22
143 22 17
15 129 61
200 405 17
135 437 14
270 160 45
351 176 63
404 31 24
70 473 99
284 110 4
270 78 7
51 326 22
441 63 71
108
395 256 388 82 444 28 322 263 332 210 209 461 306 129 124 207 61 39 96 168 335 195 150 252 33 145 312 75 446 452 159 261 139 137 202 205 49 106 21 241 238 355 329 360 327 264 365 51 227 87 398 113 367 186 394 4 154 458 408 396 172 146 250 109 69 44 482 198 316 427 384 149 293 188 341 215 318 471 310 236 271 343 10 372 43 404 214 248 330 120 443 155 411 251 473 387 66 108 249 421 321 385 460 257 32 240 323 325
