50 610
35 47
9 11
26 34
42 46
3 19
9 39
6 24
4 36
3 9
0 29
35 42
36 49
14 43
7 49
26 40
40 42
20 26
9 15
0 49
17 39
30 35
28 39
16 39
6 13
6 21
11 17
10 19
39 41
26 42
4 24
19 26
13 27
2 32
1 18
6 43
26 39
14 28
14 15
10 40
11 25
17 43
1 40
6 36
43 49
36 40
16 41
4 43
3 24
11 18
13 17
9 27
24 33
45 47
5 41
13 26
34 41
16 35
17 36
9 35
2 19
35 41
3 48
19 21
3 11
16 30
21 40
7 38
3 26
21 33
44 46
24 38
20 35
5 30
12 15
17 42
0 14
32 35
28 35
24 36
4 29
23 42
4 39
7 18
4 23
11 41
39 42
1 26
32 38
16 45
17 49
10 17
2 3
15 31
1 36
21 29
7 33
0 6
16 49
10 32
18 40
17 38
3 5
34 38
9 36
25 46
33 35
9 21
10 45
18 36
16 27
0 26
9 20
8 22
8 15
11 44
6 22
4 34
1 2
4 27
22 32
27 49
27 40
17 45
14 31
6 17
14 25
8 31
16 24
5 24
18 45
19 36
8 38
31 37
9 12
12 26
13 49
31 40
6 26
25 34
29 41
1 16
25 48
23 26
10 26
9 37
1 19
9 48
30 45
2 46
27 35
26 35
8 49
2 13
24 47
28 34
0 45
3 12
4 41
43 47
2 31
9 24
26 41
13 23
6 23
6 40
17 33
34 35
6 38
20 21
25 31
8 30
14 40
42 43
7 14
37 48
29 36
15 42
11 14
6 30
19 47
1 39
37 38
16 36
6 44
9 41
15 29
45 48
19 25
15 19
30 40
0 39
13 33
27 29
14 30
31 41
2 11
14 42
4 10
34 45
29 38
12 38
2 17
23 33
24 25
21 35
24 44
4 16
3 29
8 40
2 14
13 28
41 44
15 17
29 32
28 49
8 9
9 23
37 47
29 48
13 42
43 46
5 17
19 39
37 45
3 37
5 10
28 43
41 48
5 29
21 28
7 29
33 44
19 46
1 27
21 48
17 46
24 41
0 34
30 46
13 44
33 41
38 46
3 16
19 33
20 40
4 26
20 39
46 47
4 25
1 34
4 33
4 18
12 27
43 44
0 40
24 42
2 29
6 20
6 49
29 40
1 29
32 45
22 29
5 12
27 28
40 48
28 37
2 20
21 37
30 47
22 47
11 36
41 45
2 35
5 20
39 47
36 46
4 35
3 47
6 9
13 25
16 43
6 37
27 30
26 38
0 47
5 34
0 38
22 42
20 45
13 16
11 37
17 30
11 48
13 35
38 43
22 26
15 34
12 40
35 49
5 42
30 41
3 45
7 20
15 43
28 38
3 35
19 41
18 23
16 37
0 30
11 31
24 40
15 41
0 9
9 26
22 30
11 19
5 16
25 36
7 39
18 35
4 20
8 27
26 33
37 41
32 34
31 32
20 49
7 25
23 28
4 14
10 27
15 16
0 3
3 44
16 46
8 35
3 38
14 41
20 48
0 25
9 22
1 8
9 28
20 33
39 44
2 27
1 41
10 35
12 33
16 18
10 31
0 24
8 47
31 43
21 36
3 41
20 36
12 35
3 23
34 40
0 32
8 21
15 24
31 42
10 34
30 36
9 45
6 11
18 46
12 21
2 41
28 42
16 28
18 41
22 40
37 40
28 31
9 47
0 22
41 43
48 49
16 31
4 46
33 48
23 35
19 22
27 47
7 15
22 39
6 46
14 16
18 22
8 16
18 21
5 15
22 27
20 43
31 39
21 34
45 46
8 20
18 31
24 43
18 47
0 23
27 45
6 28
27 34
6 25
6 14
36 44
16 29
15 35
15 37
10 49
5 37
25 33
4 30
24 28
5 48
15 47
10 36
7 12
2 37
14 45
19 34
13 21
42 47
4 31
6 42
13 22
18 28
17 35
41 46
5 43
18 33
27 31
9 43
19 49
2 7
21 45
14 20
20 28
21 43
8 48
11 20
15 33
35 45
38 48
14 39
8 17
23 29
1 22
1 14
18 34
28 45
14 23
10 33
33 45
0 5
9 18
11 35
17 47
3 49
10 44
5 46
14 48
13 38
42 44
26 43
16 23
39 40
23 32
34 46
13 31
13 39
16 40
4 28
35 36
34 39
6 41
13 20
18 24
34 44
0 17
33 43
6 47
7 48
27 39
28 33
14 49
21 27
3 46
5 27
32 37
25 45
6 12
15 27
1 30
12 42
7 43
26 48
6 39
29 30
18 38
12 20
5 38
22 41
9 46
15 38
10 15
24 35
13 29
22 23
43 48
13 45
20 25
10 37
5 13
12 25
26 32
19 40
25 43
10 43
1 4
15 45
5 8
21 31
19 43
8 18
21 38
20 41
3 32
4 5
31 45
8 12
34 43
15 21
21 26
0 37
29 49
44 49
30 39
28 48
8 36
23 38
14 33
24 39
24 48
4 17
1 21
0 48
33 47
6 8
20 44
6 32
19 42
41 49
0 28
10 38
26 27
24 31
17 40
23 39
5 28
31 34
15 36
16 47
0 8
19 24
14 34
38 45
36 47
1 45
30 32
6 35
2 15
18 32
2 47
5 21
30 31
7 32
16 33
25 32
9 32
17 41
4 49
2 4
11 24
2 18
10 28
1 44
3 25
20 46
32 43
9 40
32 33
38 44
17 26
32 40
4 7
33 38
0 15
7 37
7 47
31 47
7 21
24 27
20 36
13 49
4 26
19 28
30 33
20 47
8 49
34 42
13 36
7 8
7 24
0 8
9 21
30 47
6 26
4 12
8 15
29 34
9 48
12 13
1 34
12 26
3 12
23 31
14 34
37 44
16 21
0 40
2 19
19 33
30 31
3 4
27 29
3 43
15 32
2 35
3 25
2 9
10 14
30 45
8 48
15 44
38 45
9 17
20 28
23 39
11 33
17 29
10 34
4 39
4 27
41 49
18 21
10 47
14 20
31 48
25 32
18 33
34 47
43 47
1 36
9 47
5 29
7 35
28 32
11 25
24 45
21 45
0 45
21 40
34 40
7 18
20 21
15 17
29 30
30 36
19 36
5 38
1 30
10 22
42 45
19 47
2 37
15 23
16 35
18 48
7 40
12 45
8 11
22 25
8 19
15 16
13 40
16 22
22 49
19 26
25 49
5 49
11 35
2 47
11 30
8 21
3 28
25 44
44 49
10 26
0 31
20 34
26 33
9 25
2 24
14 46
3 37
1 46
24 27
5 39
1 10
1 24
1 17
26 38
6 8
14 17
39 49
29 41
5 10
27 39
39 43
18 25
16 39
29 42
0 47
0 17
17 22
9 30
19 44
27 42
15 22
13 39
6 43
10 35
31 34
8 33
3 16
14 48
22 40
11 18
3 39
0 13
9 32
34 35
14 29
11 41
12 36
9 49
2 44
7 48
4 17
0 39
4 15
3 10
3 35
35 48
18 30
17 43
1 38
13 29
29 36
32 37
0 48
20 38
30 40
16 33
32 35
38 42
12 49
4 9
3 48
7 27
19 29
23 27
4 45
14 37
12 39
1 40
13 14
1 45
31 43
40 42
39 42
0 22
26 34
3 47
1 5
22 26
4 22
6 27
2 30
19 21
37 47
40 47
4 41
7 14
25 46
6 41
9 43
31 36
5 25
16 42
29 46
28 36
21 37
5 33
28 44
2 45
31 40
40 41
3 45
9 22
14 32
6 13
17 21
10 48
20 24
17 33
27 38
18 47
6 15
9 16
2 46
27 46
5 20
36 43
8 36
16 49
14 31
36 39
4 49
32 34
5 47
9 42
1 44
20 22
7 49
7 33
9 13
0 4
1 39
6 11
14 22
0 41
15 26
29 35
33 48
26 46
7 42
10 20
5 30
43 45
6 20
6 23
33 44
18 42
23 30
21 44
32 40
9 35
18 31
20 44
42 48
36 37
0 12
13 15
17 36
35 44
13 46
16 19
25 41
44 48
13 41
1 7
24 42
13 16
0 49
5 18
6 31
15 38
27 45
7 23
25 38
4 44
8 44
22 31
6 21
8 31
9 23
9 11
25 45
33 46
13 23
12 48
18 39
29 45
12 44
20 37
24 47
18 28
30 35
18 32
29 38
12 25
30 43
7 31
0 23
36 38
9 19
10 46
42 46
36 41
23 45
20 41
42 44
3 8
3 29
8 17
5 14
8 9
47 48
16 45
16 36
13 22
16 32
15 36
8 24
36 42
10 32
2 23
16 46
17 49
22 35
26 49
19 43
28 42
19 49
6 40
17 25
9 14
15 41
11 19
23 48
18 23
2 17
2 33
4 6
11 31
5 40
39 48
19 25
5 28
5 15
28 47
11 12
22 23
1 43
5 37
4 11
4 46
25 37
15 19
26 27
8 23
15 48
2 8
23 25
1 33
19 42
16 17
5 11
8 37
29 49
38 48
10 29
18 45
4 43
3 21
22 44
10 44
26 41
40 49
14 44
8 30
35 36
0 34
6 25
17 19
45 46
3 31
18 22
6 28
9 41
11 26
13 33
0 38
3 49
7 10
11 38
0 2
17 26
6 38
29 43
32 49
25 31
2 22
20 29
7 34
15 43
7 20
11 36
3 36
21 27
13 35
1 4
1 20
36 47
21 49
28 30
11 15
22 39
11 21
11 24
44 46
21 29
9 38
3 7
14 26
7 13
4 30
0 36
28 37
9 31
3 14
14 38
45 47
22 24
22 33
17 42
35 39
44 45
1 32
33 38
4 34
1 6
12 22
13 21
18 29
38 44
34 46
11 47
15 31
0 33
23 34
9 18
22 27
26 31
30 41
1 26
3 18
40 48
1 31
33 43
35 45
41 46
41 44
8 39
26 47
25 39
4 20
9 12
33 42
25 48
0 30
7 39
33 40
18 26
39 46
29 48
26 35
27 37
28 31
13 42
16 30
1 19
3 9
3 5
0 44
4 33
25 30
17 45
4 36
24 49
18 36
36 48
2 41
0 20
8 47
13 31
31 49
34 38
1 23
5 22
25 33
0 15
21 34
7 38
23 46
4 21
12 21
32 46
31 47
23 37
1 14
32 39
9 36
0 14
19 23
22 43
6 7
8 18
37 42
29 37
27 34
10 12
9 34
2 20
35 43
15 45
3 15
20 31
27 41
41 42
0 11
14 35
25 35
31 33
35 42
7 15
0 26
27 36
37 45
16 40
5 42
14 42
20 35
7 37
31 42
32 45
0 32
24 44
23 49
27 32
46 49
37 48
20 27
4 25
24 46
38 47
4 18
3 40
5 43
5 36
32 38
8 14
25 27
2 49
13 45
31 44
5 41
16 29
2 43
10 19
21 43
33 37
1 9
17 23
17 41
30 38
2 16
5 23
14 18
39 45
5 48
5 7
10 45
24 41
28 35
13 48
17 40
10 38
7 25
1 49
26 42
27 31
17 38
21 39
24 43
21 33
13 17
21 24
33 39
31 37
22 48
