50 100
19 38
3 39
9 42
10 44
32 35
17 47
36 42
24 32
6 22
3 5
33 49
29 36
5 28
14 29
37 41
23 42
16 42
6 31
15 31
17 49
23 46
17 25
3 27
4 8
15 33
15 28
20 40
12 21
0 45
41 45
2 28
1 23
37 42
5 8
36 40
17 37
9 28
18 30
15 41
12 26
6 40
20 32
23 32
3 10
6 16
18 24
0 9
39 48
4 29
27 46
17 46
7 38
1 35
16 26
6 18
33 35
16 32
29 46
6 35
33 37
29 39
16 45
17 34
2 17
30 47
17 19
31 35
30 39
3 4
17 28
11 42
3 19
15 35
7 13
4 10
5 38
18 25
30 43
0 20
9 39
18 31
15 22
2 35
11 27
4 31
8 43
21 37
35 37
26 37
8 24
36 49
34 38
43 45
18 42
20 38
0 24
40 48
19 26
27 35
24 39
13 47
7 46
7 12
5 9
19 44
21 26
3 32
10 48
21 31
46 48
2 29
2 3
0 27
21 37
19 31
20 34
40 41
26 46
19 49
22 36
14 34
3 18
27 33
8 19
9 46
14 31
37 46
16 44
38 39
5 40
31 49
2 4
25 48
34 38
5 14
13 21
20 33
25 40
9 38
6 35
6 19
28 34
1 27
21 45
33 39
0 32
30 36
3 16
3 11
2 34
34 39
17 48
9 10
16 27
38 48
11 48
0 40
0 37
20 30
1 4
27 31
2 15
30 31
32 46
2 40
11 22
25 38
8 20
7 44
16 29
28 42
14 22
5 12
8 16
9 11
4 20
3 15
6 34
32 38
10 13
26 34
31 33
3 34
16 47
22 44
17 38
21 35
4 37
20 42
37 41
32 35
41 42
3 37
32 36
2 35
17 23
4 36
11 45
16 42
23 34
