37 201
7 22
16 32
4 34
27 29
11 32
3 11
12 29
4 18
7 29
3 14
0 2
19 32
1 18
2 31
0 16
3 34
7 20
3 36
10 21
23 36
4 30
12 35
0 7
1 17
5 14
3 31
6 19
11 19
15 25
6 15
0 28
33 36
11 12
28 36
14 19
15 21
15 33
11 30
15 28
15 19
17 24
31 32
10 13
5 21
24 35
15 36
6 9
2 30
2 17
1 36
8 29
5 25
32 33
0 3
1 2
0 19
25 30
9 13
3 29
3 7
26 34
7 25
20 29
14 29
7 26
13 25
26 30
10 18
22 31
14 36
19 24
2 7
16 33
0 35
2 14
28 32
14 32
22 23
5 34
8 28
8 20
0 22
17 31
9 34
0 21
0 31
15 22
8 18
0 12
7 27
18 34
23 25
5 17
5 16
15 31
1 22
10 15
24 25
3 8
0 29
27 34
1 33
2 3
25 32
0 30
9 15
7 10
0 33
4 8
16 27
5 29
10 36
13 26
0 11
16 23
15 17
14 30
4 27
12 32
15 27
10 27
8 33
0 27
1 20
3 32
34 36
8 35
4 9
0 20
2 18
0 34
23 34
23 32
6 36
10 22
0 24
5 13
6 27
8 15
15 29
13 35
5 26
4 36
17 33
14 23
4 35
26 31
22 24
16 18
7 17
5 7
29 34
25 27
0 5
10 16
2 9
8 36
25 36
12 31
26 28
3 21
3 19
32 35
8 32
0 4
22 33
26 32
24 29
16 30
18 24
17 34
20 35
34 35
23 31
20 23
31 35
1 29
8 30
29 33
13 20
5 18
20 36
14 33
5 32
32 36
7 31
3 33
24 36
14 20
1 27
10 17
23 26
24 31
0 6
17 18
9 22
12 14
12 23
13 29
10 12
16 26
20 24
11 32
13 15
7 23
26 30
15 35
22 27
18 26
6 19
6 7
6 34
30 34
27 29
24 25
5 32
25 28
3 27
15 19
4 28
23 35
2 10
11 20
3 33
15 17
16 32
24 34
0 19
13 29
10 12
0 4
6 9
21 22
15 25
32 33
17 21
1 12
2 13
8 23
16 19
14 16
4 24
16 23
28 33
14 34
4 16
7 34
5 17
19 30
2 34
7 8
9 23
7 14
1 36
7 27
2 31
7 20
5 27
13 27
5 30
18 35
8 14
10 30
23 25
21 34
2 35
16 34
13 23
1 10
1 6
6 21
17 28
12 14
24 33
2 27
11 12
7 15
4 5
14 28
1 13
1 33
14 35
26 29
21 28
16 18
0 1
10 22
0 34
10 34
9 17
30 36
7 33
5 23
23 31
0 7
18 36
20 29
13 35
12 27
23 26
21 30
8 24
22 31
17 31
2 28
16 24
12 21
22 26
7 29
28 32
17 29
6 26
2 33
4 14
0 36
22 29
31 33
10 15
0 15
0 20
16 28
3 4
12 28
19 36
11 19
3 25
12 20
4 6
17 33
11 34
13 33
2 30
30 31
4 20
21 32
25 34
14 33
23 27
20 31
7 25
3 21
1 35
4 26
5 22
9 35
17 23
7 21
4 15
4 36
1 29
6 14
5 28
10 16
2 14
0 2
8 33
2 15
2 21
9 20
2 6
18 28
0 32
14 27
1 17
19 25
11 14
4 25
5 25
26 34
9 28
16 20
13 24
8 36
4 17
16 22
12 30
28 35
1 9
8 31
15 33
33 34
2 20
26 28
9 22
6 32
1 30
16 31
6 24
9 30
11 18
13 28
0 31
19 24
18 24
27 30
9 24
5 29
5 21
6 13
19 28
10 18
25 27
