50 1225
6 33
2 26
8 22
42 45
0 33
1 28
11 25
10 11
7 16
10 19
39 47
21 43
32 45
1 41
33 34
30 31
32 40
19 39
3 6
6 20
43 45
37 46
3 37
1 47
3 39
7 48
21 35
14 34
21 25
7 38
5 6
1 37
23 44
3 21
41 49
39 41
17 46
15 46
5 27
15 18
22 31
34 37
4 24
29 44
23 36
18 21
0 12
12 14
30 41
14 35
7 9
1 48
21 27
9 41
14 17
8 14
18 39
5 41
4 34
35 40
27 33
5 48
14 15
3 44
33 44
8 27
3 4
5 9
21 23
2 29
3 30
34 39
8 46
24 43
36 46
22 45
13 47
5 11
25 44
17 25
7 20
41 46
18 20
1 42
15 31
20 33
42 47
6 31
33 41
17 42
25 48
23 30
5 35
12 36
16 20
24 33
12 23
25 45
27 42
6 21
20 31
26 37
5 16
4 11
10 16
3 23
12 20
3 10
20 21
15 41
39 42
26 41
28 31
7 34
28 43
0 13
4 8
2 35
0 24
3 43
45 46
11 30
10 40
20 25
11 16
2 5
0 41
22 28
7 29
1 49
38 39
45 48
22 25
13 26
22 23
5 43
35 37
20 41
5 47
10 39
12 40
11 23
11 28
21 47
8 39
22 44
6 10
27 49
28 41
14 45
5 17
27 48
26 39
17 37
12 13
4 43
12 41
26 47
19 28
14 20
31 41
6 23
15 22
6 34
37 39
27 28
4 7
4 20
7 8
10 12
28 49
26 43
8 24
13 36
31 42
34 38
26 27
12 44
40 41
33 40
0 44
14 38
15 23
18 49
15 45
16 26
19 33
36 38
39 43
15 43
32 37
17 36
11 14
0 28
3 48
4 15
13 42
30 47
2 18
5 39
3 34
21 44
10 38
12 22
33 49
13 39
30 48
9 28
9 14
15 19
23 26
11 24
23 31
18 23
20 32
11 21
2 13
14 36
29 31
26 31
37 40
23 35
12 28
21 42
14 44
3 5
24 35
11 35
32 34
34 45
26 38
16 35
27 38
14 28
9 11
8 10
18 26
15 33
12 30
0 10
19 41
8 17
2 31
17 33
7 31
19 49
10 30
27 29
17 18
6 17
6 18
18 31
7 24
0 27
17 24
24 39
15 26
11 27
17 35
8 15
2 6
38 45
9 42
1 43
0 31
35 39
32 35
25 30
1 38
0 43
25 27
37 43
10 42
18 25
41 44
21 32
3 9
6 47
1 22
3 28
32 33
18 38
1 5
0 34
25 34
30 49
10 18
26 46
15 30
39 48
11 22
11 15
8 42
5 15
18 47
20 45
3 36
16 19
37 45
17 32
27 40
1 24
12 27
14 46
44 48
29 41
13 28
2 14
21 22
15 48
19 35
39 49
6 37
2 40
19 44
25 39
41 47
47 49
7 42
5 44
15 16
26 32
1 16
4 5
22 24
30 45
24 36
26 29
10 37
28 34
12 24
36 48
6 32
16 41
34 44
35 41
11 34
2 48
3 17
21 31
12 33
20 37
6 28
3 14
22 26
3 7
0 9
26 48
10 25
15 49
10 49
14 24
29 49
25 26
14 49
1 14
26 49
2 23
31 46
25 46
34 46
9 40
35 49
17 21
17 45
15 42
2 44
5 46
11 17
12 21
24 30
31 34
2 17
41 42
7 26
1 20
28 35
26 33
23 45
6 41
22 41
34 40
7 36
18 33
2 45
11 26
40 48
4 25
8 28
5 18
7 45
3 47
31 39
6 11
24 25
4 14
6 35
33 43
27 41
31 47
36 45
12 45
20 29
13 46
18 46
7 18
13 15
4 6
21 39
18 37
4 9
8 26
16 29
16 30
1 40
10 44
19 26
4 31
10 43
15 34
8 47
5 7
6 45
9 17
24 44
39 40
4 49
19 36
24 41
27 36
32 47
12 18
3 49
21 36
12 39
10 47
12 34
24 32
15 38
9 12
16 31
12 35
17 44
28 42
14 32
0 38
1 35
32 38
9 27
33 48
1 21
36 37
7 22
23 32
30 34
36 42
3 46
12 15
0 42
7 19
0 48
30 39
4 39
31 36
14 22
5 13
33 45
19 29
29 35
16 39
6 12
25 43
40 44
1 9
29 38
2 24
8 41
7 32
9 39
19 43
14 23
9 31
16 46
23 43
21 33
33 38
7 47
19 34
28 30
27 35
7 28
25 41
29 47
3 41
29 48
18 45
20 38
2 21
13 20
34 48
33 47
4 16
9 30
34 41
9 45
9 37
23 27
5 21
20 22
22 33
2 7
10 15
27 44
32 42
23 24
11 42
4 23
24 28
0 30
6 22
12 37
27 43
1 45
38 41
9 10
20 40
16 48
8 43
22 49
0 22
36 47
19 22
11 12
16 42
42 46
3 26
1 23
11 47
0 1
9 47
28 48
3 45
7 15
9 13
21 29
16 47
33 42
8 34
0 3
14 19
2 37
25 49
11 13
11 46
7 11
10 24
5 33
0 45
11 19
16 32
3 20
9 23
17 20
24 38
13 48
15 37
15 21
35 42
36 40
33 46
23 38
23 49
27 46
44 45
37 47
4 38
46 49
13 40
7 27
2 22
0 47
8 20
34 35
29 39
20 34
3 8
0 26
26 30
24 26
18 41
4 36
18 40
1 27
26 28
14 16
6 39
45 47
29 42
11 37
0 39
17 22
6 43
18 28
3 12
24 46
14 29
10 26
2 9
16 18
19 27
2 36
12 17
8 23
18 32
24 34
2 38
16 17
29 45
11 29
2 43
47 48
13 45
6 7
9 35
23 46
8 33
1 34
13 25
12 42
14 27
9 33
2 46
3 33
5 23
1 8
9 38
3 11
3 25
41 48
12 25
6 14
2 49
22 30
26 34
20 46
3 13
13 17
21 38
17 23
30 40
16 36
2 20
7 14
5 28
38 40
1 6
4 41
19 25
23 42
24 45
21 40
15 36
13 16
27 34
45 49
2 33
7 49
40 49
22 37
19 48
14 25
16 25
33 37
41 43
7 30
17 48
30 44
1 3
0 20
13 19
36 43
9 18
17 19
7 46
3 18
42 44
9 29
27 31
13 35
38 46
20 39
14 40
9 43
15 35
2 15
9 21
14 48
17 30
4 22
22 39
36 39
43 44
16 34
35 45
10 27
27 30
9 36
19 46
1 4
5 14
26 45
11 20
42 49
22 46
7 12
10 13
6 40
24 42
24 29
23 48
12 46
16 44
1 13
14 41
25 38
3 38
21 37
15 17
19 37
28 47
0 40
18 19
24 27
6 25
26 42
11 41
35 47
2 11
4 45
1 29
30 36
40 45
17 39
4 48
15 25
21 28
0 35
26 36
23 33
16 40
13 14
13 22
27 45
29 33
1 7
15 29
16 27
21 48
8 21
13 34
10 34
12 26
19 32
44 49
32 36
32 44
5 12
22 32
17 28
12 16
13 44
24 37
7 43
4 27
25 36
38 43
4 12
22 48
30 35
23 25
0 15
0 21
3 32
31 43
6 16
13 30
14 42
4 21
13 33
19 45
0 7
8 9
0 49
11 40
5 22
17 27
12 43
8 38
19 21
17 49
15 32
10 23
13 24
1 32
1 10
33 35
9 48
37 41
20 43
19 20
28 40
16 33
4 10
12 29
39 46
1 26
33 36
16 37
2 41
14 26
4 35
9 49
6 15
19 40
28 29
7 33
1 36
1 18
3 31
32 43
12 48
36 44
28 44
31 33
11 45
11 32
11 48
3 24
9 26
20 49
22 29
21 45
4 17
3 35
9 15
29 36
26 40
21 30
7 21
9 19
3 40
1 33
14 47
5 38
9 16
7 44
4 40
19 31
29 30
9 34
26 44
8 45
22 34
23 28
17 29
28 33
43 49
37 42
15 27
37 44
2 47
16 45
6 49
12 38
28 38
31 48
9 22
1 15
7 37
35 38
4 44
8 35
23 37
11 18
5 24
12 49
25 35
34 42
4 32
25 29
8 40
19 47
2 34
16 21
32 48
18 24
23 39
19 30
20 36
21 34
3 19
39 44
11 43
30 32
19 24
37 48
24 31
0 6
0 19
2 30
25 47
8 25
30 46
19 38
0 5
0 17
29 40
4 26
28 32
3 16
13 29
10 22
31 38
40 46
1 25
2 12
10 41
10 48
29 34
20 48
20 30
5 10
8 16
10 28
12 31
0 23
35 36
22 27
6 13
6 24
18 48
8 32
13 41
26 35
28 36
46 48
34 49
2 28
5 8
0 16
32 49
0 25
2 42
22 42
38 49
11 31
7 39
4 30
17 41
17 43
8 31
7 25
6 26
9 44
22 47
27 47
18 27
13 38
40 47
18 22
25 32
10 36
15 44
43 48
18 42
11 39
24 47
16 49
5 30
4 19
1 30
18 29
0 37
1 11
10 45
7 23
30 43
1 19
8 37
13 21
18 35
5 37
44 47
31 37
21 49
10 29
15 39
1 46
20 24
10 35
6 9
6 30
18 34
24 48
37 38
14 31
1 31
22 36
15 24
25 33
2 10
8 11
5 40
15 47
8 29
4 29
17 38
25 40
43 46
16 24
5 49
5 26
9 46
31 32
1 2
40 42
16 38
8 30
5 34
0 8
0 2
25 42
2 16
4 13
41 45
7 17
8 18
3 15
20 35
34 36
5 42
17 40
20 27
5 20
3 29
14 18
35 46
11 36
33 39
11 44
0 36
31 40
13 23
5 36
3 22
30 42
2 8
13 27
40 43
0 18
38 42
28 37
16 43
5 45
19 42
20 47
23 40
16 28
6 44
8 13
29 32
38 48
27 37
24 49
14 30
30 37
46 47
8 19
34 43
18 43
14 21
6 48
5 29
11 38
12 47
17 26
5 19
4 37
10 33
21 26
22 35
20 42
4 28
6 36
13 37
13 31
10 14
29 46
6 42
2 39
18 44
7 35
5 25
0 11
20 23
0 46
34 47
0 4
15 40
38 47
15 20
2 19
13 43
1 12
11 49
31 44
25 31
17 31
14 43
6 38
14 37
38 44
42 48
12 19
16 22
31 35
7 13
0 14
15 28
18 30
24 40
1 17
0 29
1 44
39 45
9 20
20 26
4 46
27 32
28 45
22 43
20 44
21 46
7 41
3 27
43 47
23 47
0 32
3 42
4 47
21 24
28 39
7 40
29 37
22 38
4 33
13 32
23 34
6 19
31 45
2 32
29 43
48 49
2 25
25 37
17 47
20 28
32 41
8 36
4 18
18 36
6 29
35 43
8 44
10 17
13 49
42 43
22 40
11 33
9 32
30 33
27 39
35 44
32 39
7 10
10 31
25 28
6 8
2 3
23 41
35 48
2 27
1 39
10 46
21 41
19 23
10 20
10 32
8 48
31 49
4 42
14 33
6 27
9 24
10 21
28 46
36 41
13 18
12 32
23 29
36 49
6 46
17 34
44 46
8 49
2 4
37 49
14 39
30 38
32 46
8 12
9 25
5 31
16 23
5 32
4 32
15 41
23 28
29 44
21 41
20 37
7 48
4 23
31 39
24 48
2 25
26 43
22 42
22 23
27 31
5 32
10 33
29 43
17 27
1 40
6 36
9 16
15 28
2 48
16 43
11 29
27 34
32 33
23 32
8 13
9 22
21 44
24 36
1 27
18 28
36 40
14 23
12 48
24 38
21 39
19 28
30 38
0 25
11 31
24 28
6 49
5 30
32 41
29 37
7 9
10 29
25 49
15 49
7 18
3 6
20 43
15 39
30 43
6 27
34 42
4 40
3 22
6 44
18 40
18 45
11 20
11 25
35 46
36 46
4 14
18 36
15 35
22 40
13 45
6 13
16 17
19 31
18 37
5 31
1 25
18 32
28 43
12 34
34 48
24 49
9 39
12 18
22 38
0 14
0 49
16 28
21 45
36 48
25 41
39 44
2 16
35 42
18 43
15 34
9 21
14 22
33 39
35 45
28 33
17 20
2 44
14 17
3 17
11 43
15 16
32 37
16 29
0 13
24 30
13 17
16 38
0 33
25 45
5 7
6 7
27 33
1 15
8 44
9 49
6 47
14 49
2 4
12 15
20 21
5 41
4 24
3 38
10 40
0 10
21 38
32 49
10 22
41 43
17 35
2 41
8 34
3 33
22 32
19 46
16 26
18 46
36 49
6 43
4 26
14 39
1 7
13 46
13 22
40 49
3 12
32 39
33 43
3 40
14 27
10 48
25 26
19 43
23 35
17 49
9 27
5 25
32 38
25 39
2 20
5 35
7 40
26 41
31 41
31 32
11 17
2 18
0 8
6 12
19 39
17 19
19 25
2 9
28 36
5 14
2 30
37 48
24 39
9 24
8 40
19 48
31 33
31 34
32 36
8 22
8 12
4 31
15 29
17 38
8 27
13 40
10 39
4 7
13 44
33 44
9 13
28 46
4 27
3 48
22 33
10 12
1 36
11 22
7 23
22 47
38 46
17 18
31 36
30 47
26 40
44 46
16 33
25 48
15 18
17 41
25 46
15 24
13 20
10 13
0 42
10 11
27 40
43 47
15 17
5 46
44 48
2 13
19 45
9 34
3 41
24 44
12 46
3 11
6 16
22 45
13 24
2 38
3 47
44 47
15 25
2 17
5 48
27 29
5 10
25 38
4 19
10 14
14 38
17 34
7 45
18 22
17 31
0 46
6 25
26 27
21 26
0 12
25 33
7 32
5 22
23 47
6 33
12 38
36 39
1 46
28 38
2 8
2 39
40 41
6 39
3 9
32 34
10 32
13 49
12 17
13 16
6 11
41 45
14 26
0 6
0 2
30 36
8 37
28 45
5 34
5 18
11 37
17 43
5 6
4 29
21 40
3 14
5 11
0 23
25 36
23 29
17 25
2 24
19 24
0 44
32 43
18 41
14 44
24 31
1 5
30 39
1 35
23 37
16 37
7 8
34 43
1 31
7 44
1 9
9 12
12 49
5 8
17 40
8 30
0 38
13 43
15 36
2 27
17 23
16 40
25 27
24 47
17 39
22 27
13 47
10 42
8 45
18 35
26 36
27 44
10 46
17 33
6 42
4 36
43 44
4 11
11 39
30 35
11 23
11 19
31 40
7 11
10 21
1 20
14 29
15 32
6 38
10 17
17 46
45 47
23 42
24 34
28 32
4 34
26 29
41 44
14 31
15 38
21 22
9 38
30 44
6 21
14 15
10 31
13 23
20 25
12 35
0 17
11 12
14 19
34 47
23 26
26 38
15 43
16 48
5 44
21 24
32 44
3 49
17 44
18 33
45 49
26 31
39 49
2 28
5 49
12 26
13 25
4 45
23 30
7 17
45 46
33 49
7 25
6 32
1 29
9 17
13 39
19 20
13 30
35 49
23 36
1 10
3 39
20 48
29 41
22 39
0 11
22 48
14 20
3 4
18 39
12 16
2 31
5 20
35 37
8 17
12 22
4 25
12 37
21 32
0 15
11 34
6 26
19 35
3 45
11 40
9 40
28 34
24 35
0 26
32 46
22 26
12 30
5 33
8 36
34 37
23 34
36 44
14 48
7 39
19 38
36 43
11 33
13 42
5 19
6 19
33 46
16 31
3 35
37 45
27 35
25 42
10 49
25 29
2 21
16 42
15 31
33 38
32 42
8 33
6 20
38 42
10 25
15 21
39 42
26 45
37 44
44 45
1 43
33 37
2 12
2 5
2 35
39 46
4 22
0 34
3 25
20 49
16 19
4 20
26 32
7 47
7 37
24 40
7 20
6 8
30 48
35 38
25 44
9 20
0 4
13 19
22 24
14 24
35 44
7 29
30 45
22 43
4 5
8 31
2 40
28 41
12 19
2 19
34 44
21 48
20 29
31 38
20 36
1 37
10 45
29 33
12 43
14 25
2 6
0 24
2 3
6 10
8 19
7 14
3 37
10 43
2 7
7 16
23 46
10 24
39 43
29 35
0 22
14 35
18 27
25 28
27 28
20 24
27 37
30 40
7 28
21 34
43 49
26 35
3 44
13 41
15 40
39 41
34 39
1 6
2 34
15 46
2 14
1 18
0 27
9 48
5 24
21 28
36 41
4 37
41 48
1 22
23 25
19 29
27 45
20 30
25 43
1 30
30 37
10 28
1 2
7 43
11 18
6 30
3 46
30 42
18 26
3 34
0 16
17 45
34 49
0 41
6 9
48 49
4 33
9 42
16 46
29 45
16 21
40 46
46 47
2 36
12 33
11 30
20 42
21 36
2 47
14 34
17 22
10 44
25 31
8 28
16 39
18 19
23 40
24 41
11 21
7 15
22 37
8 11
18 31
13 37
23 31
42 49
11 32
26 44
3 28
9 45
13 14
9 26
27 36
31 48
1 16
35 36
36 37
5 36
23 38
42 48
9 11
9 43
5 16
30 46
23 24
9 25
20 40
4 15
9 31
22 41
19 36
18 24
18 30
29 40
11 35
22 30
21 43
0 36
4 12
10 15
12 41
34 38
31 47
20 47
7 42
1 34
11 45
11 38
6 14
13 38
24 29
16 27
9 30
4 47
47 48
4 16
26 33
16 41
1 4
31 37
4 6
34 36
20 23
21 47
16 36
0 21
0 39
28 42
39 48
20 44
0 48
15 23
40 47
40 43
38 44
42 44
3 21
12 32
16 24
1 41
14 32
13 31
5 47
12 28
24 26
10 26
28 40
25 30
22 46
8 41
12 36
6 31
8 32
38 41
8 29
0 47
14 42
20 28
36 45
12 44
5 37
12 14
13 34
16 47
35 43
6 23
8 24
5 9
9 23
19 34
6 40
0 20
9 28
2 26
23 33
29 49
15 30
3 29
17 24
4 46
5 27
27 46
11 26
24 46
33 48
4 38
0 5
20 31
2 37
12 47
9 33
28 29
6 37
24 27
17 26
2 29
10 47
1 12
9 41
13 48
10 36
13 36
2 46
5 12
4 41
27 49
17 42
2 42
13 33
20 26
16 20
17 28
3 19
2 33
0 40
25 40
21 33
45 48
27 47
19 41
18 34
32 48
9 32
11 49
17 32
26 37
22 35
19 37
15 44
13 28
43 45
28 37
18 44
41 49
4 21
29 46
0 37
13 21
20 32
20 39
14 43
7 41
16 25
26 34
32 40
47 49
30 49
25 34
41 46
38 49
3 5
17 29
13 29
38 39
33 36
6 34
34 40
40 45
20 38
21 35
35 48
14 46
46 48
1 24
15 22
3 43
22 31
8 43
34 46
7 31
13 15
4 39
22 34
1 32
20 27
2 49
8 16
2 10
3 16
9 35
10 19
19 30
1 48
9 36
14 16
7 27
8 15
29 30
5 40
5 15
14 18
8 10
18 47
1 42
30 34
27 39
6 46
5 23
19 47
26 39
7 24
8 48
21 37
9 18
31 43
10 38
4 10
8 18
29 32
33 34
15 27
15 26
14 37
35 41
30 31
28 35
42 43
4 28
11 48
41 47
37 40
6 41
29 36
33 40
11 24
35 47
13 27
4 42
17 21
10 37
24 25
10 30
30 33
0 3
0 9
11 41
11 14
16 32
12 20
37 47
18 29
9 46
18 49
3 7
28 30
11 15
19 40
16 22
27 41
31 35
19 42
38 47
20 22
37 49
42 47
12 24
1 45
21 29
31 45
46 49
41 42
19 23
3 10
26 46
28 44
8 9
16 30
7 19
12 42
3 18
22 44
23 41
8 46
0 30
17 47
31 44
7 46
14 30
11 44
22 49
40 42
22 36
9 10
27 43
6 45
33 47
27 30
2 22
0 32
5 38
10 20
3 42
1 11
17 30
44 49
11 27
10 18
33 45
37 41
6 24
29 38
3 8
19 49
11 13
4 48
18 25
29 42
24 42
32 35
23 39
5 45
3 30
7 34
29 34
29 31
26 30
1 19
22 29
20 34
2 23
11 47
4 9
1 21
18 23
19 21
1 33
4 13
3 36
5 43
1 28
13 18
3 20
29 47
14 33
23 49
34 41
3 23
20 45
12 31
29 48
18 48
1 8
39 47
26 48
12 29
15 48
1 23
31 46
12 13
6 35
27 38
16 49
4 8
16 23
5 28
0 43
34 35
7 21
18 20
14 21
37 38
4 43
26 47
10 23
15 33
36 38
9 44
6 18
0 1
6 17
22 25
24 33
13 32
33 42
30 32
8 25
5 39
35 40
8 35
8 26
16 34
40 44
31 49
27 42
12 25
12 23
2 11
25 35
2 32
26 28
22 28
8 21
18 21
15 47
36 42
9 37
5 42
12 27
21 42
10 34
11 46
15 20
37 42
23 27
38 45
28 31
12 40
10 41
18 38
7 33
3 27
0 19
35 39
28 48
4 44
16 18
17 36
0 28
20 41
5 29
2 45
7 26
9 29
5 13
17 48
23 43
37 46
42 46
21 23
16 44
9 14
37 43
16 45
1 39
0 35
14 36
13 26
24 43
24 45
1 17
4 30
7 38
14 45
25 47
19 22
4 18
11 28
0 31
9 19
5 26
8 39
25 37
10 16
3 31
1 3
27 48
1 14
1 38
3 15
7 12
42 45
15 45
30 41
8 49
20 46
21 27
8 23
1 47
23 44
28 47
33 41
6 48
2 43
14 47
3 24
24 32
15 42
17 37
38 40
8 20
0 18
31 42
19 32
38 48
21 31
8 38
26 42
14 41
34 45
28 39
13 35
4 35
39 40
23 45
7 10
32 45
21 46
7 36
10 35
40 48
0 7
1 44
21 25
3 13
7 35
19 44
36 47
20 33
21 30
11 42
12 39
12 21
37 39
26 49
1 26
8 42
43 48
7 30
33 35
11 36
20 35
1 13
7 49
38 43
6 29
32 47
9 47
3 32
9 15
28 49
14 40
25 32
6 28
5 17
18 42
10 27
29 39
27 32
5 21
8 47
15 19
24 37
12 45
4 17
2 15
19 27
7 22
19 26
23 48
1 49
3 26
21 49
16 35
4 49
19 33
6 15
15 37
7 13
6 22
8 14
39 45
0 29
0 45
43 46
11 16
14 28
