23 78
2 0
4 3
5 1
7 4
7 6
8 6
9 5
9 6
10 0
10 2
10 6
10 8
11 1
11 7
11 8
12 0
12 1
12 2
12 6
12 7
12 9
12 10
13 6
13 8
13 11
14 0
14 3
14 5
14 6
14 8
14 9
15 2
15 4
15 5
15 8
15 13
16 4
16 6
16 7
16 8
16 14
17 0
17 2
17 5
17 7
17 8
17 12
18 2
18 3
18 5
18 6
18 9
18 13
18 14
18 17
19 1
19 6
19 7
19 12
19 14
19 16
20 4
20 5
20 6
20 7
20 9
20 10
20 11
20 15
20 16
20 18
20 19
21 15
21 20
22 0
22 1
22 2
22 17
1 0
2 0
5 1
5 2
5 3
5 4
6 0
7 0
7 4
8 3
8 4
9 0
9 5
10 8
10 9
11 3
11 4
11 8
11 10
12 2
12 3
12 4
12 5
13 0
13 2
13 4
13 6
13 7
13 10
13 12
14 1
14 4
14 8
14 12
15 5
15 6
15 7
15 8
15 9
15 13
16 2
16 3
16 6
16 10
16 11
16 14
17 5
17 13
17 15
17 16
18 7
18 12
18 16
18 17
19 3
19 4
19 6
19 8
19 12
20 4
20 7
20 9
20 11
20 18
20 19
21 0
21 2
21 7
21 10
21 12
21 15
21 16
22 1
22 4
22 5
22 9
22 15
22 17
