50 1224
24 43
9 46
5 42
17 18
13 21
38 41
27 36
18 33
12 34
16 17
13 48
35 43
3 24
3 8
32 40
32 48
40 45
12 47
5 20
32 35
11 41
7 40
11 13
3 41
19 23
15 41
13 26
11 46
17 47
0 12
6 43
4 42
10 21
39 46
2 17
30 43
4 5
6 44
41 46
20 49
6 37
2 45
24 46
20 44
10 28
8 33
2 26
1 35
2 32
11 21
28 29
13 33
1 39
19 48
33 49
46 47
18 37
11 37
24 38
4 34
12 36
12 48
22 31
6 34
9 10
4 31
0 17
31 37
6 40
17 36
1 43
17 49
10 36
47 49
6 12
0 15
30 33
1 14
0 14
16 41
17 30
1 23
15 26
21 30
14 34
22 29
19 42
12 31
45 47
9 13
7 46
13 35
3 5
18 24
5 16
4 11
19 33
43 47
10 46
28 47
11 24
17 46
35 46
13 22
17 23
27 32
7 13
8 25
11 40
32 38
29 43
33 48
0 29
1 3
13 45
30 31
42 44
13 29
9 20
20 36
12 13
11 19
7 15
13 20
35 48
6 23
32 41
15 30
21 49
33 45
0 8
44 46
18 25
39 49
9 45
23 31
15 45
28 32
1 20
18 26
2 35
0 16
7 27
16 22
7 14
30 36
34 45
11 32
8 48
12 29
24 26
21 45
44 48
15 49
45 49
15 47
16 38
3 9
5 35
38 47
31 41
25 38
29 35
3 13
0 30
15 40
8 38
23 40
6 46
20 39
2 22
7 30
20 46
28 37
6 21
16 37
17 34
15 22
15 18
2 38
13 24
18 45
5 33
23 34
21 47
26 45
34 43
8 42
1 33
25 42
4 29
30 39
21 29
33 34
1 49
5 13
39 45
1 5
3 11
31 38
42 49
25 29
12 43
28 45
32 37
2 25
20 42
10 44
38 40
1 46
17 48
6 30
19 29
28 34
27 43
8 32
25 37
9 39
7 31
32 39
24 49
0 47
12 26
4 10
42 46
11 26
36 40
16 40
16 23
31 33
7 41
1 22
25 43
3 14
14 17
15 44
40 46
41 44
8 16
24 47
9 41
7 10
3 27
10 37
6 38
10 33
28 35
27 46
1 42
0 19
37 42
24 33
31 35
18 39
14 47
12 42
25 45
23 37
32 42
1 48
37 39
4 26
31 43
9 33
27 41
23 27
2 47
12 20
7 22
33 38
6 32
15 21
17 19
4 19
15 34
34 37
31 47
5 41
0 37
3 29
19 41
1 32
41 45
8 35
2 12
35 39
16 19
11 35
43 45
0 18
22 40
38 49
43 48
4 21
7 35
9 26
22 43
0 2
25 26
3 36
13 28
10 29
22 39
3 17
4 8
4 17
36 42
29 38
8 10
4 40
20 35
8 39
35 45
7 48
10 22
13 36
3 48
5 34
38 48
2 44
23 29
20 28
29 42
22 26
33 46
35 40
22 41
11 49
9 30
28 48
19 24
21 31
17 33
17 31
8 18
39 48
29 32
34 39
43 49
21 36
27 42
24 36
44 45
15 23
0 46
19 31
0 44
1 31
13 15
1 44
19 37
9 47
18 49
13 27
16 49
24 39
31 42
2 49
23 48
5 47
20 26
12 14
21 37
18 43
4 41
3 32
36 47
25 30
26 47
1 6
24 42
20 41
34 38
13 31
14 24
8 9
10 47
17 27
10 45
20 31
5 10
15 35
11 23
23 47
15 19
18 22
1 11
22 24
24 25
32 36
15 38
13 25
27 30
25 41
3 18
14 32
5 44
7 18
37 46
4 32
35 42
30 44
11 33
10 43
5 6
10 30
4 15
7 38
1 29
19 36
25 27
17 21
8 14
1 27
23 38
34 48
7 17
8 31
13 18
5 15
12 30
13 43
14 26
25 36
17 40
20 23
6 22
26 38
9 48
5 21
9 43
8 44
37 44
15 32
31 48
6 29
9 40
32 34
40 41
24 44
19 25
5 27
6 27
20 34
4 39
40 49
14 43
0 21
5 40
10 38
8 17
1 12
12 22
18 28
19 46
10 35
10 26
15 20
26 37
4 20
21 28
3 30
24 31
20 33
0 34
34 36
6 19
34 49
4 38
18 40
15 36
28 43
25 48
19 43
9 15
28 39
8 26
15 33
36 38
15 46
22 27
0 49
0 10
7 26
32 33
27 28
12 16
3 38
16 47
8 21
11 43
9 34
29 44
27 34
25 28
0 28
8 30
1 40
14 30
5 19
17 26
14 41
4 47
12 18
8 23
25 46
2 40
18 29
4 6
11 45
40 43
43 46
9 11
21 22
22 47
9 19
42 47
33 44
21 27
7 11
13 34
5 11
41 48
13 32
11 16
34 44
24 35
34 41
20 21
20 24
5 39
17 22
37 40
16 35
7 45
14 45
9 28
13 42
31 49
20 45
26 49
39 40
30 45
1 16
12 23
9 25
27 38
8 36
11 30
28 33
20 37
2 31
10 31
27 44
3 26
33 41
12 21
28 38
22 35
26 33
35 41
8 46
12 37
14 38
23 33
2 9
14 42
0 31
3 21
0 36
18 48
5 38
6 33
6 28
0 5
25 44
2 4
1 9
22 46
44 47
16 44
6 42
21 35
20 30
19 45
2 14
3 39
19 26
11 42
0 26
45 46
7 19
4 25
3 7
2 20
28 46
41 43
39 43
12 40
7 16
27 45
4 18
8 11
33 42
36 46
38 45
10 25
1 2
1 15
12 38
14 25
22 36
5 18
35 38
9 12
16 31
1 7
4 46
4 36
21 42
36 44
7 42
17 42
14 44
8 27
12 49
9 49
29 40
29 37
12 44
23 49
15 43
16 21
18 21
1 30
36 49
22 38
4 45
10 16
40 48
5 29
14 21
17 44
28 36
15 37
12 25
25 39
23 41
35 47
19 27
42 48
12 35
9 17
1 19
7 36
37 49
37 38
11 38
4 12
19 22
12 32
10 18
0 38
45 48
20 43
2 5
16 24
10 13
4 37
2 30
17 35
8 12
22 44
28 44
27 31
22 48
1 4
15 48
24 48
5 45
5 22
12 39
4 14
1 18
0 20
29 36
29 41
5 26
3 25
1 21
6 11
4 9
14 16
2 23
37 41
2 34
6 18
31 39
39 47
38 43
24 41
21 25
18 42
11 25
18 34
9 16
33 39
4 33
14 48
6 31
0 7
11 36
25 33
14 37
16 48
8 34
32 47
13 16
29 49
6 10
12 33
18 47
9 36
21 24
26 32
8 20
11 20
1 25
28 42
32 46
1 47
2 28
30 47
18 20
3 28
5 25
30 35
10 32
6 20
30 40
31 36
27 49
2 27
26 28
29 31
26 34
16 45
20 47
23 30
40 42
6 41
7 44
22 28
2 36
16 20
5 24
29 34
2 3
26 27
16 32
0 3
12 24
26 40
3 46
12 19
25 40
14 20
8 19
22 34
34 47
10 12
28 41
37 43
39 44
27 47
2 39
5 31
17 39
21 32
4 27
0 40
4 30
18 32
14 29
16 46
4 44
17 45
29 30
20 25
16 33
12 28
32 44
23 35
20 22
4 48
40 47
14 31
16 43
22 30
2 24
20 48
0 24
12 46
3 10
30 34
7 9
21 40
36 48
16 29
7 37
6 48
11 34
1 24
2 13
0 11
19 35
10 41
14 39
16 36
26 48
7 25
18 41
44 49
4 24
21 33
8 47
2 41
10 14
25 32
8 28
19 40
5 37
18 38
10 23
18 27
27 29
16 30
11 15
1 45
13 40
38 42
16 18
0 6
17 25
11 31
16 28
17 38
36 37
1 38
8 15
10 19
19 20
21 48
30 37
48 49
12 17
21 41
23 28
2 10
10 39
38 46
9 22
17 41
16 27
27 39
10 27
7 12
16 42
5 23
14 40
9 29
0 42
16 34
3 34
3 20
9 18
23 24
3 47
28 40
4 35
11 27
26 36
7 8
11 28
0 23
17 20
6 16
39 42
19 34
16 26
5 49
8 37
39 41
26 46
14 46
3 22
11 22
34 46
12 45
10 15
29 48
24 45
23 45
0 39
0 22
4 16
10 48
29 46
10 11
6 25
8 40
10 24
7 20
15 27
14 19
29 45
18 46
15 17
3 44
2 11
18 44
9 38
20 27
3 31
17 24
6 9
21 46
11 39
7 39
37 47
5 46
4 43
10 42
0 43
14 33
19 30
8 22
47 48
26 42
20 38
28 31
27 40
11 14
25 35
13 14
6 15
31 45
29 39
12 27
2 15
2 42
22 45
10 49
18 36
3 12
36 39
24 32
40 44
24 30
18 35
1 36
16 25
1 8
6 36
1 41
13 23
15 24
1 34
9 32
28 49
15 39
9 21
41 47
34 40
24 34
14 28
15 16
37 48
21 39
5 43
42 45
42 43
13 39
0 35
17 29
18 19
41 49
7 21
8 45
25 47
13 47
10 34
24 40
15 28
26 29
2 48
30 32
11 29
19 38
11 48
10 40
27 48
9 24
41 42
3 43
14 36
7 24
33 35
5 48
25 34
12 15
32 45
5 30
12 41
18 23
2 33
23 25
8 13
22 42
2 8
5 17
11 18
20 32
30 46
21 34
13 46
23 46
3 40
9 23
26 39
19 47
0 25
36 45
28 30
5 7
9 31
11 17
30 48
13 44
13 30
19 21
15 25
24 27
0 41
22 33
6 8
14 27
9 27
14 23
14 18
4 23
22 32
38 44
21 23
27 33
11 47
35 36
30 41
31 34
26 41
0 33
4 7
1 10
1 26
7 23
9 14
3 23
23 32
0 4
0 27
3 15
3 33
6 45
7 29
35 49
23 43
7 49
4 28
5 12
5 28
1 37
9 35
43 44
17 32
13 38
26 31
10 20
8 29
6 35
19 28
8 43
36 41
1 17
1 13
3 49
22 25
3 16
21 43
14 22
9 37
13 41
26 30
2 19
2 6
23 36
21 26
38 39
5 9
33 47
2 29
3 37
11 44
11 12
2 21
31 32
3 35
0 1
34 35
3 4
29 47
6 49
19 49
0 32
25 31
26 35
30 38
2 18
32 49
13 49
0 13
17 28
0 45
35 44
46 48
33 40
2 46
46 49
15 42
6 7
2 43
2 7
23 39
26 43
31 40
31 44
3 42
14 35
15 31
13 37
4 22
3 45
29 33
19 32
32 43
22 37
21 44
24 28
7 33
7 28
24 29
33 43
0 48
31 46
14 15
6 17
8 24
23 42
7 32
25 49
30 49
5 32
36 43
18 30
23 44
10 17
6 13
18 31
20 40
17 43
14 49
16 39
22 49
2 37
37 45
4 49
19 39
5 14
8 49
17 37
26 44
27 35
13 19
7 47
6 39
2 16
0 9
1 28
5 36
13 17
9 42
27 37
6 26
6 24
7 43
5 8
4 13
7 34
34 42
23 26
9 44
6 14
30 42
22 23
33 36
33 37
6 47
15 29
21 38
20 29
3 19
24 37
35 37
19 44
8 41
29 35
44 49
21 49
3 39
15 29
18 37
36 38
24 27
19 49
41 42
19 32
10 23
15 16
33 38
2 15
13 14
23 38
20 45
25 34
7 48
45 49
7 46
21 29
19 26
16 43
23 37
18 40
35 43
27 38
6 16
10 40
4 28
2 38
22 30
32 36
4 22
0 33
19 30
14 36
18 46
16 23
33 42
13 17
20 31
29 41
13 30
38 49
11 37
16 17
9 24
38 44
1 7
8 47
7 37
30 46
15 37
10 35
36 37
40 49
11 27
1 33
23 44
12 49
14 42
2 30
13 45
0 48
11 47
5 40
4 33
9 40
4 39
16 30
7 27
3 14
35 39
2 8
10 47
30 48
1 47
8 29
20 44
7 47
11 34
2 17
7 40
42 43
19 41
12 21
20 33
0 21
16 47
24 33
9 48
3 42
16 28
29 38
20 27
13 28
35 44
12 35
1 25
1 46
27 34
3 33
0 32
24 25
22 39
29 34
7 45
3 37
16 33
15 20
7 12
6 34
19 22
14 38
27 32
17 35
44 48
11 12
5 36
12 40
24 29
9 36
26 46
9 47
5 11
5 38
2 31
12 32
12 23
0 25
14 46
13 18
12 20
15 43
31 47
8 35
4 47
2 34
25 26
31 41
4 23
1 28
17 21
0 23
9 27
15 32
38 42
16 22
32 42
11 40
22 40
35 36
4 7
6 39
43 46
1 14
6 49
19 27
3 28
22 42
34 35
11 41
33 34
4 12
1 27
0 46
32 45
20 49
32 43
2 49
1 41
8 24
30 41
21 39
6 35
9 41
3 8
18 24
23 26
11 21
35 46
23 27
13 27
4 44
23 46
1 38
27 47
15 41
24 43
9 18
7 49
6 24
11 42
7 26
25 43
28 42
3 36
17 36
22 43
34 44
6 43
8 20
12 22
1 40
6 40
33 44
3 19
10 30
7 18
11 13
12 41
2 27
8 33
6 47
13 26
0 22
0 30
3 47
0 5
27 44
17 48
2 28
5 48
28 29
19 31
13 29
2 35
6 17
42 48
15 30
29 43
34 47
27 40
23 36
40 43
21 28
10 43
14 18
41 48
29 36
10 16
1 43
30 44
16 19
9 31
3 22
31 37
7 44
19 43
13 25
7 10
11 18
21 46
26 33
28 36
20 43
8 49
3 40
3 44
4 41
1 42
17 22
1 11
29 48
0 43
21 33
13 40
0 20
24 48
3 24
27 28
28 30
23 42
40 42
12 24
22 48
30 43
2 29
35 42
2 47
9 25
22 49
4 26
16 29
29 30
9 16
31 48
0 14
21 40
13 48
4 24
16 20
34 43
15 42
20 42
22 34
4 35
26 38
13 35
24 35
8 45
30 34
5 23
11 19
7 28
7 23
3 16
10 25
4 48
15 27
0 34
3 48
2 11
15 21
16 42
12 26
9 28
19 45
11 29
21 22
4 8
5 45
29 45
8 22
1 10
8 37
38 45
17 34
27 33
21 47
18 48
15 35
9 30
11 32
21 27
15 17
0 28
31 40
25 46
16 18
21 45
5 19
19 46
36 49
18 32
7 11
2 13
18 34
21 32
38 48
3 35
10 36
12 18
16 32
13 20
4 5
3 5
7 35
5 12
24 31
18 43
12 34
22 29
35 37
18 23
11 24
16 35
41 45
7 30
26 27
0 15
19 23
23 48
17 24
0 26
10 13
6 18
31 35
44 47
33 37
1 12
21 30
23 41
32 39
14 29
14 26
7 21
19 24
6 37
7 39
16 49
8 40
28 39
10 46
24 34
6 44
10 20
33 48
1 26
5 16
36 46
2 44
3 20
10 48
22 32
13 19
31 43
24 49
7 29
11 44
17 38
29 44
12 36
27 48
17 45
2 19
17 47
6 9
26 49
27 37
8 10
13 24
8 41
20 32
30 42
23 43
14 25
14 40
13 31
10 33
30 39
8 46
21 36
13 36
5 22
3 34
13 23
6 25
14 48
20 46
5 15
12 28
9 35
25 40
22 47
9 19
13 47
8 48
6 46
9 43
35 41
6 13
16 21
2 9
22 25
10 22
15 38
6 30
5 34
21 44
8 12
34 45
28 41
25 28
3 10
20 29
37 46
14 33
8 13
12 30
11 17
18 38
8 39
18 25
22 37
19 36
12 43
39 41
11 39
11 22
0 18
5 49
42 47
9 33
26 48
36 42
19 21
9 12
30 40
39 43
1 4
1 13
31 38
14 49
28 38
9 29
5 25
3 23
2 4
15 36
29 46
6 27
32 38
23 30
21 37
20 23
5 30
10 37
20 38
6 41
4 21
37 45
1 35
20 34
5 41
3 7
36 47
1 19
5 13
10 27
7 15
40 41
28 49
29 47
1 31
7 8
27 31
29 39
15 22
0 8
8 28
21 38
4 29
17 19
24 47
0 16
2 6
17 25
42 44
19 25
6 31
0 4
21 23
5 32
7 43
13 42
44 46
17 44
11 46
1 37
25 42
11 33
9 17
31 44
46 49
16 37
31 46
12 46
11 20
5 27
32 47
29 37
0 13
37 44
32 44
7 38
7 13
4 9
46 48
5 24
20 25
34 36
34 46
18 20
13 34
43 44
29 31
37 39
8 11
30 32
21 31
12 14
20 41
40 47
8 32
26 39
21 35
12 39
45 47
0 19
7 14
31 42
27 29
15 45
14 17
10 24
10 32
47 49
2 18
11 15
0 35
0 37
14 32
9 22
12 13
15 34
1 18
8 23
27 49
42 46
8 15
4 15
10 39
29 40
25 31
6 23
33 40
10 14
24 42
7 24
7 36
9 14
10 15
6 38
23 47
5 46
13 39
15 46
1 6
19 48
15 31
20 47
28 37
1 3
13 43
4 19
5 20
32 33
7 41
33 49
19 37
33 43
25 41
11 30
8 44
2 23
24 30
20 21
17 42
3 21
18 47
11 31
0 3
8 36
18 31
2 12
19 44
13 46
4 17
39 47
17 23
5 31
8 21
23 32
18 33
36 48
16 24
41 47
14 21
0 12
1 5
15 26
4 43
5 17
10 21
32 49
24 45
5 33
3 43
14 16
17 29
14 44
18 44
26 34
1 49
2 36
11 28
3 46
2 14
34 39
37 47
16 26
1 23
4 36
0 17
42 49
3 31
16 25
18 26
10 31
6 32
39 45
25 44
14 28
2 41
13 33
31 36
20 36
27 45
37 49
6 26
4 16
2 46
15 47
36 40
11 45
17 26
4 45
25 29
5 26
24 41
22 45
46 47
5 37
6 42
0 2
16 40
2 43
23 33
7 20
35 40
41 46
38 46
13 15
1 32
26 37
35 47
34 42
7 19
39 44
34 41
14 27
2 3
35 48
2 32
2 10
1 44
4 32
23 24
12 17
16 34
45 48
25 36
31 34
9 15
29 33
4 20
3 49
7 33
23 40
9 42
0 31
22 24
2 40
1 39
30 45
25 33
0 11
23 25
19 28
5 10
37 43
31 39
21 43
10 41
7 16
34 38
4 18
40 45
14 30
9 23
17 31
0 47
14 20
15 19
15 24
3 41
22 31
1 9
1 29
4 11
2 7
4 40
6 33
43 49
9 39
8 38
38 41
1 16
23 39
36 43
28 32
12 15
1 15
39 46
3 26
13 22
37 42
16 36
32 41
26 30
32 40
22 26
23 49
19 35
12 45
15 33
2 42
10 26
35 38
10 34
12 27
26 35
13 38
26 32
21 34
17 30
37 48
0 44
18 27
27 36
2 22
8 17
15 49
19 42
22 27
2 21
9 45
21 41
36 44
18 42
33 36
12 31
3 13
14 39
47 48
24 38
19 20
14 35
15 23
21 48
3 45
30 31
8 42
10 44
11 48
6 14
8 31
18 19
0 49
27 39
9 38
8 43
15 25
27 42
14 47
40 48
21 25
1 22
9 44
17 27
17 46
26 45
17 41
20 24
5 14
18 41
17 49
5 47
2 20
9 32
10 38
38 40
0 39
32 46
28 43
17 28
16 48
28 48
26 36
6 20
10 49
0 6
3 32
18 36
20 28
14 24
14 43
22 36
17 39
2 33
5 44
15 48
43 48
0 40
24 26
28 34
6 21
32 37
5 6
22 44
48 49
20 26
15 44
5 7
2 39
38 39
8 19
12 48
19 34
27 41
15 28
22 23
34 40
1 30
41 44
37 41
6 8
14 19
43 47
2 24
1 24
14 41
4 37
16 39
21 42
24 32
12 19
4 34
28 45
1 45
28 33
38 43
28 46
1 8
30 33
20 22
33 39
41 49
16 45
25 35
20 35
16 38
18 28
6 12
24 28
20 48
24 36
11 49
18 39
23 45
11 16
5 9
26 40
31 33
22 28
4 10
9 46
5 42
19 29
13 32
3 15
12 42
30 47
36 45
28 35
0 38
2 26
8 16
10 28
6 11
4 27
5 8
14 34
15 18
12 47
19 39
24 39
26 44
32 48
2 37
9 34
26 41
30 35
22 41
7 9
34 48
11 14
29 49
36 41
10 29
29 42
10 17
7 22
35 45
25 30
25 39
6 29
12 33
40 44
32 34
24 44
0 45
17 37
26 47
0 1
1 17
23 28
25 49
4 49
8 30
14 45
7 25
4 38
10 45
12 16
6 15
24 37
6 48
0 36
11 43
25 48
31 49
11 25
19 40
2 16
13 49
13 44
10 12
3 29
19 33
1 2
0 9
39 42
17 43
10 18
11 38
33 35
14 15
7 31
18 21
5 18
11 35
33 41
13 37
1 36
5 28
25 47
6 45
12 29
38 47
32 35
4 6
4 13
19 47
25 38
3 12
19 38
0 29
8 14
14 23
3 25
21 24
14 22
28 47
2 45
0 42
39 49
26 28
17 33
18 49
4 14
5 43
3 27
8 18
16 31
31 32
28 31
3 9
8 34
8 27
0 41
17 18
1 20
28 40
27 43
4 25
1 21
6 36
3 30
5 39
30 49
17 40
2 48
27 46
13 41
10 42
11 26
16 27
27 30
3 11
20 39
43 45
3 6
22 35
4 30
22 38
5 29
15 39
10 11
6 22
8 25
4 46
4 31
20 40
23 31
7 34
27 35
26 29
2 5
29 32
33 47
7 17
6 28
44 45
18 29
37 40
3 38
17 32
28 44
0 24
31 45
20 37
13 21
5 35
18 22
9 37
39 48
18 45
40 46
13 16
9 11
0 27
11 36
15 40
16 41
12 25
1 34
25 32
37 38
12 37
3 18
11 23
2 25
30 37
9 21
24 40
0 7
18 30
14 31
22 33
5 21
23 35
9 49
12 38
3 17
26 42
41 43
21 26
35 49
30 36
12 44
34 49
23 34
3 4
25 45
23 29
6 10
0 10
39 40
6 7
1 48
34 37
9 26
10 19
14 37
33 45
36 39
8 26
6 19
9 20
7 32
16 46
30 38
4 42
42 45
22 46
9 10
25 27
17 20
25 37
7 42
9 13
24 46
8 9
33 46
26 31
26 43
16 44
18 35
20 30
