50 1200
18 36
5 46
36 41
26 48
22 36
10 35
7 39
1 12
1 14
21 45
22 44
14 46
8 33
16 48
36 38
20 28
0 7
17 47
11 32
2 4
8 34
42 49
18 45
4 25
7 35
4 43
1 31
5 37
8 45
18 25
7 22
12 13
17 34
1 38
29 35
18 37
18 23
25 39
11 43
39 44
4 29
36 39
8 47
13 33
0 19
23 34
0 30
3 40
33 37
6 16
42 45
0 42
13 39
9 14
32 44
7 20
1 36
45 48
0 40
12 26
23 40
4 37
11 29
32 33
18 34
12 36
7 37
6 12
6 15
4 34
35 38
24 34
19 24
8 21
35 36
14 25
5 12
14 45
17 44
22 25
29 41
11 12
10 12
13 41
10 45
24 31
8 22
2 14
33 38
23 36
24 46
35 41
12 30
22 26
6 22
9 25
1 23
32 38
16 22
36 43
27 45
9 17
8 20
5 16
2 34
3 32
44 49
3 24
14 18
5 45
21 47
6 42
20 30
10 43
2 41
7 43
28 48
29 38
1 40
31 34
30 31
1 33
16 21
37 46
18 19
40 47
27 31
2 3
5 25
27 33
22 30
8 43
2 38
7 26
45 49
10 18
22 45
7 48
7 32
17 42
41 44
36 49
16 31
27 46
8 12
5 48
17 18
5 17
3 38
1 21
7 28
14 27
24 48
23 28
47 49
10 46
32 37
3 7
6 17
41 46
2 35
12 47
15 27
22 32
19 33
19 25
16 26
20 25
3 13
21 49
33 42
36 47
0 27
5 29
7 45
15 31
7 9
3 45
15 48
26 32
29 36
0 8
19 47
19 48
4 38
0 25
3 29
0 17
26 35
5 15
5 30
41 49
21 23
20 24
11 42
6 26
7 18
33 46
17 39
2 26
1 35
2 42
17 21
3 33
2 6
16 23
7 40
37 49
0 5
38 45
22 43
16 37
3 37
24 47
1 25
33 40
20 35
23 37
12 44
0 20
44 48
34 48
6 40
1 11
29 30
29 48
3 18
19 32
34 39
14 36
21 30
11 22
2 17
6 32
11 23
3 6
0 49
12 42
6 24
23 39
6 36
28 30
38 44
15 36
10 49
3 47
33 44
7 21
29 34
6 37
17 20
37 38
5 47
6 21
11 45
0 36
15 34
13 27
15 49
28 35
24 27
4 12
37 45
14 17
22 40
27 49
42 47
3 19
8 18
25 34
6 44
5 28
15 33
22 23
31 33
10 33
15 17
13 16
34 37
5 24
24 40
25 35
8 14
20 40
4 7
0 24
39 47
28 32
10 41
16 17
9 37
15 30
21 36
24 38
9 42
30 40
40 45
3 27
11 33
10 30
34 41
5 36
33 43
12 28
31 48
28 43
30 49
46 49
3 43
20 23
30 41
11 20
25 29
36 48
1 48
34 45
17 35
1 5
16 18
8 37
2 24
25 44
2 16
9 11
19 45
4 9
39 49
7 34
18 49
9 49
18 32
7 36
11 34
27 30
16 36
3 35
31 43
12 39
10 48
10 27
2 5
3 20
9 27
38 49
13 17
1 6
24 25
0 28
2 31
28 44
4 49
31 40
34 44
22 49
2 20
36 44
44 45
14 21
0 32
20 48
27 35
26 47
40 44
33 35
14 49
24 45
28 41
19 23
8 30
3 22
27 41
15 45
24 37
38 42
11 14
7 27
16 35
7 17
6 7
7 29
8 31
14 23
6 10
7 44
22 27
27 28
8 23
37 47
4 45
17 27
12 37
21 22
23 41
16 19
1 30
22 48
25 38
13 43
21 33
37 40
6 41
8 39
31 36
4 46
21 48
12 41
23 27
9 30
43 49
1 37
19 28
10 15
18 28
19 29
1 26
17 24
28 40
22 35
7 41
15 37
25 26
25 45
16 33
8 11
14 16
10 16
9 31
6 8
9 45
39 46
14 39
19 27
1 4
5 42
1 39
8 9
0 22
1 24
13 40
23 49
3 26
1 46
30 33
12 29
20 32
20 46
12 46
9 18
8 40
41 42
16 30
11 44
18 21
2 33
26 36
11 49
33 49
7 10
9 16
4 19
37 43
21 39
15 29
28 47
2 23
25 49
4 39
4 17
6 39
11 15
4 35
18 26
7 31
40 42
4 11
18 41
13 20
28 39
8 10
16 44
5 8
17 33
19 44
12 19
3 16
37 39
5 35
11 24
31 44
7 24
25 46
5 26
25 48
4 42
14 31
5 20
5 43
2 46
5 22
17 23
5 9
29 42
5 32
37 42
22 41
10 22
33 45
45 46
25 40
9 46
2 7
8 25
22 28
23 24
2 9
32 48
20 29
3 30
5 40
38 47
12 24
6 25
31 41
20 45
46 47
9 48
8 46
46 48
3 10
8 15
31 46
2 43
9 36
22 47
12 25
37 44
12 35
26 43
24 49
11 28
45 47
8 27
2 40
42 43
42 46
4 30
36 46
14 43
10 47
0 3
0 4
21 32
5 38
36 42
10 20
30 46
35 42
6 31
10 44
8 36
15 38
6 43
36 45
14 40
12 23
2 18
31 39
6 45
31 35
20 22
16 34
1 47
19 49
26 37
30 47
3 42
40 48
26 27
34 47
28 34
14 28
7 13
4 48
5 39
34 35
24 26
3 12
26 45
16 47
30 39
10 32
27 32
23 25
0 35
11 37
18 30
0 47
30 37
34 43
29 39
13 31
11 26
4 26
23 47
35 43
11 25
1 13
15 46
3 15
7 33
21 29
29 31
32 40
2 48
1 44
4 27
12 32
27 40
4 44
0 10
29 46
5 49
21 44
6 47
19 34
19 26
18 33
35 49
12 22
0 9
30 34
18 46
20 36
9 33
23 26
10 34
21 38
20 37
30 48
9 38
36 40
25 28
39 45
21 43
34 49
15 35
16 46
21 24
14 38
48 49
13 14
26 30
28 36
25 42
13 22
37 48
28 42
27 42
6 29
12 40
7 38
14 20
38 46
18 42
17 32
13 32
1 49
29 43
19 30
34 40
8 26
13 15
29 33
10 42
3 5
0 29
36 37
18 48
11 18
2 45
20 44
22 34
29 32
3 34
17 31
4 36
9 23
16 40
15 19
17 37
12 15
4 18
21 37
15 23
14 15
13 34
10 36
8 28
6 28
6 38
0 14
11 30
10 40
26 34
0 45
21 34
14 30
2 37
35 40
6 23
13 30
27 48
8 35
4 22
25 37
12 16
0 15
15 25
11 17
6 30
25 31
15 22
21 27
17 48
0 12
12 27
18 44
11 47
15 41
13 25
13 47
30 35
20 43
1 34
15 47
13 29
23 32
13 18
30 32
38 40
22 31
27 47
29 45
38 41
3 36
38 43
13 23
12 33
0 39
2 49
23 30
15 43
20 41
12 17
3 49
19 38
8 38
4 41
5 34
8 16
14 32
1 15
33 48
18 38
5 33
9 29
43 47
17 36
4 33
31 42
16 20
26 28
42 48
7 12
10 24
7 14
1 27
4 13
2 39
10 17
21 31
1 28
4 5
5 14
9 47
27 43
15 20
24 41
11 13
2 11
39 43
25 43
32 43
24 44
5 27
26 42
0 46
6 27
0 43
19 43
30 45
39 41
13 49
1 20
12 31
27 34
2 10
13 45
40 46
20 39
2 22
44 46
16 27
25 33
17 41
2 27
28 45
10 38
11 46
43 48
11 35
18 43
6 9
29 40
1 10
20 21
7 23
8 24
4 21
9 43
10 26
18 27
31 49
16 45
2 25
23 29
11 39
2 36
3 48
26 49
17 28
3 4
11 19
4 28
14 47
1 32
19 39
0 1
22 24
9 34
18 20
30 42
35 47
39 42
5 41
12 45
26 31
26 29
33 36
34 38
28 33
6 49
23 46
8 42
15 40
41 48
35 39
22 42
8 41
40 41
1 2
3 23
13 26
6 13
35 48
12 48
3 17
19 42
7 8
35 46
18 40
15 44
12 20
32 41
17 46
9 32
15 16
15 39
18 35
35 44
20 47
25 32
9 28
3 21
23 48
16 49
1 3
38 48
17 19
16 41
47 48
5 18
32 46
25 30
31 38
23 45
10 13
4 32
20 33
33 47
26 41
15 42
1 22
16 25
3 11
38 39
4 31
26 40
42 44
5 23
6 20
22 29
33 39
7 16
27 44
22 38
0 21
21 41
17 25
24 30
19 36
9 19
0 18
0 33
1 41
11 40
16 38
14 37
39 40
28 31
6 33
5 31
10 11
8 49
9 12
6 11
31 45
28 29
24 42
11 16
1 43
11 48
21 28
20 26
29 37
15 21
27 36
24 28
24 43
9 20
26 46
4 6
2 47
21 42
4 14
11 38
7 42
16 29
8 48
22 46
21 46
21 26
1 7
32 49
18 24
20 34
20 49
6 18
16 43
25 36
14 34
16 32
7 46
15 28
9 40
24 32
25 47
0 16
0 48
12 18
9 21
17 49
8 29
16 24
31 37
20 27
3 8
7 25
12 14
23 42
27 29
0 2
20 42
23 44
24 36
21 40
35 37
10 28
23 43
2 19
9 44
16 42
0 6
7 30
5 7
9 41
2 21
32 34
22 39
29 44
5 19
7 11
9 39
13 21
10 19
6 48
13 46
9 26
17 26
18 47
9 15
13 42
17 45
1 8
32 35
7 49
25 27
26 38
17 43
6 35
19 21
27 37
8 13
13 37
13 35
14 44
17 29
25 41
35 45
26 44
11 36
19 31
12 38
6 19
15 18
28 38
0 38
11 41
40 49
12 49
9 24
2 30
13 48
19 35
3 44
0 44
24 29
1 19
17 30
8 19
27 38
1 16
2 8
27 39
31 32
10 25
0 31
19 37
15 32
10 23
6 46
16 28
14 41
24 39
17 22
4 20
1 45
16 39
1 17
19 40
43 46
5 21
40 43
10 39
0 23
18 29
19 41
1 9
24 33
9 35
0 11
1 18
29 47
44 47
1 42
26 33
4 10
32 42
13 36
26 39
34 36
14 33
29 49
17 40
34 42
4 8
2 12
32 39
3 39
3 28
4 24
14 29
3 14
30 36
30 43
0 13
32 36
8 44
10 31
14 22
11 31
31 47
19 22
6 14
41 45
14 42
28 37
2 13
2 15
18 22
19 46
13 24
4 47
32 47
21 25
9 13
2 29
14 24
12 34
23 33
15 24
3 46
3 31
19 20
10 37
5 44
9 22
33 41
0 26
23 31
41 43
13 44
24 35
0 37
43 45
7 15
2 32
5 13
12 43
11 21
5 10
30 38
11 27
3 25
22 33
0 41
14 48
4 23
34 46
8 32
21 35
39 48
17 38
18 31
7 19
30 44
18 39
12 21
13 19
32 45
37 41
4 40
1 29
3 41
28 46
10 14
22 37
23 38
41 47
28 49
11 29
6 8
7 29
14 28
9 45
44 46
2 25
27 30
0 38
2 14
26 40
7 10
13 15
39 44
20 41
9 29
7 23
16 35
15 20
3 10
37 46
31 47
42 45
11 12
15 37
14 36
0 3
4 12
22 43
31 45
2 4
4 38
11 19
10 12
12 40
4 6
28 33
19 41
11 25
7 25
11 24
2 23
27 48
18 33
3 23
31 49
3 4
23 48
40 41
42 43
18 49
0 47
5 46
1 23
12 16
10 23
9 48
23 33
17 27
25 42
22 23
15 39
14 39
1 42
0 22
10 22
12 15
27 35
9 21
27 47
6 45
14 40
21 46
3 8
40 43
26 44
16 47
37 43
24 46
24 48
18 28
10 20
1 41
14 46
36 48
15 22
7 32
17 42
4 33
11 38
3 43
14 27
4 47
5 22
32 47
15 17
18 30
1 30
20 45
29 41
6 12
9 47
0 28
27 46
34 40
12 29
5 43
21 39
18 41
15 16
3 24
24 32
32 49
10 27
27 33
31 43
1 31
11 45
7 28
47 48
23 47
35 40
16 40
18 46
16 42
2 37
14 43
18 44
22 35
8 9
1 16
19 37
11 32
5 13
34 41
24 36
8 17
42 47
2 44
13 43
4 24
5 31
1 27
7 44
22 48
32 38
29 48
26 28
15 47
0 41
10 17
10 41
30 40
18 23
19 25
19 30
38 45
12 23
9 32
22 26
11 43
1 15
11 16
23 25
3 7
23 45
0 14
45 47
8 40
9 34
45 46
38 41
4 27
3 5
0 7
5 7
0 30
20 26
9 46
8 31
10 29
31 39
0 21
0 11
12 49
17 24
21 31
34 46
4 17
4 31
7 12
5 17
20 31
16 48
25 26
0 17
29 31
9 25
12 25
21 43
9 26
31 37
17 36
27 34
31 32
32 44
5 38
29 36
8 14
3 31
9 30
2 29
7 35
16 39
36 45
16 49
9 19
1 5
20 42
2 10
19 43
40 49
27 28
0 35
6 36
25 33
2 18
8 39
7 34
24 39
0 29
13 35
3 44
26 37
2 15
8 20
13 47
3 30
20 43
28 36
8 28
3 48
31 42
35 38
11 33
5 37
5 35
1 20
4 23
14 47
10 24
46 47
0 12
20 46
2 38
37 48
5 41
3 15
16 18
18 42
2 8
2 26
3 21
40 44
0 10
24 49
5 12
26 35
1 2
15 36
33 47
21 49
26 41
15 31
5 21
9 27
1 48
6 16
6 17
19 47
28 44
6 20
2 48
6 44
26 34
1 33
13 25
16 26
9 23
22 44
14 42
12 28
31 41
8 25
38 44
17 45
7 40
3 49
13 34
9 31
20 30
11 37
5 33
18 24
15 19
10 18
3 16
12 41
26 46
44 45
30 37
29 35
1 11
13 44
6 21
4 5
9 12
9 40
8 47
26 47
41 49
18 45
28 35
42 44
36 46
11 20
19 32
14 30
26 27
0 26
10 42
7 42
20 33
17 31
18 39
30 44
5 29
32 37
17 34
29 37
28 49
24 35
35 45
14 41
19 33
28 30
27 40
0 42
15 41
24 43
30 42
4 19
18 47
5 39
17 19
33 41
22 46
10 43
6 25
15 29
25 40
15 32
7 21
39 43
0 1
4 40
25 49
0 24
8 35
0 37
17 44
19 35
18 29
14 24
36 43
33 40
23 46
0 20
28 40
40 47
25 29
0 27
3 6
19 38
11 36
21 26
33 44
28 37
1 9
15 25
9 33
1 26
10 16
2 47
24 28
8 11
19 46
29 32
6 40
21 24
7 15
2 49
43 46
21 25
14 25
33 46
2 7
32 46
12 22
18 37
24 26
43 44
28 46
1 14
17 29
6 31
2 20
32 35
2 32
15 33
21 22
43 48
20 27
37 47
39 47
37 38
6 24
2 30
28 34
2 22
12 18
10 39
4 46
32 34
7 38
10 26
25 36
23 28
39 49
6 14
28 38
4 35
25 28
0 43
26 33
5 25
26 29
28 39
31 40
23 39
30 32
28 45
8 36
39 46
8 10
5 49
14 38
25 37
18 34
12 39
21 30
1 24
9 37
8 33
9 38
7 36
18 21
32 33
0 40
22 36
35 47
0 15
9 16
31 35
5 32
25 35
7 9
4 42
4 49
18 36
6 41
20 29
7 39
7 30
7 14
34 44
1 7
15 49
14 32
22 45
21 35
21 37
13 41
28 41
12 34
11 35
20 49
6 33
3 34
23 35
27 43
5 45
2 17
9 41
2 43
11 31
13 24
28 42
3 46
23 49
29 43
13 16
0 4
30 47
21 41
11 26
20 25
29 42
23 43
21 29
6 38
19 48
15 23
36 47
7 47
2 12
22 33
3 40
16 45
19 44
11 46
16 34
21 47
32 39
37 42
11 34
4 39
13 36
22 42
6 32
28 48
9 22
10 49
2 3
12 30
4 18
15 44
37 44
15 26
20 40
1 29
1 45
10 48
17 37
16 33
17 40
12 48
4 41
8 49
19 28
40 46
6 18
33 37
33 36
17 32
13 40
26 30
7 31
4 28
22 41
12 13
21 48
9 36
38 47
1 12
12 36
18 19
4 25
8 44
1 43
44 47
30 48
7 26
16 46
12 38
8 24
12 37
7 37
1 4
1 3
8 46
3 12
15 28
34 39
0 46
10 33
26 39
46 49
13 14
22 32
19 31
24 25
2 40
13 22
3 33
17 21
20 32
37 40
22 29
29 46
29 30
26 38
7 27
0 13
2 13
30 46
8 22
16 20
13 49
1 44
1 39
5 40
37 45
15 35
30 39
38 43
22 34
4 14
13 33
6 42
12 44
2 27
2 5
25 31
2 33
32 48
13 19
20 35
6 34
30 35
12 24
30 31
31 44
1 25
8 43
4 36
20 44
16 36
14 16
32 43
20 34
27 44
19 36
4 9
0 23
0 44
23 24
4 37
8 15
11 30
20 36
1 6
7 24
9 10
38 42
22 24
22 38
24 44
4 13
14 18
12 26
25 47
18 43
33 38
19 22
15 42
12 27
22 47
0 18
10 15
16 30
12 45
3 45
6 27
5 15
39 48
39 40
41 43
35 41
34 47
25 45
16 41
5 34
23 42
14 35
13 29
30 38
14 29
14 23
11 17
7 22
1 34
15 40
33 35
19 24
31 36
40 45
10 13
16 27
9 14
6 26
23 41
36 42
8 16
5 19
13 46
11 22
14 26
27 38
32 36
12 31
34 37
29 49
1 47
0 16
2 19
15 21
33 49
14 37
21 42
7 17
14 33
15 38
3 19
30 36
1 13
30 41
19 45
7 18
1 28
31 38
2 16
10 14
35 37
19 34
22 37
31 46
5 16
41 44
17 49
0 39
10 11
24 42
9 24
18 25
6 47
4 48
2 39
7 45
12 19
16 43
32 40
13 18
17 22
8 30
12 42
26 49
14 15
27 39
42 46
0 2
30 43
6 23
17 26
10 30
26 42
16 24
17 28
4 30
13 17
1 37
11 23
8 37
36 38
18 40
10 28
21 27
2 46
39 41
35 43
6 39
5 9
22 40
29 39
13 38
4 21
1 22
16 32
28 29
30 45
11 47
4 7
21 32
11 44
14 49
1 46
25 34
24 27
27 29
12 47
41 48
34 42
3 17
23 40
17 33
23 30
6 19
0 31
4 8
18 26
29 40
6 49
34 38
10 31
13 31
29 44
8 41
15 45
2 28
3 32
34 35
36 41
12 20
21 28
0 36
5 11
3 18
4 29
16 21
23 29
15 34
26 31
36 44
19 20
17 35
10 45
10 38
37 39
5 6
5 42
3 47
17 18
38 39
23 38
2 24
13 45
13 26
5 28
7 43
0 33
37 41
7 19
2 6
4 34
14 34
4 44
33 45
8 27
27 41
3 11
13 20
0 32
10 40
0 48
3 14
12 46
26 32
40 42
23 36
11 49
25 27
20 39
22 39
37 49
14 45
2 34
18 22
6 28
21 33
2 36
29 38
19 29
5 14
6 37
12 33
20 37
24 41
9 20
21 34
3 13
0 34
11 42
18 35
3 20
7 49
6 15
38 49
20 38
34 49
14 31
13 28
5 47
16 29
25 48
4 10
6 7
13 23
19 39
1 21
4 43
7 48
1 38
6 10
12 32
33 42
15 18
10 34
30 34
12 21
25 30
13 48
14 19
22 28
14 48
35 42
17 41
22 25
6 30
35 49
46 48
24 30
38 46
10 36
7 8
8 12
9 17
1 19
24 38
5 26
1 35
45 48
34 36
35 44
8 45
17 46
7 33
23 31
5 44
2 31
33 39
3 9
25 41
4 26
17 47
16 28
14 17
25 43
14 44
24 31
10 25
32 42
33 34
42 49
10 32
2 9
22 30
35 48
45 49
20 48
0 19
43 45
8 38
31 34
44 48
13 37
12 43
30 49
27 37
5 23
21 45
36 40
6 11
3 37
11 18
15 27
7 46
19 27
2 41
14 21
2 21
23 26
9 44
14 22
16 31
14 20
8 48
18 20
17 43
24 33
28 31
48 49
8 13
32 41
9 39
7 11
1 18
16 37
4 11
9 13
7 16
27 36
5 8
20 24
5 27
25 46
29 45
41 42
5 36
1 40
43 47
11 39
31 33
42 48
34 43
26 45
8 19
5 18
26 36
3 25
19 26
18 31
13 42
11 13
16 38
16 25
3 22
6 35
12 35
24 34
34 48
16 22
18 32
16 19
3 26
20 21
28 43
8 26
11 14
15 48
25 39
9 35
6 46
23 32
3 38
10 44
22 27
0 9
27 31
3 41
35 39
11 28
12 17
19 49
1 8
0 45
16 23
5 24
17 38
3 29
5 20
20 22
1 32
5 10
29 34
15 46
13 21
8 32
8 21
18 27
9 49
1 17
17 23
9 42
36 49
3 36
22 31
6 29
40 48
6 22
21 44
1 49
24 37
41 45
44 49
9 43
10 46
0 49
20 28
3 39
4 32
7 20
3 28
6 9
38 40
28 32
23 44
2 11
27 42
39 45
22 49
2 45
26 48
13 39
8 18
11 41
23 37
35 46
2 42
36 37
19 23
8 42
33 43
2 35
17 30
5 30
19 21
17 25
7 13
17 20
21 38
16 44
21 36
24 29
27 32
19 42
27 45
15 30
18 48
26 43
13 27
36 39
16 17
25 38
0 8
23 34
17 48
15 24
3 35
12 14
4 16
21 40
15 43
25 32
28 47
31 48
1 36
3 42
10 37
10 47
9 15
27 49
11 21
41 47
6 43
13 30
11 15
17 39
8 29
3 27
9 28
24 45
24 40
20 47
10 35
30 33
5 48
9 18
19 40
4 20
8 23
7 41
47 49
11 27
11 40
4 22
33 48
6 48
4 15
21 23
23 27
