50 610
16 24
11 42
10 46
10 16
27 48
24 37
23 47
0 11
31 49
8 45
7 10
2 26
22 39
7 17
17 34
9 39
2 27
3 33
12 34
13 32
29 33
1 19
34 49
12 48
6 27
31 36
3 38
7 42
13 44
11 23
10 14
8 12
14 32
19 33
38 43
5 18
29 37
41 49
10 36
11 22
8 24
10 25
20 26
8 31
9 10
33 49
25 46
19 42
34 37
30 39
2 22
12 47
5 48
28 30
16 48
39 47
13 39
9 20
7 16
19 47
11 49
11 45
15 48
20 45
21 30
10 31
20 25
16 17
5 8
30 34
5 49
15 23
3 37
4 6
15 39
32 43
7 30
20 36
21 45
13 26
17 47
11 44
12 38
11 16
13 36
0 5
20 35
25 39
36 42
21 47
0 1
44 47
32 39
42 44
2 24
19 23
10 28
4 48
0 3
14 37
18 37
0 20
2 9
13 38
9 33
1 25
4 43
17 32
22 46
1 31
8 35
26 40
11 28
4 18
24 25
39 45
11 46
23 27
3 39
13 30
4 19
2 49
5 47
15 44
15 28
23 44
32 37
16 35
2 15
2 16
1 47
1 27
14 44
11 20
16 43
24 49
18 44
22 30
4 22
24 39
2 21
31 43
12 32
27 38
6 7
31 42
37 48
18 31
8 13
4 15
10 41
17 39
34 41
10 44
3 17
19 22
33 42
41 45
27 46
15 22
23 31
1 34
11 12
25 26
0 31
35 42
8 20
38 49
1 6
8 39
15 21
36 37
2 8
15 18
22 25
8 32
12 21
0 34
37 42
29 43
4 20
2 31
22 47
6 42
7 14
40 48
2 19
30 41
6 12
11 43
20 21
28 41
31 39
36 45
40 45
4 47
3 8
22 41
26 35
31 46
3 20
27 39
24 34
2 3
1 29
21 25
7 8
18 35
10 29
6 10
4 14
12 22
5 30
28 37
26 33
10 12
17 46
38 42
12 42
16 41
24 29
17 21
37 43
3 13
4 10
3 18
3 41
6 45
12 16
11 48
19 27
21 49
25 33
23 49
16 45
5 14
12 31
0 28
16 22
35 41
8 38
31 32
28 31
28 36
11 26
10 34
7 49
7 40
12 13
27 45
1 10
13 17
9 34
36 49
22 23
1 30
10 33
7 37
16 31
4 35
10 24
17 36
1 38
32 42
8 14
24 42
26 29
0 24
23 37
26 38
33 37
24 28
16 30
25 32
36 43
12 20
27 40
7 45
16 21
9 16
23 41
30 45
5 21
5 27
1 46
7 28
19 36
16 38
15 30
9 11
6 22
8 10
30 32
23 36
38 39
12 15
8 46
29 30
17 26
2 33
18 30
26 27
31 37
24 48
9 35
33 44
38 48
21 27
8 23
13 24
7 44
12 18
6 31
23 29
5 24
33 36
1 43
7 39
20 24
20 31
12 19
2 5
42 45
35 46
3 40
42 47
4 17
13 22
35 39
26 45
36 38
2 18
15 19
18 40
39 44
18 28
35 45
33 46
14 20
14 21
11 34
33 34
27 49
6 23
23 38
22 33
8 44
22 29
24 30
15 36
7 46
23 25
21 35
12 25
29 49
2 32
22 24
9 12
0 46
4 5
5 32
25 28
6 14
18 21
4 40
2 13
39 49
0 7
15 46
19 44
25 27
5 12
6 46
18 33
17 41
11 35
36 44
23 30
12 17
6 24
13 18
1 5
37 44
21 39
39 48
15 47
27 31
18 29
34 44
26 34
1 16
27 33
6 8
2 39
32 48
5 20
10 37
14 24
36 48
1 35
15 38
9 46
6 43
19 39
18 43
16 29
10 35
26 32
12 40
4 49
18 42
19 34
17 30
10 13
8 22
0 36
19 32
18 36
0 29
14 15
7 32
34 43
0 27
7 35
9 41
35 43
5 25
20 49
12 49
23 34
25 40
30 35
3 28
0 10
6 44
14 23
45 49
3 22
19 30
0 26
40 43
2 29
2 6
0 45
15 31
40 44
5 6
30 47
19 46
3 47
15 35
25 42
3 42
17 35
1 9
8 21
22 42
23 40
38 44
20 23
15 42
7 27
5 36
10 42
9 38
11 37
9 14
2 35
11 31
6 28
27 34
10 15
9 28
29 40
34 42
0 48
27 42
21 38
1 49
28 38
14 48
25 49
16 19
39 46
43 45
29 31
28 45
0 19
37 39
12 24
20 47
46 48
17 23
2 43
38 46
5 38
3 30
0 47
27 28
25 45
14 45
30 38
1 11
9 29
27 47
9 27
0 14
45 48
21 29
7 26
3 25
6 9
29 46
1 4
17 37
0 30
28 34
26 43
26 48
18 23
1 40
9 42
23 42
3 26
22 27
7 21
4 33
16 37
10 22
23 45
1 17
4 46
11 25
26 42
28 29
14 34
11 19
12 37
0 12
18 20
4 11
5 26
1 23
1 37
13 48
18 47
6 49
0 21
8 40
16 42
10 26
9 30
6 40
29 48
14 31
1 7
17 24
8 34
32 35
17 25
4 13
28 33
4 27
12 35
6 19
2 44
7 12
3 34
1 14
15 25
22 37
24 26
35 48
19 24
19 40
44 48
3 19
13 49
3 7
35 36
39 40
9 40
21 26
5 45
13 33
42 49
5 7
11 14
34 38
8 33
28 48
24 38
27 32
17 27
8 28
13 28
6 26
5 44
13 46
33 45
37 40
11 40
34 39
11 41
27 36
2 47
4 16
16 32
10 20
0 15
6 26
3 43
8 19
21 36
9 39
10 13
2 28
10 20
35 44
21 41
26 27
3 9
13 18
0 4
9 32
25 34
20 26
31 32
23 30
34 39
31 34
12 41
8 23
3 32
12 31
14 31
31 36
19 40
36 44
14 33
42 46
26 37
13 36
16 34
23 28
3 22
14 35
16 20
15 28
33 39
2 31
0 17
3 27
15 17
25 36
3 48
16 33
0 2
0 8
6 23
19 49
9 11
10 30
1 3
0 41
0 33
2 14
4 41
10 32
11 15
21 42
5 11
8 46
35 45
30 49
0 38
33 48
26 42
0 27
3 19
30 38
14 45
19 22
6 42
41 43
10 42
4 30
11 16
44 45
21 27
27 34
12 34
32 33
17 49
10 45
23 37
9 23
1 33
14 43
17 38
10 39
12 42
0 29
27 48
19 26
25 32
17 43
28 30
12 13
4 21
36 40
0 24
44 48
4 48
12 24
27 38
21 37
16 25
1 24
5 9
11 49
24 26
29 34
28 29
16 37
8 30
2 49
2 11
15 35
15 45
1 21
3 35
9 36
7 31
4 38
0 9
15 19
24 49
20 22
0 5
27 40
16 43
3 21
2 47
1 19
9 38
11 31
4 32
6 38
3 47
5 48
30 48
12 40
10 22
5 37
24 37
14 34
2 17
0 22
15 33
19 42
18 49
1 38
18 33
0 44
1 12
7 36
27 46
4 40
5 43
5 21
5 39
3 24
12 17
4 35
12 36
33 40
13 35
35 49
37 46
7 41
11 47
15 25
22 32
37 44
6 9
4 29
20 33
10 29
34 42
24 31
4 36
12 45
5 32
38 45
9 21
0 7
42 43
22 42
23 31
7 32
37 49
12 46
7 44
3 30
27 29
20 21
21 30
3 36
1 22
27 35
12 18
1 37
20 44
40 41
9 26
1 26
1 39
25 33
20 31
8 48
25 40
18 32
20 28
16 31
2 21
25 45
2 37
0 11
8 44
2 26
3 29
5 23
19 35
22 31
10 47
11 27
22 46
11 28
23 47
0 14
18 44
17 36
9 27
30 36
1 2
17 32
31 45
0 13
32 45
4 24
9 30
27 36
4 5
24 47
5 19
23 32
10 35
26 39
4 22
4 9
4 10
11 30
38 43
30 45
20 41
29 43
31 39
7 18
46 47
9 46
19 46
18 38
6 31
22 45
4 13
25 35
9 49
4 27
12 32
6 17
2 38
19 31
20 30
9 40
1 10
17 44
18 43
38 44
20 29
17 37
4 8
1 7
21 22
18 48
45 47
42 44
10 11
31 48
7 40
3 11
20 43
26 34
13 33
43 48
11 46
0 43
4 25
9 18
28 47
9 24
30 43
5 6
11 20
2 32
6 47
0 28
26 40
13 43
10 25
14 24
6 11
13 48
18 39
21 31
37 40
14 28
21 24
0 35
32 36
28 49
25 37
16 38
31 42
5 35
27 37
19 37
23 34
2 4
12 38
19 36
2 20
22 44
6 27
17 21
26 33
21 47
23 25
17 41
22 48
21 40
27 28
21 23
8 9
17 29
3 4
39 42
43 44
1 28
5 49
21 28
18 45
22 43
0 19
12 15
4 15
1 5
11 32
10 38
2 44
14 44
10 17
8 34
30 39
27 43
5 10
11 44
31 44
16 45
34 48
28 44
29 49
19 48
20 37
33 38
1 6
8 11
37 47
11 40
47 48
38 48
26 38
34 44
9 41
15 30
4 39
24 29
9 33
6 43
31 41
13 49
2 16
19 45
18 24
23 43
8 12
2 39
9 20
8 26
32 42
14 41
13 38
5 16
4 19
2 27
6 15
4 45
5 14
23 41
45 49
18 20
9 48
12 20
17 25
7 16
12 37
17 26
14 46
25 30
28 42
16 29
21 32
32 41
15 18
10 15
30 47
29 38
7 13
30 37
14 47
15 32
33 42
23 36
13 47
13 34
20 48
47 49
33 45
21 38
0 34
21 44
17 28
15 31
42 48
31 46
16 46
18 35
4 43
33 37
11 18
13 37
40 49
21 43
17 48
26 32
24 36
3 37
26 35
7 33
25 27
17 18
24 27
22 41
9 28
42 47
18 41
16 21
6 28
7 37
4 23
42 45
3 25
11 24
4 47
28 34
37 43
6 13
18 34
29 39
15 23
36 42
39 49
13 28
33 34
19 43
7 11
15 48
12 33
1 45
13 46
19 41
16 39
20 36
5 38
38 42
6 41
33 46
39 48
15 49
8 49
43 49
7 26
15 44
30 32
28 39
13 14
22 25
8 21
22 28
16 18
24 28
27 32
7 46
8 35
44 46
10 37
1 35
32 35
34 43
35 39
1 16
8 15
34 49
35 37
34 45
21 45
2 41
29 40
1 36
21 34
6 14
6 10
6 16
10 23
24 45
5 42
29 44
3 12
7 8
18 29
20 46
5 45
30 40
20 25
33 35
4 31
8 41
5 34
6 48
2 40
18 23
20 24
27 41
10 21
0 15
13 25
17 46
16 49
14 42
7 9
5 41
24 48
16 19
45 48
3 6
2 13
33 36
13 27
24 34
34 41
32 43
28 38
8 24
10 36
27 33
0 32
5 12
48 49
14 29
26 31
3 44
36 41
4 7
27 30
30 31
3 39
3 31
0 37
22 33
34 37
45 46
10 31
18 28
36 38
1 18
5 22
3 26
8 36
7 20
5 40
3 41
40 42
16 41
16 22
34 35
2 25
32 39
11 35
0 21
1 27
