50 610
13 43
23 47
39 47
47 49
7 34
1 12
6 37
19 46
13 46
2 40
14 37
1 43
23 26
8 46
25 36
40 49
16 41
26 46
17 28
38 48
9 49
3 20
33 40
29 49
2 13
3 11
15 40
14 20
37 46
31 43
35 45
2 30
16 25
38 49
21 40
17 27
20 45
2 36
14 47
38 39
29 46
15 33
9 45
10 46
20 21
3 30
27 48
16 18
9 35
18 35
39 46
0 9
31 48
23 41
8 22
3 34
31 37
29 42
21 49
25 41
7 39
15 16
7 15
34 39
6 43
8 27
15 19
0 48
18 19
8 48
14 26
23 28
40 41
20 40
13 36
24 31
9 20
17 31
5 18
23 43
11 26
6 38
33 49
11 27
13 37
10 18
12 39
24 40
15 26
9 42
1 24
31 42
11 30
29 37
26 30
8 17
18 34
22 23
23 36
4 22
6 46
29 38
7 21
41 47
20 26
19 24
6 12
18 47
11 21
4 32
19 43
44 45
5 21
4 49
37 38
15 39
9 44
22 45
22 33
6 10
7 14
33 47
10 13
12 26
7 8
4 46
4 35
12 22
15 31
6 36
3 22
22 32
2 46
12 44
4 14
16 39
4 19
0 23
18 28
30 44
16 35
16 31
10 39
4 37
32 41
10 38
28 33
27 42
6 9
12 49
29 39
5 36
15 41
19 48
21 43
27 37
28 38
25 49
20 41
37 48
16 27
0 49
17 40
5 25
3 41
29 47
24 34
25 47
7 43
1 45
1 42
11 25
21 25
7 24
31 32
26 37
18 38
0 10
16 21
40 47
9 15
8 40
20 25
37 39
1 11
7 30
35 42
14 17
17 36
17 32
15 18
14 27
3 10
5 17
5 41
13 41
7 48
8 36
4 42
7 38
0 7
43 48
6 21
0 32
30 40
9 16
21 34
9 32
15 25
4 29
1 46
7 35
0 3
30 36
16 38
9 36
0 44
5 32
15 42
6 29
35 37
3 45
13 19
15 49
19 36
35 41
10 16
19 37
11 48
26 41
7 23
20 39
5 22
12 38
9 43
32 35
2 48
23 44
4 5
10 15
7 18
7 37
9 34
14 33
8 33
2 21
36 48
19 38
21 31
8 25
17 39
33 37
23 49
8 15
6 30
48 49
1 8
10 37
22 24
0 28
39 43
5 35
25 30
7 11
43 47
0 12
6 11
9 29
16 49
27 39
1 7
2 7
4 10
34 47
43 45
10 14
19 20
7 33
39 48
12 47
5 7
43 46
2 11
30 43
8 20
10 47
24 41
12 24
20 34
28 44
4 40
3 32
25 29
13 22
2 18
29 32
5 43
18 22
7 22
17 35
10 20
1 39
3 44
0 47
14 23
9 47
4 20
5 15
40 42
15 34
14 30
3 6
17 45
20 27
10 36
8 28
14 24
7 49
32 34
2 44
12 46
28 47
41 45
35 46
15 29
29 48
2 32
32 43
19 42
12 17
7 13
10 49
27 29
0 4
7 20
9 30
9 41
29 33
16 30
26 40
17 19
15 20
26 27
15 37
23 31
18 31
1 18
34 41
16 36
9 10
6 19
15 48
30 46
22 43
13 15
27 40
2 25
13 21
25 37
13 33
3 13
1 9
19 29
7 17
2 49
3 16
3 31
2 5
18 30
24 33
31 44
3 33
33 41
1 37
10 32
29 30
1 19
2 3
7 32
32 40
28 41
23 46
26 38
2 42
19 47
22 41
19 31
4 39
4 41
36 49
32 48
26 28
0 36
12 34
25 34
35 44
14 45
12 21
4 48
1 35
3 9
19 34
6 35
16 33
6 44
14 44
8 11
0 2
24 27
0 25
42 47
9 39
7 12
11 49
0 20
10 41
9 13
25 44
38 46
29 35
17 33
5 45
2 31
38 45
22 49
9 33
27 44
9 24
16 23
9 22
25 28
1 2
10 28
33 35
2 43
3 43
27 33
13 45
2 17
6 14
11 34
3 25
42 48
23 45
15 36
13 27
5 27
27 41
0 19
34 36
11 38
8 18
0 34
4 31
17 49
21 26
7 16
38 44
3 23
14 48
18 27
10 34
24 43
18 39
2 35
35 36
15 43
8 49
17 47
10 24
40 48
30 45
10 22
3 27
19 22
6 8
18 46
10 48
28 49
45 47
11 17
42 49
10 26
4 38
10 19
41 42
17 18
18 43
16 42
11 19
5 42
36 46
21 41
3 17
31 46
4 26
27 32
22 35
11 40
7 27
20 29
2 33
14 16
14 49
1 36
30 35
16 37
18 21
8 14
22 26
21 47
17 25
43 44
12 27
12 15
1 48
6 41
18 37
6 17
0 22
13 34
3 12
1 16
1 41
13 32
25 35
11 36
21 29
19 49
0 8
19 26
10 35
0 17
9 12
3 48
5 44
20 22
18 48
15 22
2 4
21 46
9 38
22 46
5 40
26 34
31 38
14 32
2 12
23 29
4 43
14 35
30 49
8 35
3 42
0 1
11 35
9 14
24 38
28 40
6 16
39 42
3 46
30 31
16 28
0 41
18 24
21 32
13 23
5 30
1 47
6 13
13 48
5 8
13 20
5 23
22 25
1 17
23 48
20 35
18 36
8 43
6 24
11 45
38 40
21 23
43 49
5 28
14 15
41 43
5 24
18 49
17 20
8 34
12 48
20 28
20 49
13 18
22 40
33 48
4 12
9 31
28 30
17 37
10 43
5 26
6 39
40 44
37 49
22 28
5 19
9 23
14 43
22 37
9 26
8 39
9 16
2 37
15 30
43 46
33 34
12 34
14 40
5 8
38 42
25 37
0 9
20 49
36 48
9 22
10 35
16 48
39 45
11 13
45 46
40 41
29 39
11 25
5 22
2 47
21 24
13 15
41 48
3 21
3 11
6 39
5 6
4 37
6 16
27 33
12 41
14 34
21 22
31 37
9 13
8 19
39 44
10 23
3 29
13 49
6 36
1 31
9 37
24 49
3 36
38 47
21 30
1 43
5 47
0 44
6 34
11 39
0 19
5 42
3 44
19 23
24 27
18 45
13 16
2 15
10 16
3 20
15 25
3 5
3 43
3 38
18 38
28 48
45 49
25 41
8 20
7 20
27 35
3 41
18 25
2 21
2 26
27 29
6 31
14 17
4 35
2 33
36 44
2 32
7 39
7 10
23 39
5 19
41 47
39 49
18 30
8 22
22 29
10 33
29 37
19 49
44 45
33 42
20 25
36 46
21 36
17 35
2 40
18 23
0 6
21 38
3 9
4 26
9 15
28 29
7 38
5 39
6 9
37 48
24 33
33 47
6 14
13 25
28 33
0 32
5 16
8 21
16 49
28 43
2 12
31 34
23 32
0 20
11 43
31 48
13 27
15 23
16 21
10 32
10 45
13 46
13 37
5 37
8 47
11 42
21 41
0 17
10 22
6 35
25 30
4 18
23 24
16 20
20 26
16 34
18 37
42 47
15 28
34 46
29 49
37 38
22 23
7 8
11 47
6 11
0 14
7 37
7 17
34 35
0 21
15 31
19 31
4 16
12 16
10 20
0 42
9 32
27 45
9 18
7 25
31 43
1 33
9 39
17 37
23 41
13 38
29 47
6 22
38 45
16 25
12 37
12 31
1 32
16 18
35 48
8 13
22 36
47 49
18 46
26 45
16 33
2 17
22 39
9 48
2 4
13 35
0 40
6 10
21 39
35 40
3 24
18 32
4 31
44 49
9 35
37 43
9 29
26 46
15 46
11 40
2 41
15 34
39 41
30 33
14 27
22 25
18 26
2 28
10 11
21 47
17 28
2 6
1 24
0 7
15 21
13 45
26 40
8 45
29 30
4 38
0 1
37 42
9 45
23 44
19 21
7 28
5 34
10 41
42 45
1 7
29 38
16 29
33 46
8 30
22 34
29 48
11 15
28 30
40 47
22 32
7 24
2 38
0 33
18 48
17 40
3 8
40 49
34 43
20 48
9 30
0 24
17 41
18 35
11 32
36 41
21 25
4 15
5 7
24 40
15 17
3 23
29 31
11 16
23 47
0 3
4 11
7 45
15 36
15 24
20 24
29 34
21 23
14 47
3 28
1 15
15 20
5 25
3 33
9 21
16 46
10 19
4 41
11 45
35 46
16 37
14 44
41 46
13 44
0 37
5 20
29 42
6 40
23 25
25 29
23 34
17 24
17 25
20 29
20 41
30 46
12 47
4 13
38 46
27 46
7 23
13 40
8 32
2 30
26 31
25 39
26 28
8 17
20 37
7 41
8 23
24 28
31 42
17 26
22 31
17 36
24 30
6 49
8 34
22 43
30 45
6 41
14 39
0 4
3 22
3 47
12 25
12 19
22 49
3 35
7 14
28 44
6 17
14 16
2 22
0 35
18 42
6 37
0 8
15 29
15 19
9 25
15 32
6 33
31 40
43 47
9 11
32 36
16 35
26 27
22 46
2 13
36 39
18 21
5 29
8 26
1 9
29 45
16 23
11 48
1 14
17 20
17 38
27 43
16 27
21 35
8 42
27 42
1 10
9 20
27 39
9 42
22 40
37 39
2 35
11 37
28 38
10 44
11 28
26 48
27 28
6 21
8 16
26 47
1 34
7 29
9 49
8 10
30 43
20 23
26 37
32 42
8 46
3 49
3 27
20 21
2 18
2 48
19 43
13 33
10 24
22 30
11 20
34 40
2 23
13 36
15 41
7 16
37 47
45 48
4 14
19 48
44 48
0 49
18 49
33 40
21 44
13 31
7 32
32 37
20 47
24 41
1 49
41 45
9 12
3 17
5 48
30 39
9 19
37 45
11 23
17 39
9 41
4 39
13 42
12 35
8 44
25 42
7 43
13 41
7 15
6 18
28 34
38 48
37 40
1 12
1 4
25 27
28 49
4 6
25 34
14 38
16 28
2 39
0 22
5 30
3 48
13 30
16 22
2 34
33 35
5 27
0 18
29 46
26 41
39 43
30 32
32 47
10 12
30 47
1 3
27 38
5 38
1 48
31 38
21 37
22 48
10 15
23 43
12 21
9 27
5 13
31 32
11 19
14 46
23 37
23 40
10 42
5 23
9 10
6 46
5 32
33 41
42 49
40 46
17 43
12 13
1 2
23 42
6 30
4 19
32 46
7 18
12 30
20 28
31 35
39 42
31 47
13 24
40 44
10 36
21 34
36 37
18 19
8 15
29 41
11 44
9 43
25 44
11 21
12 29
3 14
31 44
36 40
30 44
5 21
32 35
6 12
11 14
24 25
10 49
33 39
9 38
34 39
9 24
26 49
4 20
12 49
34 45
15 27
5 12
37 44
26 39
23 35
19 24
41 44
0 46
7 9
20 40
7 12
37 49
26 30
26 35
11 33
21 46
30 48
5 31
13 43
3 34
2 24
14 25
4 33
11 24
34 38
16 26
2 36
12 38
1 13
11 46
13 18
35 38
15 16
24 37
27 49
27 41
19 42
32 33
9 14
29 43
25 49
8 24
8 35
