50 1220
21 41
18 21
16 25
24 47
6 45
39 42
10 31
34 41
6 8
8 9
6 47
10 36
12 42
22 36
5 15
18 34
15 24
6 12
18 40
20 46
23 48
3 25
19 47
9 27
9 15
11 33
11 37
13 27
8 11
0 20
19 36
0 27
24 27
31 40
16 39
11 15
5 25
6 26
26 41
11 32
2 9
30 48
19 26
17 27
25 26
35 46
36 48
9 17
17 49
1 22
22 26
21 36
18 39
10 28
0 4
10 37
8 39
1 20
19 49
24 26
3 9
22 28
13 41
5 34
34 38
12 26
13 17
35 48
19 42
20 48
7 44
30 40
6 40
34 47
13 39
47 49
23 28
37 49
4 28
15 22
26 34
2 24
25 42
1 26
24 40
1 5
6 36
20 27
32 45
6 49
13 29
5 35
17 36
21 32
0 49
9 13
35 41
26 39
10 43
18 20
1 40
2 10
14 19
14 40
20 29
7 40
4 5
0 30
22 38
24 43
10 46
15 37
7 29
7 13
29 44
1 45
31 36
41 47
25 29
0 38
24 44
38 41
21 28
9 32
2 13
2 22
8 32
2 30
26 44
34 39
12 19
1 27
32 42
6 20
35 42
0 21
10 29
26 28
8 24
0 39
0 29
37 39
3 20
20 36
12 16
21 34
1 19
8 45
26 29
7 45
9 46
11 35
17 24
28 34
26 47
2 43
16 31
15 48
6 31
9 44
19 44
2 38
4 27
23 44
31 48
16 32
20 24
45 46
12 32
13 19
15 40
16 49
12 30
40 47
7 31
23 45
3 19
39 41
14 33
8 40
9 31
16 28
33 41
15 36
11 23
14 16
0 18
25 41
29 36
12 45
8 30
11 18
16 41
12 44
10 11
0 17
14 36
27 42
15 34
17 22
15 27
16 46
14 31
1 44
42 47
10 23
23 40
9 47
32 38
31 41
12 47
24 49
7 33
15 25
17 21
28 31
9 30
3 44
12 27
9 28
10 24
18 37
9 39
15 16
0 11
4 13
33 45
10 44
23 34
14 18
22 33
11 26
36 46
37 43
7 26
6 15
3 49
38 42
6 35
24 41
6 28
42 43
12 38
2 3
35 37
4 9
10 22
1 46
5 44
7 43
4 43
10 40
15 44
8 43
24 42
44 45
4 24
32 36
13 21
18 42
1 43
8 14
36 47
18 47
2 35
15 38
13 32
15 31
44 47
27 32
37 38
6 44
38 46
15 30
4 32
1 32
24 46
26 49
1 30
19 39
18 24
9 48
17 47
6 9
12 20
8 19
20 47
21 46
24 28
1 33
29 41
23 29
1 49
30 42
11 48
1 18
33 42
15 21
17 18
1 9
5 9
38 44
4 23
36 42
23 35
20 34
11 29
29 33
21 40
16 44
1 36
3 10
26 35
2 37
5 18
7 39
12 40
4 47
6 43
0 13
2 8
30 49
26 45
28 49
20 30
5 21
9 19
3 30
10 32
31 37
4 48
1 15
20 45
33 47
21 44
15 43
46 49
31 45
22 43
8 38
39 45
14 45
12 15
4 31
19 37
12 21
24 32
4 29
13 35
37 47
3 12
3 24
8 22
31 44
29 32
1 25
10 45
23 49
19 20
2 11
40 43
13 20
17 19
15 20
21 27
4 18
3 46
5 46
5 11
30 33
16 47
2 36
1 2
18 32
20 33
5 13
40 44
22 49
12 41
38 43
0 36
1 38
7 42
11 25
6 42
2 17
10 13
8 12
18 26
11 43
14 49
12 46
7 16
39 49
7 24
36 37
16 26
15 49
12 49
4 42
40 46
28 42
30 36
16 48
22 45
19 23
29 30
28 32
0 24
5 24
18 43
19 41
7 14
0 37
41 44
16 33
26 31
24 37
4 36
6 33
31 43
5 40
29 49
10 42
25 40
6 7
30 31
14 34
33 39
15 26
14 15
6 10
28 48
2 29
18 31
4 8
6 46
5 45
4 39
4 14
19 48
7 49
20 43
3 43
7 18
11 17
4 44
3 45
27 40
21 23
23 36
36 49
4 34
47 48
15 18
1 12
5 38
12 25
2 28
17 45
20 28
12 31
0 8
12 37
25 49
6 23
32 35
12 24
1 4
4 40
0 40
35 49
16 21
22 41
7 35
5 26
0 10
3 4
11 28
44 46
24 34
16 43
14 41
9 20
4 10
2 49
34 48
7 41
6 11
42 46
16 30
3 32
8 33
6 48
5 14
25 34
5 31
35 39
25 43
36 41
14 24
12 43
25 30
34 43
42 44
22 23
17 40
10 15
4 35
2 20
3 23
13 33
9 33
29 40
13 46
5 39
3 13
25 47
5 8
23 38
9 24
2 25
4 12
0 19
4 16
26 46
24 45
17 44
23 24
27 38
9 26
14 30
22 48
19 25
24 31
21 37
35 43
5 7
15 29
2 31
25 32
38 48
18 19
3 48
2 6
1 48
3 37
2 46
33 44
22 37
9 49
26 42
8 26
17 48
37 41
35 45
10 34
0 26
32 37
20 32
7 37
8 35
7 27
7 21
30 37
31 38
17 34
22 44
28 38
18 29
6 22
2 5
23 41
27 31
10 25
11 13
43 44
0 6
46 48
5 43
4 45
19 46
2 42
1 8
30 47
8 31
26 38
1 34
13 15
22 34
5 10
13 45
14 46
9 37
27 44
1 13
22 29
5 41
21 26
13 30
31 42
3 36
30 45
24 35
0 5
28 41
6 13
13 22
9 12
21 45
6 14
2 39
0 16
0 34
7 23
8 21
6 39
20 42
32 34
1 28
30 34
11 30
1 7
10 17
3 18
7 30
19 45
13 42
17 28
14 22
25 48
15 45
34 36
21 35
17 38
2 12
35 36
10 30
43 45
32 43
29 34
7 17
19 28
16 23
19 35
3 42
27 48
3 6
3 31
35 38
0 45
6 34
20 41
28 46
14 37
28 36
14 25
0 47
15 28
34 45
5 20
9 29
7 20
34 37
2 48
19 31
1 17
8 28
15 35
40 49
19 24
7 11
36 40
25 33
34 49
22 24
10 26
22 47
28 39
10 48
1 35
10 14
2 33
26 43
28 40
27 39
0 42
4 38
1 14
19 21
3 17
23 31
1 47
33 46
8 46
4 37
9 45
2 41
14 39
10 12
2 16
42 49
10 39
13 48
0 35
31 46
18 22
16 29
12 22
19 30
11 24
29 47
2 7
32 48
35 47
20 49
18 30
25 31
16 42
21 49
29 43
31 32
9 21
2 14
6 41
29 37
31 47
16 24
41 42
12 17
0 1
16 36
8 18
20 25
17 33
24 25
12 28
8 34
11 19
9 41
37 44
5 19
27 47
23 30
30 43
3 7
6 18
29 42
4 49
27 41
28 45
1 37
19 40
14 29
34 46
3 28
5 30
11 20
6 24
14 35
16 35
14 26
32 40
23 39
13 36
6 17
21 33
15 17
37 42
8 48
6 16
14 21
17 41
6 32
34 40
0 15
6 19
25 36
3 22
13 16
5 49
11 49
36 39
2 21
3 40
23 25
40 42
11 34
17 31
32 47
21 43
11 44
14 23
25 44
21 38
5 27
8 25
17 43
34 35
41 43
27 43
39 46
29 45
19 33
20 22
6 38
35 44
4 15
30 46
38 40
2 32
19 38
33 38
9 25
45 49
16 40
23 43
7 25
22 46
4 20
16 27
41 45
12 35
3 14
8 16
16 34
16 18
10 41
0 31
4 7
16 20
27 49
13 49
21 25
10 47
5 17
21 39
4 46
15 23
26 33
10 49
42 48
7 36
26 30
20 37
10 19
23 32
38 45
11 21
2 4
16 22
27 37
13 37
18 46
8 41
21 22
14 20
43 48
9 34
16 45
12 14
33 36
3 8
11 38
36 45
24 39
0 33
37 40
2 26
10 18
12 29
41 48
9 40
3 15
0 32
15 32
18 48
31 33
28 43
0 7
2 15
28 37
27 34
27 30
12 18
36 38
8 27
23 37
7 48
7 8
5 23
22 27
4 22
0 12
0 41
43 47
3 47
33 49
2 27
3 21
33 37
9 18
44 49
37 45
21 48
31 34
1 10
7 28
25 27
32 46
1 39
29 35
14 48
30 32
0 2
25 28
21 29
22 31
20 23
4 26
35 40
2 40
5 22
22 42
10 21
15 46
5 28
13 34
4 30
5 37
2 44
3 27
19 34
33 34
17 46
32 39
22 35
39 44
3 41
45 47
13 47
0 9
30 39
3 29
20 40
24 30
12 23
19 29
3 26
0 22
12 36
9 43
0 44
30 41
22 25
4 33
26 32
43 49
23 47
7 46
1 21
10 38
30 44
13 26
6 29
21 31
19 22
24 48
27 35
1 6
13 31
11 46
8 49
11 39
29 48
0 3
24 36
1 31
18 25
17 35
27 28
25 38
0 28
29 31
23 33
26 40
31 49
1 23
14 17
9 22
0 43
36 44
42 45
8 37
40 48
2 47
11 12
13 28
33 35
18 28
8 29
32 33
10 35
12 34
25 46
38 39
15 19
18 44
11 40
3 5
13 38
41 49
16 19
4 25
39 40
20 39
14 42
46 47
3 38
7 34
18 33
7 22
11 16
19 32
7 10
5 36
8 42
17 23
7 32
37 48
1 3
11 14
9 16
24 33
26 36
25 37
8 13
23 27
10 27
11 41
13 18
20 21
4 6
11 36
26 27
8 44
17 26
1 41
1 11
31 39
6 21
19 43
39 47
4 19
9 38
18 41
3 34
13 44
5 48
7 12
12 48
9 10
25 39
29 38
17 20
10 20
5 47
17 42
5 6
0 14
13 23
14 28
24 38
2 19
34 42
5 32
20 26
21 47
8 15
1 24
11 47
22 30
6 37
17 30
14 44
23 42
14 43
4 21
38 49
0 23
5 42
39 48
0 48
0 46
16 37
23 26
27 33
17 25
18 36
7 9
18 45
11 45
38 47
17 29
15 42
28 33
9 23
18 38
2 45
5 29
16 38
15 47
14 47
41 46
33 43
43 46
9 11
7 47
22 40
11 42
2 34
4 41
27 29
11 31
17 39
28 47
18 49
36 43
11 27
14 38
26 37
24 29
32 49
20 31
18 23
15 41
13 43
28 44
30 38
37 46
13 40
21 30
20 35
2 18
21 42
5 12
5 33
8 10
10 16
8 20
3 11
2 23
19 27
20 44
28 30
6 25
28 29
27 46
48 49
6 30
27 45
9 36
1 16
14 32
3 39
7 38
21 24
4 11
7 15
13 14
3 35
12 39
18 27
8 36
12 13
3 33
8 23
25 35
7 19
5 16
33 48
10 33
12 33
9 42
26 48
34 44
9 14
1 42
39 43
1 29
23 46
14 27
8 47
33 40
6 27
29 39
15 33
3 16
45 48
16 17
30 35
22 32
40 45
15 39
0 25
13 24
17 32
18 35
27 36
17 37
4 17
11 22
32 44
44 48
31 35
8 17
13 25
40 41
25 45
20 38
2 43
40 45
0 27
14 18
6 32
1 46
21 27
15 33
2 49
11 46
16 34
10 37
6 31
26 44
9 42
12 46
2 25
23 28
9 19
3 47
15 37
17 39
11 47
1 20
1 9
18 43
1 14
8 45
22 40
2 28
4 19
11 15
9 17
34 35
5 37
9 33
4 5
24 28
0 24
0 41
17 42
14 40
12 49
33 42
18 19
4 47
2 27
10 30
45 49
22 23
29 47
11 26
9 39
20 44
6 21
7 12
24 44
5 24
13 42
23 41
6 12
5 49
15 47
28 35
19 47
18 35
19 33
3 43
4 41
6 30
38 40
5 22
1 47
0 39
22 47
2 5
5 32
24 25
29 36
2 16
7 20
7 34
37 41
8 39
0 12
19 46
19 36
14 35
29 32
9 15
16 40
42 49
26 27
1 10
27 39
0 13
23 44
11 29
26 40
13 22
16 19
41 43
13 44
3 11
20 23
31 46
32 49
13 49
22 45
28 43
20 42
10 32
25 33
41 49
12 26
0 18
18 26
11 20
2 4
4 38
13 43
18 42
45 47
43 44
22 34
15 42
26 34
9 47
15 28
31 33
9 23
8 10
20 27
3 42
17 44
5 8
4 11
22 46
6 41
34 43
0 28
8 23
12 34
36 40
2 42
7 30
2 26
2 18
13 29
14 43
25 29
13 23
15 25
12 45
2 17
4 9
17 21
32 40
14 23
31 43
11 12
8 49
1 12
33 43
27 36
2 6
26 35
1 33
32 45
36 43
4 44
15 30
4 14
23 38
15 17
10 38
3 30
36 47
5 10
1 11
0 3
43 49
7 38
7 37
32 48
20 47
2 38
6 23
18 41
2 15
2 24
14 34
21 33
18 46
37 46
21 37
11 48
2 30
8 27
11 13
5 14
36 37
36 48
1 45
42 45
41 42
10 31
9 16
18 40
7 36
0 4
1 31
15 49
18 20
46 49
11 34
39 40
7 14
4 21
9 43
19 26
18 44
19 39
13 39
39 42
14 47
0 6
27 30
9 32
26 30
24 39
35 39
39 43
33 36
41 44
5 9
32 43
29 39
24 32
40 44
19 45
8 21
17 23
21 32
14 22
22 41
3 24
25 36
28 29
44 46
7 18
7 49
36 39
9 12
36 45
30 45
8 43
0 21
3 6
2 48
16 46
24 47
5 48
30 46
44 48
22 48
18 30
17 28
29 42
1 4
20 32
0 37
28 30
11 32
33 47
13 32
21 44
12 17
6 7
10 21
11 49
13 35
31 35
22 43
20 29
12 42
27 35
6 42
30 43
25 44
30 40
2 34
19 41
10 17
40 49
5 6
8 11
10 45
33 35
18 34
18 37
26 43
42 44
1 38
1 25
16 21
12 23
13 24
26 48
32 47
21 48
9 35
10 19
1 35
32 35
9 34
5 16
25 37
18 29
21 35
3 20
5 27
17 33
4 24
34 42
19 29
1 32
35 42
17 31
19 30
15 31
31 48
1 18
22 27
6 17
10 35
9 22
16 49
17 32
0 15
26 42
16 45
10 11
1 40
30 38
18 48
20 38
6 13
9 28
10 20
0 33
4 28
17 20
5 21
5 23
43 46
0 5
16 47
1 42
8 40
7 33
1 7
31 45
12 28
12 30
27 42
0 30
21 49
10 36
6 36
14 42
9 45
4 49
34 46
30 49
24 45
1 43
25 35
6 16
11 37
44 47
7 24
13 45
23 24
7 28
35 45
13 16
25 32
4 18
6 29
2 12
4 17
6 10
20 48
6 25
11 31
17 36
3 49
8 36
0 32
12 44
6 45
23 45
37 40
18 38
37 49
5 44
6 28
17 22
4 48
12 16
7 35
20 25
34 48
9 29
15 22
26 31
6 46
1 3
31 32
3 10
17 18
21 45
21 39
1 17
5 28
16 42
18 39
31 38
25 28
14 17
15 48
15 40
19 42
34 45
7 47
4 36
16 30
9 18
34 41
8 31
11 27
19 38
37 39
2 8
38 44
17 40
27 49
5 33
8 25
35 46
33 49
13 18
5 34
25 41
38 47
10 22
17 35
12 38
1 30
35 48
7 42
9 48
7 32
1 8
6 22
12 31
0 44
45 48
11 30
0 23
0 38
5 36
4 16
4 35
13 47
8 15
3 21
13 21
16 44
2 10
6 38
28 34
2 19
1 27
8 33
3 29
8 9
19 22
6 47
16 18
42 47
36 44
34 44
24 41
11 22
8 17
6 24
38 46
11 14
7 29
12 35
9 13
24 34
28 46
19 21
1 49
3 38
20 45
39 47
1 41
5 30
3 40
9 44
3 41
24 42
1 34
29 30
2 21
9 41
44 45
22 26
28 32
30 41
1 29
11 41
33 46
48 49
3 5
10 15
30 32
24 40
14 21
8 35
31 34
25 38
1 19
4 45
4 33
8 24
38 49
41 46
15 36
9 27
0 20
4 29
21 43
7 11
26 38
4 8
0 2
16 48
24 31
31 49
35 49
17 46
13 41
14 29
17 47
23 27
16 43
10 28
23 31
32 42
31 36
18 36
35 44
1 36
0 34
5 43
8 48
23 47
37 48
22 49
0 25
10 16
27 43
2 31
45 46
22 39
9 25
24 38
13 31
6 15
21 40
2 47
17 19
23 25
4 13
1 5
15 41
6 14
32 34
2 40
12 24
7 21
32 44
5 47
3 39
38 41
3 37
3 48
0 48
10 13
11 24
10 33
19 32
10 44
30 31
3 22
14 44
2 22
7 31
0 9
21 24
32 39
0 1
1 24
13 38
26 39
8 29
3 26
17 45
7 8
22 44
2 3
16 22
22 37
41 48
14 30
25 40
23 46
2 33
29 37
11 43
17 30
16 39
4 27
35 43
2 13
0 14
26 28
32 38
3 7
43 48
3 27
33 34
15 16
30 42
17 24
28 44
13 27
18 45
30 48
25 45
2 36
6 20
7 46
14 25
46 47
25 26
8 14
27 38
3 17
12 27
39 48
31 40
23 26
5 7
28 41
20 30
23 33
32 37
26 33
43 45
23 36
40 47
14 16
14 19
12 48
28 48
4 20
33 38
11 23
19 35
5 20
38 43
18 21
27 29
20 21
5 35
27 45
37 43
14 15
18 32
34 39
24 49
16 36
2 39
3 45
37 45
2 9
30 33
8 41
0 47
6 26
17 43
12 20
16 35
6 19
5 42
13 30
29 33
11 25
34 40
28 38
11 45
23 37
23 40
12 41
12 29
10 40
12 21
13 20
42 43
5 26
20 24
26 45
15 38
15 19
9 11
30 36
28 42
16 23
12 32
21 23
40 42
19 27
16 38
20 33
14 28
13 37
11 18
6 34
33 41
17 25
10 18
14 49
8 42
11 17
9 14
4 43
2 11
1 15
16 25
15 23
14 39
5 18
1 22
19 25
7 13
5 29
10 26
17 26
11 40
8 44
30 35
22 24
9 36
39 45
4 39
7 15
12 18
13 26
25 47
38 45
29 40
20 35
9 24
21 31
7 22
5 25
35 37
0 29
12 40
20 26
7 26
21 30
0 19
32 33
31 37
22 30
15 35
22 31
16 37
8 30
19 20
3 12
14 41
13 40
14 24
3 19
4 22
4 30
7 23
26 32
1 6
2 23
27 44
10 41
22 42
29 44
26 37
11 35
26 41
9 10
19 48
21 25
17 38
0 7
14 20
24 35
23 42
1 23
16 17
22 25
3 15
1 48
22 29
14 31
31 47
29 48
12 19
36 41
3 32
1 26
8 16
6 40
20 31
4 10
33 48
0 36
27 33
14 32
10 23
17 49
8 22
4 37
4 40
27 32
10 39
6 9
3 31
4 31
12 37
9 20
23 30
27 31
10 47
6 39
20 46
16 26
6 27
19 49
25 31
36 42
25 49
11 16
19 23
28 49
27 47
23 43
29 49
3 34
34 36
33 40
29 34
0 16
15 27
13 28
15 18
33 37
42 48
10 24
10 43
15 21
27 37
9 37
13 33
30 37
3 23
19 44
9 49
24 43
16 31
14 26
10 14
25 48
24 46
7 10
26 36
15 46
29 38
6 35
8 19
23 34
35 36
3 4
12 22
30 47
11 28
14 38
28 39
18 27
30 39
1 13
7 48
36 38
19 24
43 47
19 43
25 46
21 22
26 29
16 28
0 35
17 41
18 25
10 12
39 46
18 23
10 49
31 39
5 39
15 34
0 31
22 35
13 15
12 15
31 41
9 38
28 45
16 33
8 12
8 47
21 29
31 42
19 40
36 49
25 27
34 49
5 11
15 24
18 47
6 49
2 41
0 40
32 46
3 8
16 41
35 41
3 44
8 37
23 35
15 44
3 16
25 39
28 47
33 45
17 27
20 36
17 48
10 34
3 18
19 28
22 28
24 33
1 28
11 39
35 40
17 29
2 20
37 44
12 25
11 33
7 27
3 25
13 17
39 44
4 7
13 46
2 35
13 14
20 34
27 28
24 30
18 28
15 20
14 33
6 18
1 44
5 19
40 41
5 46
26 46
33 39
5 40
5 38
47 48
14 45
4 32
9 40
7 45
0 26
21 38
5 12
21 36
40 43
15 26
11 21
26 49
11 36
2 7
21 41
20 43
7 25
23 29
38 39
23 39
24 29
9 31
0 46
33 44
0 11
16 20
21 28
8 20
24 27
0 45
13 48
26 47
27 48
14 37
14 46
21 47
1 37
0 42
10 46
28 31
3 9
19 34
6 33
0 49
2 14
4 25
37 38
12 39
24 48
20 49
6 48
3 13
44 49
4 26
11 44
24 36
0 43
15 39
6 43
5 31
29 41
27 40
15 45
16 32
0 10
23 49
10 42
16 27
2 29
34 47
8 38
36 46
10 29
7 39
2 32
12 13
30 34
25 43
2 46
5 17
11 19
27 34
39 49
46 48
40 48
20 22
21 26
2 37
7 9
15 32
1 21
27 41
1 2
13 25
37 42
13 34
23 48
8 18
47 49
10 48
7 44
29 43
39 41
19 37
41 47
4 23
12 14
12 43
3 46
0 17
41 45
1 16
18 22
9 21
25 34
29 45
19 31
4 42
9 26
6 44
13 36
28 37
12 47
17 37
5 45
3 33
18 24
6 37
0 22
34 37
25 42
10 27
4 12
21 46
35 38
14 27
3 28
2 45
20 28
2 44
24 26
20 37
11 42
8 34
22 38
22 32
8 26
21 42
40 46
4 6
13 19
28 36
12 36
1 39
3 14
24 37
42 46
5 41
14 48
20 40
28 40
18 33
28 33
9 46
38 48
15 43
0 8
16 29
18 31
29 46
8 13
7 19
12 33
6 8
20 39
25 30
8 32
20 41
5 15
23 32
27 46
4 15
7 43
17 34
29 31
14 36
5 13
9 30
34 38
18 49
7 16
11 38
3 35
29 35
7 17
22 36
15 29
32 41
22 33
32 36
3 36
38 42
21 34
37 47
8 46
4 34
7 41
6 11
35 47
30 44
31 44
