50 1000
2 37
40 43
26 46
14 49
0 12
7 42
19 49
3 41
40 48
0 3
29 41
8 32
35 49
23 41
13 49
47 49
28 47
6 19
30 36
17 33
25 30
19 40
3 49
16 40
7 49
2 17
11 20
25 31
32 36
23 28
10 20
23 37
13 14
22 37
11 48
9 30
11 45
7 30
0 40
39 45
8 26
8 17
21 29
5 20
12 46
12 36
0 14
19 23
28 48
15 31
41 49
5 19
5 22
10 18
37 49
9 28
30 43
18 45
28 36
11 30
12 18
34 46
10 45
35 42
4 10
7 31
24 46
27 44
3 39
34 48
43 45
30 48
30 45
42 44
5 27
23 46
4 38
36 46
40 44
16 29
7 45
1 16
10 34
41 48
23 44
14 22
25 49
21 38
18 26
1 24
24 30
2 33
8 36
16 36
29 38
16 43
6 21
1 41
27 46
7 39
27 41
14 40
23 49
18 29
11 23
3 4
11 38
7 29
1 39
21 40
17 48
34 40
6 23
7 46
6 10
31 42
28 37
22 27
13 19
2 31
12 33
0 13
31 40
6 49
2 12
0 39
23 42
5 9
15 42
38 41
29 39
42 49
32 37
7 11
30 44
10 33
34 47
0 23
18 28
29 47
16 28
10 24
13 20
26 49
10 11
5 28
22 49
11 13
8 43
26 42
19 24
6 18
24 41
1 20
2 41
0 24
15 21
18 22
6 8
4 19
13 32
9 23
15 28
29 48
10 47
6 12
2 46
18 19
21 27
15 24
26 44
17 32
10 48
4 47
10 43
15 34
13 15
6 9
18 36
0 9
34 35
23 36
1 25
45 49
22 29
31 32
33 49
0 48
7 27
2 29
30 33
0 41
14 27
16 38
21 39
3 14
1 3
3 7
38 49
35 37
26 39
21 45
22 25
8 21
22 23
21 46
37 45
18 37
19 46
24 40
33 36
26 40
30 34
1 5
12 42
43 46
10 26
7 43
17 42
6 14
32 49
11 49
24 39
2 14
21 48
24 42
10 29
14 43
43 49
38 46
3 18
24 43
3 45
23 48
4 11
19 36
39 43
27 31
11 42
18 44
7 20
19 45
16 30
9 16
14 16
28 29
14 39
3 26
31 36
32 34
4 20
44 48
27 42
20 34
30 39
2 28
17 43
7 25
23 30
4 14
18 32
9 46
26 34
9 21
11 33
32 48
1 17
27 28
6 11
40 49
32 40
29 42
24 32
0 35
22 36
45 46
3 48
15 29
30 31
14 25
31 49
12 47
8 46
28 46
1 18
5 11
19 22
35 41
0 4
17 47
3 36
7 9
10 49
16 27
6 7
4 48
39 40
19 38
13 31
4 24
10 31
1 30
23 27
29 34
7 47
44 45
26 32
15 48
23 29
32 33
18 47
12 28
33 48
14 30
5 30
19 43
15 46
12 41
3 10
11 28
30 37
23 43
1 32
12 15
14 48
30 49
10 23
44 46
31 47
39 47
11 32
12 35
6 15
16 17
15 25
9 29
5 13
36 47
15 33
7 14
7 16
37 41
32 47
23 32
29 37
11 44
17 38
15 20
11 46
15 18
4 27
11 19
13 48
25 38
0 7
15 30
6 26
14 26
8 20
2 45
22 44
9 19
5 36
20 28
22 30
23 24
18 23
21 42
23 34
8 33
10 22
12 27
25 39
0 49
26 45
18 24
3 19
11 18
33 40
20 47
21 37
45 47
20 45
9 17
0 47
41 43
8 34
15 32
28 42
19 44
25 35
6 41
24 26
39 49
21 33
16 35
5 47
28 44
2 15
26 37
16 37
9 27
3 42
4 23
27 48
5 7
11 31
7 38
24 34
21 32
4 45
3 11
3 24
19 26
35 47
4 44
8 48
22 26
25 43
29 30
18 34
11 34
28 45
2 11
28 34
17 28
21 23
7 33
27 35
7 13
4 34
22 35
26 47
28 41
2 13
5 48
12 39
38 39
31 38
17 27
1 34
12 20
8 18
7 23
16 34
21 43
19 21
19 42
0 42
44 47
20 37
6 42
17 46
4 46
23 33
1 47
15 23
3 28
24 38
34 49
25 28
18 33
42 47
39 41
13 43
9 41
3 13
29 49
2 48
37 44
6 39
0 27
6 13
25 36
20 30
11 16
1 26
13 23
13 46
16 41
30 42
0 11
40 42
27 36
9 15
22 39
25 41
6 16
8 28
15 27
43 48
19 33
9 38
14 38
4 41
12 16
2 39
2 8
0 10
22 24
23 31
17 29
11 47
16 19
0 38
1 2
3 6
32 41
39 48
9 31
11 17
28 30
0 19
13 39
10 13
10 12
4 25
5 10
14 24
18 40
13 35
21 24
20 42
3 38
13 30
16 20
2 49
20 24
14 15
12 38
5 26
11 39
7 22
10 14
5 21
12 32
4 5
25 48
10 16
10 42
4 6
10 41
21 25
0 18
4 40
2 16
19 31
26 36
41 47
16 21
8 23
11 14
12 17
17 49
4 28
20 35
12 13
24 33
16 32
18 41
12 25
1 11
8 45
10 40
27 43
9 20
12 49
8 37
4 17
15 47
6 44
5 6
1 37
9 44
31 39
7 41
17 39
1 19
31 48
10 32
2 42
6 24
3 17
11 29
27 32
14 44
16 18
10 19
30 47
27 34
20 41
22 47
20 40
21 26
1 35
8 13
15 38
29 35
12 23
17 35
17 26
3 34
2 22
5 8
8 25
11 40
26 27
41 45
25 42
14 17
34 38
0 30
9 22
36 41
15 41
21 28
14 18
20 33
33 43
8 19
31 33
36 49
15 22
19 35
13 37
11 24
4 31
2 38
24 45
1 9
18 25
8 11
5 18
12 43
8 15
10 39
4 26
9 40
32 39
27 33
30 38
7 8
11 25
25 33
5 46
1 6
17 25
40 45
30 35
33 41
16 44
33 35
21 34
48 49
28 35
19 32
13 25
19 39
27 30
3 27
3 40
6 25
18 43
0 17
7 44
0 22
14 33
15 17
27 38
15 35
24 49
33 45
36 45
6 32
38 45
2 18
1 7
6 34
23 40
11 37
9 35
17 34
0 44
35 48
29 46
26 35
20 25
0 46
2 35
1 33
36 48
38 48
16 39
16 22
13 47
9 36
19 20
36 40
15 16
30 41
6 38
13 45
33 39
28 33
28 31
20 26
32 44
38 47
14 41
23 39
9 43
9 32
38 42
18 31
24 37
41 42
3 20
4 35
27 39
1 45
3 32
2 25
32 45
2 10
39 44
14 36
34 39
22 43
19 34
9 33
4 30
27 29
2 20
24 31
12 14
11 26
8 41
28 40
44 49
8 35
1 49
35 40
5 41
21 44
24 36
3 47
0 28
1 15
34 37
39 46
22 32
20 31
6 48
3 21
12 45
7 12
25 40
4 18
40 41
17 18
11 41
37 43
1 38
31 45
1 8
10 21
33 34
37 42
2 44
7 48
1 29
21 47
19 28
2 27
28 39
18 42
25 26
25 29
9 39
7 32
0 1
17 30
20 22
18 21
8 44
22 48
6 22
37 48
7 15
31 41
36 42
2 4
11 12
36 44
40 47
24 44
0 26
12 26
14 20
0 25
15 43
3 33
5 45
22 33
9 49
15 37
10 35
5 31
10 17
32 35
14 21
4 9
40 46
22 34
29 45
5 15
6 46
20 36
17 45
34 45
7 35
29 40
0 29
17 36
23 35
6 27
26 30
27 40
6 37
5 44
2 47
19 27
23 38
13 42
21 36
18 48
0 2
24 35
11 22
46 48
3 9
45 48
1 28
10 46
19 37
20 27
3 22
9 26
7 40
2 5
4 32
4 33
12 31
17 40
4 37
28 43
10 25
7 21
0 34
22 40
35 38
10 30
8 22
12 21
2 7
17 31
25 47
13 24
5 23
11 21
22 31
12 34
26 31
7 18
7 10
21 35
5 33
1 21
10 38
47 48
15 40
32 43
9 34
39 42
8 38
31 43
27 37
5 39
11 43
43 44
1 4
7 26
1 23
12 22
5 34
2 30
9 13
25 45
13 44
0 16
15 19
6 29
16 46
7 28
21 49
21 41
3 37
6 30
4 21
12 29
18 38
8 30
5 43
38 43
20 39
42 48
5 35
10 28
13 26
20 49
14 23
13 17
20 32
13 36
11 15
9 25
24 29
17 20
30 40
13 18
9 12
28 38
21 31
20 21
17 41
12 19
7 17
1 27
9 18
41 46
41 44
8 40
32 46
25 37
31 46
26 41
6 45
17 44
13 27
16 31
2 40
14 29
15 45
3 23
35 43
15 39
10 37
32 38
27 49
2 24
8 31
0 36
9 24
34 43
15 36
0 45
13 41
42 43
8 39
14 46
21 22
5 40
6 17
16 42
23 26
16 48
3 8
1 13
0 32
4 49
9 14
4 7
9 47
21 30
27 47
38 44
4 43
15 44
5 37
20 46
35 46
18 35
4 39
26 29
33 44
16 23
11 36
26 38
33 47
36 37
17 19
25 33
20 37
4 39
8 17
21 42
6 37
38 44
10 20
19 38
16 28
23 45
1 14
19 45
9 48
4 9
29 36
21 35
33 35
21 24
17 37
28 39
26 33
40 46
0 20
19 36
13 46
24 41
30 47
23 24
7 19
27 46
18 26
2 43
10 33
9 49
28 43
10 13
34 38
32 44
26 29
22 26
31 39
18 24
7 44
11 37
4 11
34 49
1 27
22 33
16 24
0 42
21 29
37 49
11 25
16 22
25 37
23 44
3 12
47 48
18 46
25 38
3 34
12 38
2 31
18 28
12 20
10 35
36 38
1 17
16 43
2 16
12 40
9 11
32 36
0 48
4 23
27 43
3 35
7 33
15 16
13 47
30 38
14 26
20 28
12 43
3 4
21 33
27 38
0 9
16 35
8 19
4 38
16 25
8 47
29 35
1 15
5 10
7 14
9 17
25 45
18 42
26 39
5 43
23 42
19 42
20 25
25 39
10 39
27 32
11 32
6 32
13 14
9 32
44 47
10 21
16 19
9 31
20 47
8 14
11 30
19 31
3 39
46 48
10 14
13 34
44 49
3 43
1 40
20 32
13 18
17 29
23 36
6 30
7 40
26 48
9 39
19 40
7 10
15 36
14 30
20 49
0 38
42 44
9 38
13 15
38 45
38 46
7 42
4 12
12 42
7 17
5 11
11 15
14 27
39 40
36 39
24 38
18 40
2 13
22 28
14 49
24 47
40 44
12 21
15 19
18 35
15 48
4 21
0 25
6 23
9 10
15 44
5 28
13 31
8 45
11 18
8 39
3 31
9 44
4 27
3 11
30 46
13 20
7 48
6 47
7 37
3 29
22 30
3 8
7 49
3 46
18 33
14 33
10 40
0 37
1 48
1 34
18 27
7 41
3 19
43 48
39 43
4 17
8 13
10 11
22 29
22 45
21 26
32 40
6 46
17 20
11 12
0 11
12 14
24 33
4 8
2 19
19 47
28 41
5 32
4 24
32 34
32 33
7 29
22 44
3 17
15 26
7 9
32 38
10 16
25 49
14 17
11 22
30 44
2 48
41 44
23 26
18 45
32 46
18 34
4 31
32 43
10 42
18 36
28 34
34 41
0 45
12 17
18 49
37 42
1 6
34 46
16 48
6 41
26 37
0 18
5 34
24 27
1 21
8 41
9 12
20 48
15 22
15 27
10 41
1 18
24 28
30 41
24 26
31 46
21 30
12 31
36 42
22 32
14 47
17 42
13 23
5 6
0 32
19 33
27 48
8 25
12 18
20 30
4 33
7 35
47 49
28 32
4 35
16 37
27 40
15 31
29 34
27 31
1 31
14 15
41 42
6 29
22 47
10 18
21 41
8 34
7 21
3 22
3 23
18 32
0 39
12 48
6 31
0 34
3 24
11 40
25 41
1 37
15 18
8 11
19 28
17 38
1 9
8 15
24 40
6 25
0 35
13 30
38 49
18 41
11 45
15 33
41 49
0 27
34 48
17 39
3 49
12 24
37 41
6 24
5 37
17 18
17 31
46 49
6 38
19 24
14 28
6 12
12 36
9 36
26 32
20 31
3 14
4 41
20 35
35 40
19 49
7 31
22 39
23 49
33 45
15 30
8 9
2 33
18 38
6 13
6 19
12 49
20 46
15 41
36 49
20 45
15 35
0 5
1 30
13 39
0 41
4 5
2 27
19 29
27 35
0 23
14 35
15 38
27 36
1 4
13 21
7 26
5 9
20 24
13 40
30 39
19 23
36 41
5 48
36 46
35 36
4 29
19 44
41 43
4 28
3 18
31 36
11 27
44 46
20 40
0 36
22 46
1 20
26 44
12 34
21 39
26 38
5 18
22 34
37 47
11 14
14 41
3 38
30 49
18 44
1 24
31 44
13 42
19 26
10 34
33 41
7 25
40 47
24 31
2 15
11 16
4 6
10 43
31 40
21 40
7 20
10 38
26 45
4 36
17 45
22 35
15 37
8 26
6 7
25 35
3 45
0 21
0 43
1 28
1 11
17 36
2 17
38 39
9 33
5 15
0 47
2 38
20 42
3 20
29 42
6 43
12 39
2 42
22 40
10 26
28 29
32 47
10 25
20 27
30 34
46 47
27 44
30 40
22 24
14 39
5 24
5 7
19 41
2 46
0 22
16 23
29 41
12 13
9 45
21 25
7 24
17 22
15 28
33 37
26 31
1 26
8 21
26 42
26 34
10 29
0 28
27 34
2 10
37 38
5 25
39 49
27 41
27 39
25 27
22 41
17 43
13 32
11 33
12 28
14 31
2 34
8 30
39 41
9 16
16 36
5 20
15 25
27 42
22 38
35 48
5 13
43 44
6 45
39 44
7 8
25 43
2 11
23 27
0 24
30 45
2 7
21 23
12 35
19 27
17 33
24 30
19 48
8 22
11 34
23 29
18 21
33 39
37 46
31 41
28 33
30 42
3 21
34 42
13 38
18 48
20 21
5 12
1 47
11 35
6 36
18 19
9 27
8 18
9 25
9 47
23 33
25 31
16 47
33 49
19 20
37 43
22 25
13 33
0 8
4 26
18 30
21 43
43 49
1 23
28 36
18 20
18 22
8 10
12 25
14 34
27 29
12 30
16 27
4 40
14 19
10 15
45 47
1 2
15 20
37 45
4 30
29 33
29 38
3 26
40 45
6 40
17 30
25 46
22 23
16 46
38 47
17 23
37 40
1 10
29 40
1 32
0 17
11 20
9 42
21 31
7 30
3 32
20 34
31 35
2 30
1 44
14 44
2 44
28 49
21 22
14 43
15 40
29 43
12 27
8 48
35 44
0 30
11 41
10 46
11 21
6 9
7 28
36 47
1 3
0 13
11 36
16 20
0 4
5 45
29 31
25 32
22 43
33 43
11 13
33 38
8 46
29 37
2 5
14 18
35 39
16 38
18 31
8 12
39 42
14 45
25 42
9 40
5 19
16 18
3 33
27 37
30 36
19 35
26 49
9 28
12 29
34 36
13 26
6 14
2 37
6 49
44 48
4 32
4 19
8 44
23 25
33 34
29 39
2 21
17 44
9 21
6 44
2 39
24 45
20 36
7 15
5 29
6 10
12 41
21 45
14 22
5 26
4 47
7 18
35 38
8 42
33 36
22 42
10 48
41 46
0 19
43 47
8 36
3 40
15 46
14 24
28 42
9 23
20 23
34 47
19 30
4 45
23 37
31 42
13 17
24 32
17 32
10 49
13 43
3 36
0 16
4 10
18 39
9 34
32 49
34 39
35 49
29 44
15 34
31 43
24 46
24 39
21 49
2 4
5 27
1 43
9 24
26 43
20 44
12 45
26 35
24 43
5 17
29 30
16 26
1 42
38 48
4 16
14 29
0 10
11 49
27 45
13 44
8 35
11 46
30 31
12 44
3 5
6 22
11 38
14 42
41 45
31 38
31 37
6 39
1 38
10 30
40 43
12 46
40 48
11 26
4 18
19 39
8 20
9 20
10 24
28 46
7 45
9 29
39 48
11 43
16 30
1 25
36 37
7 46
26 41
2 49
22 36
21 48
24 49
8 16
5 23
16 34
34 35
33 48
27 30
13 29
9 30
8 37
6 16
28 40
30 32
15 29
28 38
45 49
9 19
1 46
45 46
6 28
34 37
3 41
2 29
5 22
4 34
32 35
25 44
1 16
10 47
40 49
41 48
8 24
19 32
3 47
35 41
10 44
11 29
37 44
12 15
19 25
3 42
2 41
4 44
19 34
6 42
4 42
24 35
22 27
17 49
11 48
18 43
9 41
35 42
23 35
27 28
2 23
21 36
7 32
16 39
18 37
29 46
23 40
5 39
21 46
12 26
5 38
13 22
2 6
14 38
14 48
3 48
23 32
23 30
11 19
35 47
23 41
11 31
13 27
18 47
13 28
2 3
16 33
44 45
2 26
10 28
8 27
1 41
6 33
7 34
0 12
1 29
21 27
12 19
28 45
2 45
5 49
20 33
8 40
32 45
24 29
6 34
14 25
34 40
30 37
16 21
10 37
17 47
42 46
0 7
3 15
37 48
15 21
12 23
13 49
32 39
11 17
13 19
11 42
13 24
5 36
5 8
17 28
2 40
10 23
11 28
3 44
24 48
16 31
10 17
1 19
33 44
2 36
13 45
6 20
0 29
23 28
6 15
36 44
19 46
17 27
0 46
28 35
2 20
31 34
42 47
32 42
2 8
30 33
3 7
13 35
17 26
7 12
5 30
29 48
15 24
14 37
15 45
36 40
7 27
16 41
15 23
1 49
12 16
8 49
2 25
1 7
11 44
20 43
8 32
7 39
1 8
18 29
9 18
26 46
16 45
31 45
16 32
11 39
33 42
3 9
16 49
5 47
21 32
37 39
17 48
28 44
1 12
9 15
5 44
24 42
9 22
3 30
14 46
8 38
4 49
23 47
38 42
48 49
5 14
21 44
40 41
4 43
20 39
22 48
24 37
3 10
35 46
2 32
39 45
24 34
21 28
36 48
14 21
