370 5844 2000
9371
7933
1976
4750
3452
3535
464
3716
1671
6347
7272
5452
5463
368
2823
4703
8298
9388
2122
4631
1333
7670
7400
5565
7514
5390
5116
6993
2786
4797
7312
398
6715
4977
4841
4626
8303
5506
5107
1924
3883
1119
884
1944
9838
9826
9430
2109
579
3172
6976
1035
2547
2680
9159
8436
5733
1300
3880
6947
2520
9220
3317
3745
8652
8466
9927
9571
7653
2004
6747
4833
8534
5830
6459
989
4132
6559
8244
639
5028
5889
2826
1006
6127
5016
8447
2549
1896
5691
5619
7664
1667
900
2261
5362
4746
5608
4848
4788
878
1384
3883
7269
7987
5796
9900
7598
1406
514
9628
5732
6273
2191
35
8331
5877
7889
507
8289
4657
8673
5981
1290
999
3644
1554
2920
5324
3262
4115
6734
8608
4145
8107
2995
5767
102
4559
9262
8973
4623
1827
2343
1003
227
587
7646
8339
4065
5867
2822
995
9097
1926
7801
865
1895
5402
7339
6928
4410
1519
1297
8642
6742
4367
1968
4507
8639
951
9616
3846
5667
1495
6428
8434
8090
2373
2988
4292
9317
1758
9470
4496
9181
2521
4640
1580
1893
9047
2756
5103
5782
3342
2492
9722
107
4026
6453
3454
7910
4574
134
5879
372
6812
2185
1454
5843
6213
2437
2636
280
4166
6475
2446
683
508
7714
6390
2124
4620
934
993
2351
9101
1617
1885
2401
7014
7819
8113
6182
9524
8671
2159
2200
5369
1643
1887
6336
3342
8559
1704
4417
8207
3752
3836
8066
4526
5387
9370
4662
7268
4689
1673
8706
7722
7521
2397
4996
6395
8617
7191
2571
490
8432
7854
7947
5896
4592
3996
2834
7886
2694
6687
2609
6659
243
8087
7376
227
9810
8369
318
2396
4636
867
1422
2931
7606
5041
9242
8273
6577
8959
6429
2903
8987
7109
7591
9701
6420
7056
6186
2531
395
9992
8016
5350
5871
1572
3474
1733
4210
6106
638
7370
1061
5249
8076
3397
3273
3743
6669
6010
672
8712
1828
9164
8260
4402
789
181
7507
4517
1460
8892
8415
5665
1501
6290
3456
1363
1984
3151
4560
6691
590
5934
3344
6700
5714
3991
7208
2346
8672
6169
8285
9095
4688
5917
2997
1867
1612
1072
9731
2603
2391
2488
2994
8357
875
5702
1048
2468
8074
4783
2028
6105
4769
2446
9731
7053
7103
7038
1400
8098
8436
9138
2259
687
2954
2548
1514
5541
2699
6338
4918
2491
6927
6771
7362
7938
8493
7834
9288
336
4762
1836
8737
2036
5972
9719
6372
7122
9752
2224
853
4161
9088
1909
5762
4132
9652
6457
5038
3191
6810
4323
562
6044
9347
8866
634
958
1479
8224
3019
5261
8928
7121
47
5976
9145
7911
121
2212
4663
97
2426
9463
9621
6997
6460
563
4673
776
6459
6657
2872
256
5047
4574
8155
2005
5677
3678
5357
8416
182
5382
1340
5116
9181
2015
7275
6385
484
7198
5116
2258
6198
2973
629
1463
1780
7624
4713
1077
7845
3140
2616
6107
7030
6747
2736
3170
3828
5885
4250
2316
7460
2460
5539
3417
8705
6110
2005
7937
6097
9296
1300
8971
6259
2394
1146
3936
8411
9876
99
9413
414
4532
6624
1205
8098
4609
8143
9956
1136
8415
120
772
8886
7588
8696
8295
3368
3751
7430
8550
8550
3720
8334
7040
7338
8159
5848
1720
5325
7600
8055
5762
7131
3714
3621
1717
5550
4771
7776
1048
8870
5275
6470
8430
4545
5029
2973
5820
3064
694
2090
6599
6975
2504
8437
358
6253
7653
6249
5278
9585
5098
6184
879
5818
3344
27
1801
8012
2662
4312
4976
4393
5949
7256
4157
6443
7076
8031
5581
5208
3568
9357
4806
5406
4970
1312
8187
1320
6233
7774
4128
3607
1889
8547
8645
5038
278
7827
9201
7816
4417
3574
4949
6655
7741
3465
4549
5960
3109
1859
3908
505
5087
3859
6393
4630
150
9294
9723
7787
9086
8921
1393
5861
2806
5615
7249
5737
3948
4888
9829
7801
9075
7361
4871
842
6425
2179
6673
3530
5238
5144
389
995
9589
1037
624
412
364
8917
565
4318
2678
2188
6991
7973
5321
8137
3982
590
9002
7437
1813
4348
9823
6503
4071
4407
2229
2594
5035
9662
321
2160
3315
1929
5424
9153
1962
9059
3685
3553
274
1049
9222
8523
72
7906
6867
3698
4572
3472
4964
5819
8983
9942
1819
3258
8424
5741
4820
6974
8223
4347
5781
5524
6891
2414
5204
7051
1146
5723
8619
2289
4492
7588
8319
8148
5697
5657
8972
9663
4402
5226
5931
9489
9014
8046
3019
7228
7611
5532
6928
2732
7588
9359
2921
9709
1586
6909
3984
1386
479
3902
5360
8612
482
1688
6047
8465
8219
1972
7843
1973
3767
4934
3705
8526
3614
6125
5843
9601
3198
7957
4684
2458
3535
540
196
3842
6690
3870
7442
4447
9194
6001
3746
5323
1071
5816
7675
6421
44
1323
1964
662
8986
8705
7518
1859
9678
5436
2818
1980
7069
9491
715
3455
3870
9160
3107
4265
5295
3994
6031
6219
5856
1580
4450
6080
128
3763
2324
1049
8575
3182
4209
4595
259
8690
7231
5792
4558
4067
2707
4874
806
1293
4264
4199
6120
556
6318
2180
2919
4934
8215
8825
4648
5056
1164
4523
5115
3951
3724
9868
8993
1030
2191
9495
3963
6305
9273
5471
2552
1876
7796
8819
7254
8667
8860
9938
7653
6030
3295
1743
1712
132
1518
3156
4568
478
8936
5388
4929
2155
8174
5535
5202
2340
1682
9941
9284
7611
3330
22
2204
4042
3759
8743
6985
2420
8944
4882
9991
305
1959
9564
5753
3293
5040
3902
9361
6903
5703
7099
3867
3512
1009
2597
3789
8907
8391
9798
5548
3417
7784
2804
1956
2731
9599
2172
817
5050
8728
74
8860
2133
3238
3971
6082
1488
5863
3407
132
6542
7280
7541
3112
634
9795
3309
4382
2688
9555
9242
4326
7990
4656
6381
9023
3535
3985
4878
7183
8039
9926
6056
3559
7682
9310
3458
7201
8853
289
3959
5748
4833
8608
1160
8570
7272
4600
2055
3414
1067
6412
386
2557
2231
1134
5449
5667
1652
9266
9351
4054
7373
5313
5625
5491
7127
7866
6596
1577
1378
9285
3416
6051
1734
9080
165
5062
4771
4453
8139
70
4943
8586
9054
6557
3706
2749
2420
7044
7386
5680
5398
2305
9317
9195
17
2525
346
9767
7544
3486
2898
142
9878
3923
2593
6151
6382
7328
3196
5623
2650
8862
1645
6288
3088
2102
4600
5393
5129
2025
2303
7152
3028
699
585
9621
9327
6260
8723
7605
2409
2990
4765
2554
6451
1307
7097
8990
2301
6716
7501
5333
3518
6089
8096
836
5844
3795
348
1777
7426
2470
9952
8822
1800
6372
3544
1898
8261
887
6874
3698
3772
7460
808
7476
8016
9169
7258
3178
3613
8902
9242
1846
5059
9120
1708
3375
9314
306
4153
8842
1189
9565
997
7353
7011
1590
5580
5167
5033
7124
5321
8234
1394
4754
8821
2427
2600
1966
6661
243
9148
2281
1146
4605
3321
6913
3257
5449
2075
264
3362
6009
212
3767
4753
8939
3502
4973
2001
3341
3734
3953
405
7493
5796
6002
1403
1172
3713
9462
138
7161
965
9395
5421
5079
8866
7236
2390
828
9444
9623
8905
9722
4262
3625
526
5487
4040
4763
1066
7606
2948
6051
6238
2037
4909
7310
4396
7315
7798
2200
6183
134
7908
9659
1923
199
5069
8146
4354
2394
8553
7684
8656
9799
75
3642
6506
7964
3445
5696
2072
3498
8041
9872
5041
2674
6143
5368
1565
9330
5722
6203
4921
5013
7435
7258
6508
6329
8247
3946
3965
8580
6088
8574
4724
1717
8151
1226
9402
9654
90
6013
7264
8862
5272
1082
3324
8938
685
7551
1559
930
3058
7057
9269
3945
1305
5103
6152
9912
1897
1514
9461
3566
4304
3428
7836
562
1936
2053
8993
5779
7163
4687
9918
819
9501
1698
3177
8208
5304
4194
6370
4568
9012
1790
5083
7280
785
914
18
7223
8321
4545
998
6906
6974
3226
919
2292
4508
8670
967
9072
6477
7054
7089
7258
4188
5359
8655
8823
9729
6698
2151
2556
1942
2442
6913
5069
9216
6960
4208
1299
4536
1829
6580
5304
1196
8990
9466
6229
9984
8112
4747
5371
2064
5003
9963
7305
7247
6515
4955
3762
2370
2639
7835
9813
3994
9069
690
5883
3439
188
8258
5531
7162
9982
7563
8111
7662
7425
5599
6212
3710
712
5390
3763
6428
7663
730
4182
1157
8369
7527
4290
5457
3084
4415
1962
7201
4385
5450
4037
8272
6664
7773
3558
9286
6822
2896
4273
2241
8140
5695
7664
31
3415
1623
5667
8997
9397
1982
7687
6204
87
9787
5729
699
9944
9132
6156
3153
5098
5417
5995
4060
3034
26
3434
4076
7875
522
631
5257
6645
7463
5577
9593
5357
2646
6932
8881
3535
5631
7741
3221
4636
7657
3400
6944
3192
2642
9225
409
4123
954
3653
2818
8722
5606
1614
7739
8525
3377
9837
7726
4498
3631
1993
9622
7240
4256
9399
8941
8219
5696
8086
7165
8863
7486
6722
2009
5257
7110
1445
5135
8171
7960
4945
6675
5789
5196
2981
7229
3742
5794
9922
9690
1257
2636
8953
403
3395
6798
8264
8200
1644
747
7703
573
1685
5004
2627
5002
1142
528
188
5258
3789
1447
8897
3569
2435
5033
7923
9899
1555
2195
5943
3626
8585
8349
4744
1379
9108
6300
4822
7023
875
1888
4413
6009
2389
9085
3888
9677
8712
5515
1997
6212
1335
8403
8500
9615
2452
628
1469
162
6918
6697
5272
2904
1514
7786
7984
6293
6742
5219
4007
703
1314
4945
7447
266
8507
5116
3890
8245
2678
2029
7002
4694
4498
8466
8125
7914
8883
3695
2889
4586
6845
1874
8211
5770
6096
8686
2172
4987
4430
5902
2959
8576
6928
6308
3980
740
2671
7462
2959
8162
3841
8237
5157
7412
6775
9242
5640
3420
6524
9685
3308
6893
2557
6311
3931
6033
5597
3420
2304
2223
8065
3071
8647
3013
5374
4077
2911
3977
2842
280
9790
9743
3024
3913
7184
6466
6483
3128
6112
5753
7783
359
3204
9433
908
8274
9391
7591
2877
9861
7881
6120
620
3268
3905
153
8678
7149
6149
7681
9645
4315
5549
6621
8293
1180
8740
5464
2539
2456
7843
9867
5234
6490
1132
2302
4175
3208
7123
461
1098
5213
1245
8357
1574
996
3937
7741
6889
1057
5996
7394
2007
2707
5273
5074
2769
166
6989
5131
7409
6227
7903
2944
4915
5830
3442
8408
921
3577
4146
8601
7263
4084
9830
427
4937
1577
7406
1397
8854
5039
4514
1985
3066
7136
2689
2010
2206
9403
614
3041
5952
9747
7277
555
1825
3572
2576
82
8949
9548
404
3664
8498
7944
354
2211
8134
5682
7374
2313
573
9959
3113
9022
4787
1765
9006
5073
8462
693
2535
1684
1212
2344
4289
7984
2986
1836
3887
9730
4793
4449
3752
717
9161
6975
9968
5338
223
2113
4870
5007
4312
7435
8221
4482
9164
4622
3065
4899
1179
9994
7977
4658
6986
9102
7436
9808
6549
8623
8188
4390
4001
999
3863
6774
766
969
2958
3706
8231
9350
4119
8478
3169
1042
9420
815
744
2087
3647
7737
3826
3381
3529
4134
3719
9959
5983
4140
1197
7006
6402
3187
4605
2966
5339
4734
9126
5401
2568
639
4798
8527
8172
6134
7365
5269
3162
2863
9412
3345
6380
7993
370
6394
4194
5496
1454
6552
8760
4782
8260
9005
1613
7090
8463
2080
738
3716
6682
1561
9380
8576
8785
8759
4343
8867
396
1356
9177
1835
4717
5177
8170
8944
5694
4825
2209
3038
2826
380
9057
650
7212
7146
9297
4306
9182
3003
9754
3390
2216
6323
804
5997
2278
5424
4035
2329
3041
1980
637
3938
8123
1162
2875
2486
450
8154
971
7859
6340
3579
5467
6843
2808
8791
3744
638
3337
4371
3840
3450
2045
7635
6078
7265
9086
4263
2938
3105
4500
4326
6418
32
6386
2012
1538
2790
7628
1583
3187
3551
5807
5711
9681
8960
5975
2199
2190
3317
7602
2372
4574
6010
2695
513
8464
826
6892
7389
