100 200 2000
50
60
6756
7760
167
9634
7421
675
2452
6211
1543
9636
6464
4582
8659
9391
6497
1229
9919
8244
8749
6167
1143
8386
9728
9815
2618
444
9345
4729
933
2503
9909
5147
369
7079
2463
3626
7603
1459
8441
1566
5877
2236
9918
4888
3673
4994
6108
1079
2084
7535
6154
6601
2392
5627
2775
2356
1747
3478
5181
1804
1855
8275
6157
8388
3995
3357
7882
9269
4691
760
2580
3092
5162
2593
7711
5638
3658
2426
8191
6664
7439
212
2594
8945
8460
1000
2841
3170
1358
6510
6435
7211
1916
6638
9440
7518
3891
7339
742
4867
7778
2338
2401
1452
4698
1508
156
3363
7140
3489
3542
2980
9913
6731
8366
2454
1322
4724
7496
4413
9545
9799
4536
8095
3976
6987
7984
273
6546
2335
9694
4023
8540
3390
2573
5857
9316
2212
8148
835
8090
7859
8837
3684
5017
8010
6937
3362
2185
2590
6869
7185
2726
4409
7783
6097
7229
6149
6837
993
5186
2375
6910
7381
2372
4587
3693
6136
4523
640
846
2552
789
3549
3691
9446
810
7666
3585
7932
5290
7081
1088
1280
8420
7764
2841
436
4910
9391
9941
445
3019
8484
8939
8461
7758
79
7292
585
3170
6583
4000
7330
9299
3001
7913
9256
1716
341
2040
5335
892
6853
1078
1136
3269
8113
4392
5983
9835
1244
7584
9509
2349
1173
2662
389
9070
5240
6321
7708
4141
7964
2057
1648
4381
6123
1569
4867
9263
6500
3348
1661
182
5141
2247
4472
3980
4726
6445
4565
1575
3273
7460
6259
2154
4531
7695
6212
636
1456
1363
7574
856
3516
3816
1245
5494
220
6269
5963
8371
6153
5220
1144
4040
9258
9251
8407
9813
6302
6427
3669
4625
6785
9149
931
4051
85
6940
6114
7229
1348
4252
3864
7971
7822
7682
8748
7604
8678
1494
6919
8117
8779
7235
3622
9031
4992
9691
4668
5105
2931
1781
5971
9327
7649
9602
469
7832
9850
8234
2337
114
7576
3046
9136
7797
4654
3102
1559
3863
7291
3596
1794
1026
8194
9832
7221
7324
3802
8303
9445
1907
2729
6616
8907
3575
483
3498
9220
9388
8019
1614
5820
8423
7339
2147
9170
2432
1327
8345
8742
5846
6259
4630
5864
6550
5280
9011
2457
9548
723
3123
1971
7252
1319
2979
7825
2436
7008
8088
2347
2125
7124
1164
7709
8409
5052
2647
1465
1194
4792
7022
8726
8386
6204
763
4775
182
5040
2986
167
6079
2627
9629
2115
4576
7754
9727
7758
698
4225
5952
1616
5172
6236
4505
2467
7027
8329
2403
4623
8981
9179
6044
4218
2228
8308
7442
3714
9702
8980
3001
4044
1736
722
6031
5040
9929
9779
8764
7336
5407
2867
6749
4381
1448
1658
922
3675
6008
4133
2700
9730
8531
1882
1011
1866
6461
5628
3320
8161
4181
76
9476
5753
3092
4707
8500
4269
5721
1654
8094
7564
811
4321
2466
5786
5601
3204
4588
7228
6297
3740
6648
8362
8036
278
2356
7680
9375
9437
2364
2359
7958
1559
3128
8544
1565
2751
4899
2736
3568
8652
9514
5263
6122
6737
2488
8909
2291
8871
9840
5336
6730
2978
3366
9288
7567
2411
6102
9554
1480
7059
8006
6524
9515
6240
9300
8759
7375
3644
1771
5084
748
6498
7162
8105
4698
4222
1236
5817
8255
1034
6804
7408
4340
8436
4607
1108
5436
2518
4106
2392
3595
4558
8393
9139
9604
3263
7257
4425
7614
3628
8724
59
5751
7572
3063
5383
8249
4583
9595
4910
1485
9104
4098
6975
8303
7639
355
1335
6940
7280
8639
9305
248
3928
3026
4207
2391
1718
2446
1615
9630
4585
7573
7901
4671
7438
2522
5325
1386
6756
9093
8797
6995
9814
909
2393
8442
6484
2688
3403
9279
5310
8239
4323
6771
7228
2384
4705
8367
4172
8334
935
4106
6894
1209
6373
1715
3398
3740
4853
7132
3309
7372
1511
3235
9330
4741
9528
3150
6392
276
6360
8146
2433
9725
9585
554
8883
6943
5209
6033
7535
9077
3697
2730
2353
4290
3317
6116
799
1667
1601
3537
7879
7234
9773
2036
9114
6056
6554
1101
1042
1305
7800
8444
3124
4382
2519
5980
1391
4363
9622
9905
7210
4826
1474
1594
1702
9276
357
2563
9746
8500
427
9182
6369
7561
7718
5757
1175
1706
647
1574
4409
5729
1990
6174
4764
8815
1670
4639
4583
5756
1972
2957
2552
1499
9368
8153
3621
7276
6772
8381
4560
6336
3772
3450
1010
317
9313
9222
8615
1879
1067
4519
4773
5121
2823
4658
3834
7341
8580
1187
376
3619
4661
7559
4308
7291
3045
8127
9792
6807
8584
8145
3954
3408
1509
1319
7551
2862
7806
669
7375
4389
4889
2579
4000
6461
7990
9075
1339
5728
5766
2848
2278
9351
2848
4328
7466
2925
4149
1269
9274
7716
395
3949
3074
7692
9086
2893
8035
5936
6018
8373
6102
7521
3761
2407
8170
1624
3430
5810
4242
201
1070
1376
6822
6295
289
5445
4019
6162
1728
6596
9458
9117
7126
611
4144
4791
7471
2275
8450
9695
7674
3722
2634
2728
9883
2073
2564
1535
337
700
6079
6925
6630
6958
6526
9822
1701
6125
380
8221
7320
8186
1077
7089
4012
1270
1642
1901
4291
7877
5207
7195
1573
6584
4918
8614
9939
8658
3491
1935
8128
5192
1634
6371
3851
2643
6614
1383
7258
4768
3798
9540
7194
6766
9686
568
6236
2664
7184
5305
1475
4297
4033
7844
3423
3358
5487
5419
8914
2899
7881
7707
1386
4356
2386
4270
8192
6075
9697
5861
4100
5418
4476
3035
6465
5159
1332
2278
5150
8415
5964
1888
2571
2841
7082
9449
4562
329
5569
7654
8176
3791
6351
2995
2990
6523
1762
1051
8734
9826
5522
8582
6826
1743
1704
8773
6445
218
3416
1356
3760
9682
234
1388
8687
2794
58
1100
596
7374
5798
2750
2313
8713
6765
3857
8145
1620
2753
2197
974
3903
9332
1454
135
7387
2021
6891
5996
3439
6196
411
8833
5577
453
1502
1762
5291
4937
5863
5138
2123
3933
421
728
1774
97
9459
9379
5420
4236
4209
476
7383
4504
81
6013
829
790
3753
5373
4547
5553
2489
4037
720
1635
963
5404
5650
3887
6832
9799
4169
6279
5041
3550
3900
9037
1828
3442
6295
2537
7349
9537
1352
9131
5764
9292
7521
4708
6072
376
4509
2364
4897
8011
8645
2529
1953
7841
362
464
158
7368
198
1256
4791
7989
6440
1256
5272
9209
7665
3646
9338
3677
8846
5715
9006
728
7073
1142
5734
7167
307
256
3985
3176
457
4240
9146
8938
4301
534
7087
3316
2034
5722
2331
726
326
7690
1602
1495
4295
544
2017
8898
7629
8806
5338
6667
519
3726
1097
1384
6753
5903
6098
4368
3839
9647
6454
6082
5221
5858
7837
7988
2108
8675
3004
9958
836
8463
1901
8256
9527
3622
2262
438
2938
7893
2579
2581
7368
9701
3155
6066
5675
4518
7637
1339
6411
1919
555
1899
5822
8238
818
7740
4334
1108
3241
9859
3421
6433
7154
1215
9363
3767
3521
9189
3809
8874
7714
3650
8673
757
6808
2356
3089
6552
3087
2270
897
4437
8138
4003
723
9903
1690
5338
5377
7032
3473
3166
5425
7608
647
962
5705
6878
2578
2469
2157
3623
7403
8398
763
2589
9302
736
5082
8477
1181
5616
3605
9061
8249
2899
4680
5290
1001
3623
269
7716
5717
8362
1704
4351
5154
1614
8089
2501
2837
7440
3719
6446
8288
3897
1291
8610
247
3878
687
2763
8004
517
9547
8941
8012
5998
7003
5719
176
3676
4736
5783
9346
7947
5837
1111
898
75
9972
8686
3855
2151
1554
9368
8926
5362
3447
9838
3428
4521
131
8402
7539
3165
3315
4680
746
8081
9189
4197
5868
4746
9605
8021
4233
3574
2459
4902
8625
6625
7403
9247
5105
473
2845
153
4076
8329
4483
7262
2853
3536
4753
220
7908
816
4593
4430
1205
340
1876
65
7061
9641
3796
700
499
9365
1125
6036
6342
8369
1326
6121
9735
9153
3629
3249
6396
9068
2141
4076
7118
688
666
9622
2499
5749
2307
9573
5357
9622
6222
9288
409
7896
4240
348
8305
8312
6488
6548
6045
4299
5298
369
9956
6499
9180
3191
4604
5006
5080
4485
3281
5441
2170
1515
5640
9765
8711
2331
7430
7327
930
55
2926
249
7636
2786
6490
388
5075
5198
148
1656
1878
9127
6541
1791
7729
3698
2188
4079
4434
3061
4055
6113
4623
9465
9196
5587
4091
309
9333
5095
7212
2211
4195
4388
1209
1270
5653
9952
3270
5287
3193
5922
2178
2613
4999
519
3327
5959
8175
360
3391
7303
8797
5474
2379
3946
8718
517
9967
7880
3974
2901
4866
2456
5271
981
6565
134
6901
9773
5664
9782
6252
6655
3697
5512
7863
7636
4653
9381
9617
8615
180
4912
1964
5514
4633
3597
3369
7114
809
7467
7997
943
7236
794
4813
5518
6777
5951
2092
540
177
3745
889
2635
599
7630
261
9750
2304
651
463
4715
6428
9636
5005
4526
8212
8753
4374
191
2028
6654
9171
6277
1530
5170
2077
200
5009
4510
544
3740
5699
4410
6125
3747
8458
6298
178
2782
7329
3106
4193
97
4578
5894
2307
2654
3660
3112
3502
4211
3934
7175
747
7978
5718
5043
4552
7622
7828
4273
2526
5962
2935
6562
1778
2567
6737
4522
7748
2939
4783
354
8568
8086
844
3204
2303
2234
6115
9083
8677
3235
1775
1832
4678
6578
7308
7231
9002
528
96
2986
7933
3787
2453
1557
7075
2283
587
4640
9151
3947
2255
4629
8918
4329
3151
7249
3482
7211
1794
1301
9014
8466
1934
2221
7136
6164
9195
9636
945
6957
1398
1370
5458
5204
4813
4043
3736
6090
8097
6244
8735
940
725
8635
1764
3625
1096
8315
746
7042
2426
6242
1018
2805
4286
8375
5158
5618
4896
7998
2350
362
6715
2284
3654
126
7036
2419
9133
1055
7382
7222
2271
5073
5927
9108
3464
6519
4537
9385
863
6967
5024
7061
8676
646
600
427
4717
6832
6040
361
2262
854
8636
8724
8294
8562
721
4750
8527
229
5132
8332
9109
2469
2467
1957
3134
6858
9228
4832
6706
8621
821
6095
2320
9128
3972
9462
6697
6635
2481
8795
1742
2295
5999
5275
1692
2509
1671
8549
8979
6517
5735
6428
1662
9669
5275
4269
2029
6815
9544
3382
8824
8336
5964
5989
9470
2044
69
8408
8347
133
2142
5935
8276
3379
6406
9246
84
3088
4591
9850
2284
8974
2105
6741
3041
3692
9218
4273
862
6584
4109
7017
7229
786
2155
1380
5214
223
1037
2690
2672
2156
2788
6581
6308
8365
8159
7452
4505
4502
1736
1083
1354
9621
8684
9184
4025
9370
4443
4455
8950
5133
7855
4765
2369
6429
2154
195
8628
4795
7843
8868
1345
3298
6858
7803
7289
7288
6853
1660
1256
4892
2022
8587
7440
2412
6250
2487
6975
1555
2799
7588
1063
1269
9085
8782
3635
1163
8637
1114
8824
4826
6431
5452
2880
3374
6419
1363
2167
2133
8634
7604
5059
5967
7569
8921
3009
8650
4186
9244
9961
4143
9297
2703
4994
5683
5975
4627
65
3176
2914
9588
8602
2457
859
3476
2489
4813
8109
2958
6995
2476
1673
591
6713
4101
1376
3914
9319
2240
2243
3049
2074
8157
9499
6073
4258
6089
2125
6733
5000
3199
984
888
1337
3842
5838
5020
3637
6014
4467
1456
7096
2071
9403
4493
9203
5152
5384
3175
2634
5489
7117
5608
5895
5931
9898
9880
7289
2867
4090
1505
8613
7738
8640
1872
5185
6422
9764
4255
4219
9733
7480
9553
4895
8475
8100
1353
6227
9431
489
1179
6930
8090
6420
1162
4108
9278
6812
9523
8398
1276
7296
372
6166
3122
4571
8594
8089
5538
3600
649
8795
581
5328
9551
8265
4708
8187
5603
2868
4721
6352
921
5461
456
2581
9861
3664
8952
6127
8587
8733
3840
5133
7753
7942
784
3174
580
1477
4824
289
6635
4961
9244
9186
3648
5108
6212
919
2886
8918
9386
7231
1784
7801
2293
996
9935
4186
9409
9126
4515
