706 8246 100
7695
2949
9874
8354
4475
761
742
6757
5645
3144
1641
3738
4680
6136
1150
1530
7211
6608
4418
5256
3788
9374
7627
7446
4113
9173
3596
7154
5054
5184
1718
4656
6018
9177
3078
8777
5400
655
2729
3003
2162
5456
8871
8317
5695
9382
7931
7481
6605
3387
1360
6208
1955
6080
3703
1366
4454
3733
9837
8433
4564
3018
5108
3584
4911
8468
8117
1547
1720
5529
8072
108
8257
8521
2354
6529
8155
6431
3478
5049
6521
1205
3415
811
5720
7926
8299
2132
1702
6710
752
5023
2818
8653
3925
4696
472
1154
4626
979
