9002 6213 100
4511
2481
4659
6572
3332
815
4848
565
3198
3626
8439
932
8019
8488
152
9188
9914
4180
6996
1751
1751
4914
5563
1135
2274
3548
8522
4831
9141
5558
7679
4727
8504
598
409
4894
3989
9239
7086
94
7189
2721
3212
8747
2388
5711
9210
5888
8669
3104
3474
1901
7675
5106
6184
953
4371
1788
9303
7411
1906
2111
5401
7997
143
8586
1861
7048
3925
5732
1159
5387
5220
6401
3416
4056
1683
9875
3062
5007
3603
9269
9366
471
6519
6724
6090
9107
4320
3131
7656
8733
3994
9975
7596
8811
3674
5056
8731
6096
