1143 5617 200
6598
7089
1733
1918
4405
2744
396
2750
4408
5937
4303
3768
6046
1564
341
3399
4897
3052
7808
1768
4998
8979
651
7810
2331
2361
717
5162
2294
3210
3754
6099
5131
9635
4544
1890
4089
9032
693
402
8675
2295
5694
1166
1950
8766
7738
2459
842
7049
5944
6230
216
7390
7210
389
9755
244
3502
2272
6517
7565
278
6913
6
612
7213
2783
3093
3124
9202
8325
4005
1438
2603
8805
3364
1392
4274
6576
9907
1760
6627
1897
8860
7764
6359
3578
485
7748
7157
5949
3606
5455
6195
3360
3431
4324
5884
1025
1448
203
848
8877
6050
1793
9589
9305
9134
1559
4843
6415
4568
1729
8507
8392
7001
8993
1119
3399
1719
9869
1976
580
2120
1364
4597
5380
7917
1467
3841
4233
6431
7415
3156
4572
312
6180
797
5301
4217
904
1994
1056
3729
2482
5906
6030
1038
9898
1287
8658
1378
683
9555
6507
758
6530
9581
4642
3867
4853
1934
661
8491
2617
4733
1607
8115
1186
6648
1228
9436
59
9184
1111
1743
9375
605
4672
8873
4606
481
2672
6980
8718
5482
8681
3792
1776
3001
5047
1833
8469
4859
227
8179
8667
9469
6255
