6199 7239 500
2484
7145
8592
7101
4943
7354
9586
3903
4190
9146
7520
1091
2545
9670
6343
761
2698
1701
978
2126
4084
9779
4351
1704
2795
5681
5460
3957
9527
7521
976
5297
8149
8918
5609
9327
3846
283
6935
6467
1037
4646
8305
2644
26
5256
8370
1260
4324
7880
4183
7708
740
9357
6124
7919
9336
1098
754
4809
6270
2335
9486
9121
907
2215
1681
9071
9280
5763
7376
6272
5615
7745
8064
3327
2044
4876
1724
9058
6912
9419
4962
8473
8812
4767
4824
4840
5075
2511
9803
2323
7146
9923
1237
834
4348
5735
7279
312
7010
4614
9438
9818
214
8151
6604
6070
8288
5492
6550
56
2206
2630
5669
7630
5253
9812
5251
7971
3646
3392
3091
5775
3565
2018
5959
354
2817
8175
9784
4717
3408
8009
6895
8257
4264
7291
6250
9896
5883
1907
9050
7024
3450
2854
2565
4740
8065
8803
4074
4644
1712
3060
6548
8170
977
1153
8834
3405
9349
6090
6266
3511
8303
1998
467
7823
8884
7129
2981
2846
2096
5718
5050
6420
8127
5730
579
9537
9184
8575
8049
5039
3907
6314
8293
1892
6220
7791
8017
7549
7764
1518
8018
5942
4449
2099
8387
1223
1808
6226
695
2425
3548
484
2619
48
3891
5439
3565
3896
9542
1078
918
8233
5616
6611
5726
9386
6915
9172
6307
5654
3641
8399
7245
9210
3906
6124
6578
7281
6581
1369
2159
2671
7397
352
1944
3267
4839
4174
6732
853
8035
1982
7863
7299
3202
3940
5999
2312
8885
1874
259
3317
5144
3479
4675
438
3030
9416
2572
5468
8558
3136
4456
7293
8549
8705
7292
6365
5679
4709
1856
1068
6274
4226
7402
427
3566
2288
1300
725
3917
3950
9211
1454
5524
4859
8554
9003
156
1960
9107
1288
4358
9004
9883
7985
1488
7811
5443
3771
9962
6787
702
6549
7098
5876
242
8919
8981
5177
6016
5634
3355
8195
3356
8171
3893
8323
8654
2502
3524
5379
91
6021
7043
268
153
8391
2183
5476
5060
6693
3573
1643
2212
3263
7995
4117
8276
5925
2385
107
780
8374
4008
667
4067
5143
1178
6282
4775
3935
6787
9518
1293
899
8349
858
1554
4621
6015
2821
5412
606
7731
5890
6779
8504
7718
4216
256
9961
5506
7454
1555
7612
9340
6370
8032
7905
9735
9087
9036
7017
4446
5166
3328
6877
9135
8601
2580
4603
1560
3652
9871
1746
5154
1948
3252
7519
1414
5484
6962
1131
2221
2866
1780
6342
1876
5568
5244
3748
6258
2621
7197
9017
347
3688
3448
6202
5570
9444
2633
979
2548
6347
6636
7265
9248
9453
9110
896
8228
5103
9422
114
4891
8218
3837
5124
6587
4618
2252
841
9728
8032
887
7118
9226
9448
3719
839
9630
2426
1000
5072
2090
4655
8081
4752
8933
9174
8140
5220
7211
7591
5343
8263
8548
7455
8185
9718
7098
7918
267
7237
4216
6348
3609
6918
2266
662
2441
7371
5701
3901
9135
3236
9086
4478
6431
6982
4180
3824
5093
363
