3012 512 2000
3803
8828
5765
4823
7959
5225
2258
4238
2826
3663
8762
4161
3924
7862
4816
4519
4278
5222
8990
4140
435
9059
3430
2550
7281
7591
8060
8063
832
6271
9015
9359
3843
3360
5269
5488
3862
5568
1251
1315
3841
3624
7654
401
2305
2172
9197
687
5461
5992
1179
2055
7878
5236
2304
9383
8952
2502
9621
5227
6834
6257
9898
6591
495
2141
2706
9015
620
5360
4872
9944
5845
6688
6810
8098
9752
9826
1652
1530
1817
6210
9326
9621
710
1027
300
988
587
3318
7803
4572
4182
273
530
5574
694
3207
689
8359
6826
5046
8628
4447
6391
5550
6133
3039
3315
7184
4216
5675
1516
9689
1907
1968
2166
3651
5046
5974
2778
2020
378
8614
1004
1982
2046
6445
5647
1285
4783
1589
6868
7216
6798
7483
7573
4165
1899
1137
3517
5987
5060
8785
5429
7337
2605
8597
8385
6584
6093
4541
8524
7864
8312
439
7597
7160
1478
1118
5517
8980
5377
3635
5189
7198
8638
6511
9291
5763
4924
8067
9155
9208
163
2838
576
4958
6494
6132
262
3444
6169
4256
8017
6998
7979
8190
2657
4145
3929
4436
3942
672
2974
4297
8485
8832
5612
3895
9227
1999
5708
1352
3852
4732
1958
1723
5798
8132
685
8318
956
2699
4159
4400
6314
3208
2910
7585
5975
3031
1179
7484
2994
7941
5366
8201
4367
6850
8113
2446
9923
5991
6423
3536
5332
7957
2712
2777
8303
4551
2457
7949
9094
3594
7949
7505
4175
319
2999
7093
9017
5107
8864
5692
3960
1950
2339
712
9942
7291
4091
5652
5571
8077
1737
8259
760
4520
5685
1947
2893
94
6340
748
9006
7850
8551
7525
502
5231
3920
671
3264
8521
3697
6455
4193
2062
516
957
9245
8428
1417
9569
2370
3271
2337
5982
389
9951
9076
3678
2334
3324
9492
6893
2774
3899
8662
9406
5941
1375
1143
5200
8063
3636
4207
7130
5644
6005
8451
5298
1676
1357
6238
7905
9783
5404
9400
3732
6842
3262
8118
8959
1506
7402
8907
9434
9585
8532
3880
3557
3167
7332
2460
2344
3640
1781
9935
806
1371
4281
180
9485
5927
9195
3174
4051
8921
1265
1531
9640
6190
6874
5456
6795
6468
6506
9920
6915
9368
9359
5224
2242
4177
9106
6223
123
2541
3663
3208
9668
9231
1284
7654
9330
9313
9748
3019
7526
7164
5080
3370
1888
5959
2028
1153
1369
5535
9152
2399
2284
6431
4104
3300
4751
1920
1321
3740
2856
7068
1434
9745
3006
4535
8213
2064
2657
9285
4619
9009
4696
5427
4493
8324
2845
142
4176
6856
9497
7921
2755
1523
4698
4174
2301
1635
3200
4666
7747
718
4114
7346
9259
3955
2576
8833
203
3690
8833
1836
8832
8677
5139
3958
4552
442
1872
9417
4893
3223
9479
1541
6877
7820
5139
8835
9129
1067
7306
9393
1554
8005
3199
3505
3715
109
422
7457
5143
2404
5889
3968
1487
2182
5852
3289
2611
3253
7328
3406
9753
7551
4560
5462
5778
1700
9961
11
66
7831
8692
4457
1820
1133
1367
6822
1940
5951
1333
295
6452
6683
578
5286
81
1997
6255
7028
7650
3725
2543
7303
9891
7743
713
248
2917
4644
1435
744
8202
5934
2692
7607
9246
164
5824
2050
995
3341
2738
1847
1802
9712
5228
4513
1799
3423
976
4547
3945
881
5926
1646
7700
9137
9767
2586
658
6045
5729
9108
8426
1701
1120
3217
196
2047
8719
9612
5555
1028
9335
4893
8587
700
1188
3498
267
836
6711
1602
5228
8326
7583
7197
1131
1976
6287
1922
2993
5067
7548
5290
2561
746
2070
1988
6330
4483
8066
2983
487
5843
232
6704
3695
71
2672
8692
4009
6674
4240
6354
7152
6006
5241
4137
1819
2910
1541
1658
7882
5132
4545
4508
9938
4008
2463
8752
9549
6326
5299
524
8490
5358
9163
928
8132
5855
3762
1107
4466
6154
7812
827
454
3040
7315
4931
827
2405
8680
5377
3408
5047
8058
2134
8500
989
7805
3255
1347
72
8945
7197
215
9479
6860
6804
60
142
1351
1362
6409
8903
6270
2406
4154
4590
9704
8849
242
2463
7857
5990
3075
5169
2307
6280
6732
7375
8420
3189
1371
5241
3073
474
2214
1296
2118
469
426
7532
1395
7899
6061
6445
9315
7155
6528
1024
8467
9622
84
4851
5618
55
9751
3058
646
7146
3614
9539
5055
8041
9535
1904
2570
2619
9265
9736
308
5602
766
204
4019
393
4750
8419
8580
7596
229
9693
6276
9075
7332
9587
513
9459
716
5245
1803
3408
7033
1747
3704
696
4733
6126
3815
7602
8492
7446
6190
9637
5465
5996
8489
7040
853
569
9066
1214
4504
7881
873
4127
6512
1891
940
5534
2928
6903
8377
869
8184
1989
2155
9444
5735
6646
7761
4274
1314
6524
5797
156
2294
6221
2711
2740
7027
2571
4693
8733
2653
2640
851
3937
4635
6655
5405
2252
2826
6280
8716
6506
1853
3727
4814
8673
50
7523
1772
9928
5226
6609
3877
365
8777
714
1122
3277
6883
3786
4983
8986
7224
3622
5174
3151
8321
5135
5603
593
4940
7637
987
1893
4655
894
1686
9163
7103
8830
1130
8123
5598
4352
2961
6987
6380
5005
7310
1424
6546
6689
9785
2333
2972
1218
3692
7529
2292
2240
9370
6239
7914
5063
6738
7661
4236
5163
3007
8000
8483
9443
9414
5113
2315
5560
2864
7022
3186
9158
9001
8386
6147
2026
624
8357
6122
4126
1325
959
8519
886
5176
6210
2928
254
6560
7690
8306
7749
8525
1489
4121
5016
5569
5607
8913
5031
8141
8250
2494
1486
1839
6909
2712
5015
3090
1377
8746
7254
3214
530
3533
6776
1182
6560
7659
4872
1622
2674
9119
6352
2732
5912
602
4371
8258
4283
8544
3483
8132
2608
8821
9665
387
4540
8722
7443
5714
1526
6882
6931
2787
9056
4248
1583
8262
9207
1209
1686
1558
917
160
7409
4487
5394
6789
8654
1506
2544
2837
588
446
4427
6526
5922
5551
4425
6994
1838
6907
5543
4316
7018
7192
2936
6599
1377
7022
9271
2165
630
2957
98
1597
7490
9070
4499
1647
9073
270
9821
7143
2303
3907
5454
5065
3808
8881
858
8577
9469
978
7732
3431
2367
4723
4270
4773
486
6683
4425
2391
5093
1430
216
9722
9304
4463
1339
2017
580
3952
2009
8778
4126
277
8451
7942
8862
3692
883
8786
6404
4546
7899
214
2218
3552
1780
3762
2029
6369
9186
4643
1988
6870
6006
978
9272
2263
5580
2406
280
3583
566
4534
4432
3361
6681
7049
6777
7105
9485
8495
6989
4876
2914
9066
6651
7964
1805
8824
1185
7269
538
7555
4626
6232
1637
4934
9198
1676
1874
1560
6923
7982
1327
5195
791
6935
991
6819
6555
9634
220
9688
5241
6370
7030
6295
9720
4284
3141
9221
1442
3915
6435
264
9458
8462
7001
4506
8836
2063
6711
7664
7934
2890
6214
2044
9793
6081
854
6775
3926
9676
9014
9872
4106
86
1693
3131
3336
9088
1128
7496
9385
2545
9933
6456
349
1709
5118
6103
326
6808
9692
4883
2988
5670
1733
286
5620
8439
2748
4796
5413
6199
3381
9178
2616
138
269
5135
5780
6393
693
8225
8910
1697
6127
9915
633
9181
7814
147
3033
6086
265
9342
8129
1515
1398
7572
8316
1222
3982
762
8597
4294
8917
2233
1575
8827
3602
1239
9875
2035
213
1392
4784
3580
4139
3018
5026
4627
1208
2164
2242
9017
6938
7113
1389
2661
9209
1889
6922
9367
7151
9577
6217
3023
8272
4524
1149
4691
6211
3851
2215
854
1044
2754
6807
5288
2483
1707
4447
9573
5882
5036
8744
3396
8208
6399
5805
8481
5144
7090
1537
8258
6720
6879
4515
3343
4813
2558
8024
6896
9178
9321
289
5120
4914
6603
3454
9009
8066
2865
2357
9284
4470
4007
3634
7674
5770
4703
4622
5499
1265
749
1974
6089
4834
7035
5176
5207
4944
8981
9523
5900
4744
6291
1927
3351
9740
5387
4999
9044
606
8394
385
7224
1137
9656
4914
4538
41
6604
1062
269
519
3794
1513
3240
6783
9432
6260
4693
4193
1178
2222
5377
9482
2091
2199
5331
2900
1833
1922
5006
1812
2492
8235
1267
8639
1578
838
5920
9399
8024
8584
5340
1820
6740
9882
9904
8545
9608
6853
105
5927
190
1186
3902
197
5281
5810
4258
1970
7405
66
9802
4694
2610
9661
3134
5161
7434
5349
7487
1260
8881
1180
9541
2997
8571
9600
1530
2212
5423
6493
575
118
2533
3337
17
3733
4435
2287
5550
1389
6549
9042
4798
4009
3182
3898
7299
5239
7625
2075
165
887
8915
7378
6191
8145
5393
9359
8270
1792
8666
663
1964
506
3618
6418
7031
3974
1818
9394
563
1824
4623
4112
9421
3157
7010
6451
703
8880
9574
7502
3570
4128
9284
6555
756
3310
3103
7100
8569
1259
1730
6147
7696
6846
282
8312
9819
4265
6454
1986
1990
9155
9910
6715
1822
2061
5745
701
9664
8422
1137
9151
6620
1647
783
6700
7905
5536
6091
2869
1813
8213
8755
7847
9616
2030
4989
8937
399
5885
7009
8557
1911
1339
9843
7361
1921
6727
1470
439
7982
2950
8469
8441
8107
6
1209
1799
2934
3175
5624
2760
6008
534
5316
9939
9352
5728
5880
4618
9554
8786
6758
8146
1249
1127
3018
9199
1208
1360
8117
6161
9857
995
7940
158
6418
4209
9831
1440
561
163
9137
1796
2150
2844
2058
495
1300
6233
3582
4014
1014
6926
4599
1698
642
4240
9894
5803
5609
8977
2432
624
1945
6361
7853
4850
5479
7871
6563
2945
7758
9789
1738
6806
2040
5419
816
7961
9986
1106
2909
5371
3970
8200
2291
1787
7822
5107
7929
9368
8280
1416
2143
1142
7005
8166
546
4224
3785
1192
933
9652
8194
9275
6843
1513
7825
4295
9356
6959
8144
1168
6004
8195
80
1768
9995
4891
4346
7238
9644
9709
8776
2731
7481
3671
5338
6603
6458
961
9487
8949
4819
3876
5951
7367
995
1664
3273
2373
7461
7493
9190
5114
3610
7094
2988
224
1867
5686
3195
794
3127
840
9017
9472
4042
4063
1201
4120
142
3504
7210
8721
5408
3912
5115
1107
318
3032
4601
7226
4074
489
4297
3468
1250
5163
2510
1109
7979
6717
3639
282
3942
2649
8290
6385
5903
4743
2134
6653
4392
1537
8944
7762
7639
2789
1202
9027
9051
7268
2397
5637
3481
4857
9365
4912
9761
630
5676
3166
6154
484
8589
9719
4416
5013
5365
9157
1350
9407
3818
9443
9294
2486
8073
7009
5277
3736
4661
3662
3558
9725
2798
4847
1790
9214
2287
5859
4889
9337
3445
2878
8783
1863
8168
516
1484
4012
2489
3380
636
3280
399
624
7108
3399
2896
332
3163
1014
9733
1769
1525
7611
1796
5934
5221
2507
4863
8524
9879
5474
9570
6430
6136
7251
4794
4380
1897
3967
488
3261
9082
4545
9136
6657
6343
71
175
8381
5982
4105
3377
1065
872
9690
5920
3783
7445
7976
1584
8767
3328
8332
3587
3481
2977
5606
1629
5669
1697
9110
7711
3675
1811
6114
4003
7689
1742
4777
5422
2532
4119
1329
1367
2314
2074
8992
9006
7210
5724
2819
6941
118
4898
4532
8554
636
9708
9834
9646
4376
1043
9
6011
8975
3315
6589
7013
4461
6452
6025
6543
6150
1765
1756
4351
3015
7622
6854
9872
2644
7234
9966
5426
5784
7486
5779
7741
8087
1047
269
4493
4454
3106
6480
4327
2097
4443
1345
6570
8921
8776
1261
7086
9481
212
8108
9276
7614
10000
5817
780
4791
4340
4716
342
4426
8889
4017
4099
9058
8684
4110
3769
9694
7574
7295
3529
9977
7634
2627
712
9700
2957
6544
4240
3784
6062
3340
1654
2391
9338
6546
1453
7742
4464
3293
8363
6393
3563
2908
3762
2790
8115
7420
9551
791
8726
8105
1730
6069
3184
5493
873
2103
7332
8550
7615
9640
8806
8199
4124
5928
8822
2511
3277
9799
361
5667
4203
3009
503
9966
2137
547
5738
8153
5931
1423
4167
1973
6075
