6073 3117 2000
3106
1029
580
8226
1641
8557
3072
7536
1918
3852
1841
5930
7158
9997
5183
9693
230
6047
8332
255
7440
9549
1879
6098
8097
209
4200
5823
6332
454
1434
2305
9180
5674
2963
5374
9842
1285
9957
3093
4618
5272
4088
1395
4256
4901
1656
6823
6235
3810
1944
144
8568
6122
824
9176
7090
1651
3755
356
5479
4346
7071
1018
4875
6349
5994
357
8526
4337
8908
1734
1921
6558
3816
8137
6803
4640
5038
2896
6820
1598
5462
8006
1474
1059
8742
6383
521
253
5509
658
7100
2559
277
5264
5127
5290
4902
5648
5060
5264
1465
2273
6303
4308
1852
4554
2894
2813
6546
8666
5716
9423
1368
516
8397
8586
9221
4184
6127
1036
2920
3981
8897
297
7279
4080
2253
3995
4889
3581
3510
2978
5610
7153
461
4864
3288
4386
8747
4369
2850
2623
6661
1462
144
9060
4167
3530
1442
3966
110
4320
7051
9751
4287
1079
1160
7452
5511
6189
7523
848
2424
7880
3854
6328
1160
7602
5298
7160
4602
7586
8138
1652
8366
6572
3657
9169
9717
9572
2485
3605
1418
1933
1571
8925
5109
5108
1234
8994
8683
6458
806
107
982
2176
5597
6050
7977
7235
3851
1692
6625
5752
5434
7333
5420
3246
9833
3415
4963
109
3467
4486
1153
8884
8742
435
1965
7905
5682
7364
187
7478
8861
1269
8570
4352
4155
3184
8152
82
2705
775
7800
8523
5500
324
3924
8253
8957
5907
8352
6764
5783
8769
7175
2150
8599
3555
6547
8981
287
6168
9540
9696
7298
7453
6305
3180
6465
6902
9573
9028
3909
3830
3882
8044
9936
6707
747
8824
7323
5388
9106
6137
986
5223
1480
5889
1606
5644
3581
4491
2992
9016
3380
5836
6452
2372
2113
3292
145
4090
9370
2625
291
2617
5967
1659
6502
3705
1228
9151
5800
8741
3882
1738
4093
5099
7536
9578
3432
4177
5085
9263
6605
9037
3669
5528
2173
5104
6128
7886
4220
7139
2326
3491
7369
6771
5776
45
2706
4089
1121
5213
2575
9435
4317
5424
5937
956
2785
6993
7312
260
7467
6398
8788
7725
78
3776
1798
5073
1036
9652
1417
1426
15
9248
8601
2964
8923
4305
5926
708
5520
9958
2966
2831
7944
9641
1830
2377
7078
457
2558
611
3319
3010
1988
9996
1485
2838
241
8268
3180
3617
1354
3159
2713
8894
6003
5275
7149
8408
5631
9960
3981
2571
8280
8251
7479
4984
7239
1352
6239
6859
4861
6861
5908
6432
3853
1590
4839
1514
75
7596
7497
2309
2101
1899
4671
1980
4425
3058
4726
6534
3690
9241
6806
6030
996
3656
8363
3592
3529
6188
2272
1218
7444
3415
217
2137
6524
1394
9431
2952
2407
890
9525
2146
6099
7325
8146
2163
2307
910
6639
5635
8630
357
7805
59
3673
5618
5935
7177
3906
2634
8237
3113
2365
5346
5754
7154
7469
6779
3770
8121
5020
4467
3006
8144
9135
7700
5528
3828
1739
4247
193
8338
7441
4157
6577
9387
7849
8675
5055
5868
4803
4671
8749
9207
2892
4547
3597
5370
5264
2096
2701
2863
9844
8608
7543
9315
8918
7352
9258
4834
9660
1184
6968
6148
3926
6790
4126
2364
2080
9555
1949
1361
5994
4984
3183
4385
4227
9139
7392
3233
2565
1603
1616
821
5435
676
5837
3719
188
1492
6656
3653
126
7514
509
5814
4907
3094
103
7592
6154
7106
7544
313
3100
4230
8482
5942
7930
9616
9952
4105
4282
7782
8858
7801
3530
6511
490
1099
3641
1444
7202
9783
5815
7371
6683
4891
9841
2403
2522
2102
616
9325
3043
4368
8134
69
2730
6509
9094
2678
1948
3349
1016
2329
7315
4061
6216
9527
112
5602
4872
3598
2002
9022
3205
9687
9713
9583
1210
8749
6025
8519
9399
8997
6409
2780
7446
1999
4586
9873
4394
929
2321
4356
4437
3623
1398
8679
9223
9449
4829
3154
1775
3399
2465
4703
6626
8143
2750
8994
8646
6596
1051
4295
104
6576
4066
1403
8609
9322
48
8419
9715
2663
7320
9411
3946
8167
8298
3017
6577
4677
1119
9358
6311
7133
5811
1675
7545
209
7811
4342
9232
3356
3321
4421
4240
8744
492
242
9529
3171
9608
4293
138
5834
5091
8262
8924
3032
5911
6996
9654
9980
5278
3494
1136
3987
4183
5242
4974
9027
2330
7536
4601
7316
315
9463
5380
6599
32
2474
7217
3853
9702
7002
876
4358
63
7515
7327
3917
2187
3030
3758
2290
893
9320
4696
5798
4763
4379
9749
1778
1022
2738
1069
8126
1830
7252
4766
2614
3704
1869
2631
1922
4870
4547
5423
7561
5355
1108
3484
6527
7075
724
5088
774
2852
9785
1007
5650
4439
9154
1940
594
2188
7466
1291
3921
1167
2212
1487
3772
1971
5944
9237
7309
521
2331
9512
2602
8207
5576
9627
5000
8060
8700
6935
8275
9428
8244
1
4679
7020
2041
2444
2520
3614
5986
1254
7202
9104
5838
2009
9753
3517
19
7787
3113
7811
8297
5089
9663
9712
4496
1971
1716
7230
2784
3897
1839
7920
9950
9559
2934
9246
1847
1519
4204
4753
1404
7793
5609
495
2677
5909
9879
6696
8662
1411
5377
3132
6155
5744
449
5802
3699
7893
8906
3344
8712
7581
2071
7469
1513
9153
9578
3819
3971
5908
9366
2165
8339
8943
5351
7204
374
9254
2710
2953
8750
3113
9020
9494
2165
7629
3956
8974
6216
3438
3840
1132
3227
8898
1408
78
558
8298
9358
3774
3571
6751
8346
6027
9187
9262
2796
5072
7831
3057
6652
4360
8966
5660
699
457
7809
4357
60
2499
7055
5746
5766
5434
6481
2898
1007
6216
6064
4704
8994
2455
2053
3111
167
8389
9325
7052
8702
2895
7652
8181
4146
1120
3483
2604
42
4366
8663
2837
7413
5874
8260
493
721
8575
7391
3114
9774
2631
3173
4838
5248
7600
3235
9642
9911
2206
2500
7129
8876
6148
1904
4108
1247
3224
1089
1704
3784
1793
659
44
5701
5074
2747
379
3135
826
932
3153
2101
5315
6025
5823
4153
5349
4412
3414
9867
5442
982
6370
2473
3226
5356
8181
7758
9397
5771
8842
9996
8462
909
337
3558
5676
8267
735
5874
6775
9260
1260
4220
7947
3267
6976
7823
3221
180
7066
5095
6689
688
7765
2829
3854
9150
4744
4097
6038
896
7144
8125
5244
968
4301
3448
7152
5585
3783
6781
2498
1016
357
8165
6
5076
3256
4055
9439
9346
6196
1798
8710
8731
3559
5935
4417
1382
1279
6186
6420
323
1184
6820
1553
3907
7580
2878
4655
8396
7379
5795
9619
6221
2640
6797
7593
6605
197
5477
2771
7664
9758
738
3534
887
1419
6341
416
3606
2856
2448
1388
4067
647
936
9129
9044
8823
1370
5802
4633
6366
4295
4672
1112
6547
359
1361
8487
2716
2666
6281
8165
5899
3892
2316
42
1204
1124
8731
7348
4764
2307
6515
1883
7396
9182
7530
712
6103
4029
6336
6932
9004
3973
4723
6867
2698
1438
6582
137
3485
3894
664
7797
1049
4437
1600
4992
2976
3066
9497
5701
7912
4568
4269
4204
5015
2052
7132
1727
684
68
318
7077
7258
631
4881
1738
2494
655
6178
8492
3512
2413
5867
8991
4473
1927
4944
4361
9502
7457
6447
8991
9743
7622
4499
4783
6231
881
656
9402
3942
9655
3432
2284
6267
9515
4578
1014
7018
428
6470
6915
3654
5008
6968
2589
7043
6021
6392
9474
7166
5719
7847
1984
8659
500
1945
6305
9443
7234
2290
4172
645
9094
5501
5747
7558
5224
594
6492
4421
8962
9361
6063
1022
8659
2933
2060
9056
1364
5412
6571
6958
640
7492
7622
3817
7529
658
6976
9200
7051
5268
1205
7203
2934
8625
2519
4723
9432
8157
5224
1377
7265
2725
7850
4041
8316
9358
3442
298
8699
309
2173
6253
6596
9401
9587
3568
9882
6777
8508
4913
4672
110
7297
9612
1028
9358
748
9883
2360
6654
320
9541
7265
6303
7106
8507
3639
8764
2103
760
1671
4266
8287
9790
2477
9951
9268
1640
2053
3414
1618
5791
4071
7738
998
3406
8811
7803
4838
2663
5987
6541
400
1623
6438
8779
2016
6951
9084
2235
8481
1408
2614
6447
1390
6342
5601
7994
9123
1492
18
66
7787
5789
9027
2264
5331
6612
7913
6566
328
6151
9045
9983
3973
2344
4170
5419
7066
6053
8082
5375
5626
2510
8325
1033
2880
8088
9989
8146
1047
8837
2494
3376
7067
1327
2710
6273
6043
1481
6010
3605
9187
4474
9092
3405
8286
6196
6784
1003
8715
6377
1323
8713
4356
3387
8860
4618
8462
2243
7577
486
5868
734
109
6018
4142
6990
5580
8465
9686
9649
2646
8464
8854
4917
3936
4973
1340
802
4539
203
3982
6841
2995
7777
5167
4514
6499
5977
9620
4117
7735
6561
9544
3064
9045
6414
8248
4145
8183
8299
3230
2685
975
6979
4630
6131
4212
3108
9787
1277
835
5233
2056
5122
9823
7959
6660
1366
583
5138
9376
1600
7630
4949
4434
220
1197
9749
3437
7905
8708
6880
5374
2687
9888
216
7044
6562
6045
607
899
3495
1358
6259
4682
1950
6774
4044
4562
7081
6944
7877
9053
8786
9044
524
8022
373
7979
2135
4006
8864
288
324
9902
7430
9947
3227
7394
469
9550
4520
294
7843
6000
7479
8290
4716
9365
8874
4653
1553
9112
8788
1909
809
3537
6400
7984
5689
3265
4094
1774
4318
7375
1891
80
5661
9364
6591
1370
6029
5006
9083
3629
9510
9131
1855
3328
4948
1996
5251
1883
9359
879
3981
5818
1786
8159
2770
2762
669
1661
2589
4234
7696
6353
3291
4724
4998
4789
2805
5686
7801
3649
7679
3879
1459
9991
7277
588
3773
697
31
759
7506
4437
3887
1000
4505
9318
142
3546
2571
789
5244
5231
8565
7273
9310
8208
2639
9620
7141
1423
3011
5162
2519
6469
2123
4999
7576
2401
9235
1782
1197
7750
3826
746
3632
1266
9675
8188
8307
7137
7724
951
8652
6922
5742
9365
2217
5582
8436
5129
2303
6300
8820
4602
3534
3292
6904
804
2947
1355
3552
6907
8603
1373
9426
8922
4581
7472
8319
978
7206
2458
2262
1732
3051
5825
1072
7579
684
8256
9517
9575
1281
8513
2150
905
5494
8542
7183
6872
7025
4549
3053
5352
4137
2954
1351
5423
8915
3741
802
1330
2475
9939
5644
6641
5132
7023
9406
206
8541
4614
6059
4315
2453
1067
4287
5674
918
7756
2921
2721
2607
409
2475
5208
9014
6855
9935
4521
8427
418
6663
2940
9131
4931
1563
2453
4238
3990
7966
5045
6799
2324
3525
9722
395
8893
3940
7156
5674
5427
6375
5581
8855
4425
2410
6326
77
7570
2998
2275
5820
9802
1597
856
7223
5056
1029
8932
288
3657
4943
3819
5723
7352
5514
6338
4024
2628
2225
2979
75
1031
4602
7015
214
898
2012
9654
4195
8063
5948
9674
1849
3323
9042
781
2930
3168
7526
4222
4134
3065
7916
4896
4721
3263
4297
6529
4763
4748
927
9734
1093
1414
6294
6023
211
1497
1309
7162
3366
5622
1756
2752
4547
5207
7596
7671
7650
6044
7177
5106
4452
344
9783
2676
192
3391
198
27
6430
4757
4277
4603
7116
1474
716
7741
3061
2344
2282
1541
4616
958
5121
5897
4379
7783
5566
5136
763
8500
8305
1923
6349
1443
4764
2211
4016
9220
673
2963
4225
4687
8696
6909
5381
1505
6891
6866
9144
3258
7762
7609
8869
6399
1068
6743
2470
700
878
9052
5028
838
5818
6863
3456
6578
5415
7368
2751
7172
6425
5355
2844
2376
7365
3989
1192
364
4172
1301
244
9854
2244
3855
4469
4861
8635
5226
8492
156
571
3328
6937
7672
7652
4534
9528
6020
874
8074
9890
6502
8951
1280
3163
440
7297
7574
3306
3783
1554
2841
3379
5057
509
2608
9094
7574
6157
381
9427
8702
2020
8036
3526
4965
2964
1499
7895
6241
3781
6772
5249
7523
1265
4235
1149
1762
7019
4539
6190
3977
9412
3954
4774
8765
9299
4999
1807
6723
6907
5430
8413
6204
8939
8059
