8339 5684 500
8789
3119
5376
2957
1967
6329
2805
6832
1136
8388
6359
3695
7964
2593
1310
7551
9663
4750
9974
7408
7509
7668
7479
1790
4195
9947
9492
7887
3581
9729
2835
3671
5461
7036
3186
5070
896
6488
8427
6956
432
7067
1611
6961
7032
1199
2294
9080
5491
8493
1782
9700
9328
9240
7043
1782
5693
6098
3878
6059
4242
6772
8311
4493
641
9368
300
2809
2020
7411
1569
5457
4759
7188
934
6269
5738
2233
7457
3813
7729
7524
9535
3479
1616
39
256
4403
8694
9309
2666
8802
5002
4967
7
3359
5853
9381
6914
4564
8537
3635
3043
4479
5261
2521
7491
2977
5227
6104
822
5470
7370
1215
5200
5204
495
6839
9761
6001
552
3190
612
8644
5864
1008
9358
7706
8041
5418
2391
7773
6145
7576
8542
8117
9311
1432
4750
5902
8101
4361
1562
8202
9161
3348
7002
6812
2412
443
9553
7643
6417
4321
7765
4912
7782
306
1295
2245
1552
5188
7612
4792
7695
5715
7620
178
2976
9678
1001
3187
2215
5282
3523
4973
6270
998
5051
3817
3646
9423
9295
9464
8332
551
1135
2005
7079
9968
5003
4231
7524
477
1817
4226
4951
838
2787
6798
9744
9555
9795
9550
6449
2526
721
3445
4111
3807
533
312
9048
2344
1710
2683
6883
9347
2826
4991
3259
7529
1959
5871
1299
5362
7443
8155
7113
5252
6698
4956
1176
4299
8524
7317
5395
9162
868
4057
7584
4801
3885
5914
3541
658
3566
2351
2154
2981
6444
9473
3822
9635
8754
1509
8633
6973
9634
7012
3968
9085
6097
2247
7623
3491
6398
6940
2887
7892
1663
2170
59
6848
3579
401
8154
890
3394
6628
8929
4347
9744
6331
7460
4414
602
3942
188
8547
9255
3342
5414
2234
6283
1934
8831
1823
9231
9643
7879
5111
3395
4474
9904
7429
5176
5405
827
1172
6039
7617
7179
1555
2440
7391
4227
5712
2405
724
3692
7841
8754
8665
5444
7648
3456
517
5688
9305
2413
2481
6242
9631
7247
7522
6178
8904
9574
2380
165
2432
2693
5199
7014
21
6230
390
348
2450
243
2196
7630
8478
8663
4640
434
2026
5315
6017
261
2796
5740
959
2208
4702
8794
4217
7066
9280
6425
1479
7983
7566
1787
166
1518
8147
4145
6667
9037
2589
6696
9528
7200
2230
2292
5927
163
3304
1220
6071
3933
1286
3107
5432
606
6882
202
3462
9019
2944
3370
5773
8182
9931
4067
5535
6293
8361
2253
5785
4630
7694
7824
9588
3454
5766
8075
9564
7843
1822
3770
8921
9487
8817
7007
1902
589
6798
2501
3903
6795
8823
6892
1560
8573
2589
3045
878
4360
3767
9148
7785
4788
107
7394
454
2568
6848
5058
8016
3128
2257
7878
3910
5992
6152
2697
1394
5373
6282
8540
6050
5865
2042
2616
4643
5367
8803
3843
9633
2167
7250
1691
672
9171
7144
7517
6357
12
4707
2108
1387
6442
115
5805
5796
2698
3805
7323
6431
400
9714
3534
2344
8943
1718
1018
5663
