9710 8557 2000
193
7829
8722
4126
2303
3430
4286
7223
3583
544
3822
3670
3459
3559
7156
1053
3269
1448
446
2705
8627
3606
8834
4424
5135
5457
8228
1804
3910
3442
5019
4005
5320
8001
3589
5560
2693
5093
5576
8145
6752
8147
370
8549
8468
1506
8756
3196
4120
1209
326
5334
4464
7532
4049
8166
1654
8925
7583
6929
466
2763
7425
9927
7932
5728
8788
8855
7256
2617
2591
5673
2967
7256
3820
2136
1272
4014
6567
2223
5382
7415
608
1005
2740
3686
1475
9044
2316
8786
5137
4366
9237
1097
4653
9218
8741
2206
1596
505
2476
8829
3311
8069
7835
5583
3663
4862
1649
8488
9672
7479
6671
2171
9478
563
9256
5972
7435
4335
1975
551
9759
621
5464
418
8882
1070
8728
3101
2265
5429
5451
6873
9278
5531
6702
5650
6921
2456
8194
2753
109
3087
5317
189
6094
7996
7689
7991
158
8516
5633
9782
3544
4848
4617
88
4873
1382
8108
3063
6224
8929
987
3084
3839
6799
5705
660
6828
7934
564
7024
4260
5750
1629
1940
7454
9934
8920
8658
4395
639
8953
7369
1751
4890
9901
5529
5694
9133
8767
9849
2368
3530
8342
3823
8411
1282
8044
1921
309
6679
5005
5103
7507
9407
5434
2830
483
7663
7803
5878
3523
1540
4043
5158
2878
4431
8443
239
65
4260
2030
2737
3162
74
5615
7982
4262
9837
3175
4953
7950
3147
3108
872
9584
9565
3036
3605
6938
9718
2465
2287
3083
6609
7622
131
9560
7106
7678
1161
428
4370
2235
4334
8600
5098
3768
8075
4020
6274
6081
4670
697
3887
7961
4246
4632
6756
8653
9080
9662
5910
8864
2342
3091
3034
6175
6493
7954
9315
4573
6175
8525
1655
784
3372
1233
7935
1767
4680
1329
7769
1851
3303
9042
2916
5484
367
4164
1109
8805
2539
168
5630
5953
2683
7534
5979
927
315
1373
9482
4943
6619
8390
3458
395
6434
7137
5288
9885
9446
1811
4460
1865
8582
5543
8340
6911
7653
7825
923
2013
22
6206
837
495
916
8311
1663
3790
1514
3416
7724
6389
6153
4456
2412
7963
4546
1534
3229
6702
4756
1031
9721
1653
4973
3503
3522
513
6211
9057
2252
568
7231
3529
8250
9062
6204
966
6899
2579
6939
359
5792
796
3814
9160
8263
1359
6373
525
4700
6049
2958
2382
7565
3018
4776
6283
5493
6414
1643
2504
8772
6921
8205
9873
6369
653
770
7655
3061
4163
321
8449
1332
4900
5788
8372
7146
6102
9210
8091
4501
7838
9144
4349
3987
2627
846
675
873
8811
2931
795
5031
646
4579
4716
944
5340
7284
96
7212
5755
3743
722
3066
4886
8819
9192
5842
6330
4260
7470
1133
4189
1757
1593
6530
3383
8681
3767
138
5466
6020
6780
2137
3218
4511
7976
1120
9198
6158
8568
4749
5956
9239
4900
2993
6605
1929
8262
4588
6129
871
8146
9367
2065
3854
229
9850
9962
6990
1383
8149
6477
3163
474
1553
1281
2376
9537
3128
2590
9993
6185
3382
7658
3239
8177
3322
646
8217
9484
3159
6884
5576
6279
8662
5931
1471
7187
6564
5146
9168
4536
4772
256
5792
3999
7605
9373
5275
8804
907
2533
2601
811
2281
2642
2616
865
2897
8284
3920
313
1601
4825
7736
6350
6294
4992
2280
2910
8351
9021
6359
2156
1837
8301
362
1052
6105
1184
169
8170
9210
566
7274
1687
3727
382
3241
3283
6108
810
3072
9875
8579
3765
4022
6123
8513
4801
5422
842
2780
1900
8424
7987
688
4594
4603
5753
9372
1315
4360
919
684
50
5263
7919
6100
8040
2529
8178
8827
9588
4799
604
5600
8275
9159
2731
3447
5473
4051
4818
6977
7511
6231
122
6658
9193
4045
4676
3141
3004
158
3464
658
9581
8574
9168
3459
7137
2364
1629
2579
4778
8368
7740
9014
3289
4141
5341
1294
9591
8503
3927
2352
4525
8753
4134
6913
2187
4066
5065
8965
4237
7597
7042
8911
6022
2962
1293
5161
1421
8486
7849
2640
7743
7926
9954
4214
7378
362
9781
7440
5546
321
2282
2491
1727
2206
5348
9149
7448
8689
5624
6625
3009
5928
6654
5980
1802
452
7027
7597
4965
940
252
3535
1072
1807
2510
9256
6670
7145
2724
7067
6193
5233
608
5313
122
8349
7431
2343
4843
9171
2781
8065
9770
6843
4409
5281
1439
6781
8014
7729
6177
8027
959
4861
1180
7795
1845
2948
7854
3219
3947
8921
5583
9948
2186
1352
3064
5442
1781
9042
2515
3107
1508
9807
3757
8664
4704
6199
9780
4418
1136
9507
2457
8426
1464
6839
2322
6052
8262
4389
9990
8451
3684
9048
5187
6298
233
9265
6010
5459
694
3611
1464
2170
4334
9987
8
4029
1248
5074
8491
642
8646
7027
209
3018
4346
1526
2242
3494
4513
1794
6371
1087
1321
3101
9251
7398
6261
49
4285
9466
2496
1454
7151
5183
8569
7268
7779
4296
8417
5075
1150
3878
8944
4539
8871
2919
1680
7342
6137
5461
3329
8848
4724
6012
3621
5673
7775
5417
4642
1855
1711
4350
506
8367
7457
3252
1637
2532
3755
1404
7483
7411
1253
2539
8950
9587
130
7137
4228
1402
6975
2365
6202
7325
6014
4535
6478
133
3625
329
6535
3977
9318
8659
1491
9162
4148
5027
6156
1966
3477
6508
9192
8947
541
2805
3276
8392
2082
8220
6447
2159
8614
9769
9909
6801
5728
3382
4972
5714
1928
42
4662
3464
5
3435
5877
3824
5755
4861
9171
2245
3639
1148
6880
551
5274
281
4491
1266
4055
3792
6179
4195
2151
7989
9381
4489
7342
5825
8971
2913
5393
8775
157
1797
5796
4749
1233
805
2674
7769
3655
7344
6123
3545
3418
858
1139
5870
8726
5210
1225
6996
2899
6304
8881
9415
1643
8358
3634
1033
7556
8761
4988
9364
5472
2341
1732
316
7071
354
3552
1744
797
1819
6630
2333
8469
9747
6915
1383
1921
5009
348
6477
9877
4897
1877
2766
7262
8541
4727
61
7104
1519
5802
2938
5725
102
1541
9756
3753
6876
6448
1902
5897
3586
5150
6794
6173
2077
721
3845
4226
2225
1190
8061
7209
4928
8136
6595
8753
5219
9768
1774
1267
1031
2715
9604
357
846
8254
5335
2172
1767
7028
890
4442
4481
1330
9355
8112
8093
7976
1765
8878
1788
4390
9712
1744
8002
2427
3652
8550
8634
6654
6280
4461
2816
8804
433
9085
7226
9616
9975
5426
8514
7820
2621
2886
7025
7659
3323
4040
5684
1784
2952
2923
9576
2123
3641
2706
7416
7824
4179
2121
1329
2160
6486
51
7860
195
7358
3369
5978
8960
533
6966
6503
8014
5063
4185
4264
8088
6028
5482
6829
7152
2907
9686
1518
5352
8244
3107
4571
4690
5940
5506
4994
3595
4506
4468
9046
5161
3910
1549
1983
9496
249
7562
4486
809
2162
6358
5682
8785
4927
6931
7080
3268
3852
9308
9433
8538
6511
3658
7579
3926
1964
7772
2975
7115
2495
4207
6637
1887
5455
5258
9195
3137
1155
1376
6917
3135
6928
9310
4102
2618
6084
955
9053
3026
8604
3515
7137
7710
7947
7542
8716
9225
3645
8700
2417
7547
1223
7256
8374
3351
7866
7932
4254
8984
8657
4987
7039
9060
8615
9958
4270
9393
5176
8744
7988
7301
7997
5549
9533
2794
2745
6758
2613
9548
8756
1382
2131
2351
8676
9105
8687
7882
2077
7398
611
9123
7155
6152
2783
8428
4914
4574
6329
1034
8722
6491
6136
3922
9999
6634
6876
1263
2424
3531
7566
741
5946
8674
6598
218
2814
1533
8518
8120
1925
5220
6064
5369
3570
9301
2688
8237
3449
823
9893
4720
2179
2960
1508
7366
7999
1665
2280
4049
5636
1378
2237
2540
704
7926
5591
1426
907
9286
216
5647
5971
1845
3377
6293
4920
3155
3211
5380
6582
3991
82
7823
3345
1749
2557
3667
756
6381
2514
1821
9026
6906
1013
6053
3562
1800
5766
8009
4140
5862
7501
1172
7783
7501
9930
5854
3203
9697
5108
8573
8144
2321
4603
1589
7847
3268
9254
7810
8782
9514
8318
3789
2625
3749
9859
2214
4371
5973
1948
5615
2675
4937
6377
8790
8260
6846
6161
9261
1964
1887
5146
3401
9032
8698
201
1009
1574
6532
9386
9657
7780
7531
8518
5235
8853
981
845
2187
8391
9606
5102
9564
1672
1672
1462
6757
9657
3643
3119
3987
2317
3571
7137
7219
4776
5471
6732
651
3162
3312
9211
9219
7935
5332
6657
793
1862
5981
704
3776
3090
1835
2600
7411
1627
1608
5846
8487
3678
4178
1182
4462
202
1954
5461
5367
8465
1084
5772
9803
547
7170
3904
8484
2717
8681
7143
4251
2800
1672
6636
5186
4638
3193
2174
1321
2820
3720
5564
6607
7192
6735
2979
3905
8911
6389
4341
4470
122
5408
7415
6558
1963
5632
5204
8736
8636
3513
6478
7594
2125
369
2407
4553
609
2983
2358
4636
2508
5697
4305
8278
2099
82
2304
4710
3393
5309
785
2191
5596
6023
1134
2524
1815
2796
9362
1075
9672
9461
3716
9205
4709
9015
5988
9931
6651
5106
5916
5224
8431
1966
651
2298
2702
966
1826
2746
5674
4443
106
4082
5297
1242
4915
9006
2774
1328
277
1506
4138
7314
1090
6813
4352
1106
3255
3188
2340
7951
8810
7341
9993
8322
849
5866
943
9129
2285
1884
5319
6630
7868
7769
2002
299
1161
1828
7260
7646
7637
2597
8948
2303
7736
7214
5196
4285
127
5037
8026
6248
343
4710
6180
1391
755
4185
9785
1308
1867
6699
1621
337
9985
123
3206
7286
589
3084
5906
4046
1347
2557
2019
8080
4424
3791
4065
9928
3190
9678
110
8331
4793
9420
9860
6347
6510
8277
2148
7376
6521
9028
5889
6896
9564
4612
5597
9180
6203
7064
1893
4103
1629
952
2375
6160
8731
5726
1102
5072
3535
4231
869
1398
1855
6896
3721
8453
2325
4175
2240
3559
8055
1998
7863
2814
4456
2458
7826
4403
854
5263
5090
8855
822
3303
7881
8021
3368
3171
4805
9845
7492
2008
8835
6344
4225
639
8585
9772
4321
1195
5485
9436
3189
9035
6492
3908
8868
4325
5046
3250
2281
8765
8357
7765
8276
6167
8033
4974
7237
4808
5914
8318
7555
8128
5305
8092
4878
9800
2160
4215
978
9357
1666
939
7344
8068
4703
5359
8628
4130
3711
3
7125
8303
9254
5162
101
8323
6840
5279
806
4938
9970
6179
1085
2538
1014
1257
2118
5490
639
9670
7430
9771
6126
3105
6321
8506
1765
1989
7389
5962
7782
7979
9213
5229
393
7366
8195
6525
3559
1821
3082
1479
1377
8270
1219
7810
1504
5134
6688
626
9527
2974
5278
4933
6853
8442
7659
4157
5884
2492
1829
9897
4437
6511
6440
2916
4504
8823
4172
9555
9762
7125
2792
4605
4021
2454
9589
9093
3945
4084
1456
8449
2506
8331
3849
775
9167
7246
1704
4211
6144
158
4238
6405
9301
7242
248
2549
104
1100
2838
2916
7880
5150
5261
6821
1432
303
6543
624
8229
9142
6858
8532
9271
5365
6464
6052
2550
3008
7867
2175
8947
6291
5493
5807
8396
3187
6369
686
2879
4222
3030
3319
8833
3025
9166
4243
669
4392
5081
5774
2607
6694
8862
4381
1177
5228
4233
9739
2948
4557
7431
3060
6404
7347
7795
6751
1484
692
9792
6961
2647
133
7753
9571
7594
3726
990
8211
6570
9322
2498
2164
7346
7283
5957
760
3718
5687
9423
2538
4493
1559
8435
607
2941
3134
9559
4344
9582
1120
1531
4027
6172
7151
5618
3777
3190
9460
1878
8106
2413
9312
8225
1987
650
4063
7251
8649
6841
7646
2214
9447
3589
8712
2886
6103
5449
2209
7669
619
1012
8918
1728
213
3159
1012
8363
483
7962
8198
4571
127
7139
46
7457
6863
4641
3654
5280
2569
900
3519
2901
3395
1654
4136
7683
5049
790
2941
5943
5025
4722
8044
2723
5951
2078
9133
2016
6349
3659
8527
5055
9294
939
2281
7424
5639
1373
6355
8090
1753
9406
9444
9219
5989
2596
8292
6922
5437
7773
2300
1767
1039
211
1552
3978
