100 140 2000
4581
8973
4350
8801
6545
283
704
7430
8167
1981
9088
5182
4356
4201
5429
5897
7126
8048
6523
899
8416
8020
8791
7525
389
8559
282
475
8353
3977
6437
7061
6313
7999
5275
2433
1944
1054
2346
4576
7279
3685
1640
3329
4395
2844
162
5960
8856
1118
2721
8963
7184
8753
2335
769
7718
4788
5463
6109
5479
8639
368
255
201
7352
6087
6402
5158
6620
9330
3273
5524
8039
2923
8007
2135
8954
2115
9177
7992
6411
8933
8110
4824
1602
2436
6275
361
1266
6586
9930
9759
3560
3342
1108
7337
8994
3413
9822
5708
6894
3159
7949
5696
4544
1219
6898
7591
5037
2267
8463
2296
3881
8108
7861
6719
6190
5558
3272
346
7132
164
3431
5774
6824
9026
2550
558
4908
1227
1381
9089
2058
8031
1249
2391
814
8839
680
6706
5873
4899
1129
9793
6137
6864
8906
8760
1879
3838
681
5081
2758
5443
576
2044
7267
6236
5835
9821
3699
2153
4283
871
4830
961
849
8986
818
7823
8993
8417
274
6698
2956
5498
7773
4134
1386
1518
4218
3226
4189
9074
9298
7179
2313
8224
5326
7599
3047
2179
1108
5262
8890
1422
8097
6763
7289
6756
6359
2284
4002
2817
3037
6419
3238
6140
7028
3991
1932
7161
9607
3184
5860
992
8189
2187
413
3229
2827
904
6700
4826
4184
7467
4380
2545
4703
6532
4841
2200
5269
1405
6430
479
9036
9584
1338
7162
6103
3235
5234
8720
6087
6932
390
9078
2321
8037
8891
771
4716
8647
7032
3139
9471
5008
811
1187
826
9352
8877
1436
269
9366
8627
3527
2147
3878
8349
4982
4120
471
6050
389
6033
6271
1042
2658
3040
9919
7700
5100
8490
320
643
9574
3670
8732
6254
607
6980
2358
1315
317
3594
5860
6296
3422
1010
5777
2245
9989
2914
9893
4151
8436
2609
6150
7773
9541
178
9953
471
9940
6360
5202
6155
1181
6156
6947
7897
1620
9390
3200
2143
6309
8249
9048
7067
1257
2014
9887
3557
5337
2836
9113
9519
255
1521
9340
8666
6553
7923
6818
2677
357
3677
2913
5543
8823
9447
2954
8598
7555
4281
9544
755
3332
9149
1765
6079
5216
6355
9505
4400
7397
8703
5677
633
9491
2021
2062
4623
2711
1043
2806
7767
4067
904
7400
8319
4352
7004
4021
3099
3841
7521
1804
2388
8161
8299
2237
8169
8052
7551
5349
8225
6292
9207
1477
2033
7307
3473
4530
897
5548
9555
6654
2417
1500
5753
4879
5437
3717
3763
5908
7104
4220
6588
4886
5022
2820
9766
4980
3616
5354
5969
9706
1212
874
9678
4941
3328
3831
6477
8180
2623
3310
3616
7570
1714
2501
5214
9123
2524
7419
3858
1412
7187
3734
2535
4922
2115
2809
3774
2086
3131
2984
4698
8228
9438
3011
6211
9940
8027
2965
635
5510
7044
4535
5479
1380
2922
5064
6726
9469
1012
6007
2136
6424
4080
3430
2421
8838
3345
2873
7698
9646
3819
3878
3494
550
1990
4002
7168
6961
973
9059
992
6764
2562
4308
4157
8632
1249
5635
1244
4211
8361
6368
2850
2429
3399
8111
2719
8489
6041
9022
8295
1547
9280
7530
3005
6614
6264
5991
3706
6459
2617
2665
4852
9994
1618
5280
3712
4731
2063
629
8612
1843
4567
1047
7635
7649
4131
553
7118
7657
3433
2586
1836
6822
222
9780
2625
8548
9766
842
4267
1465
6487
5386
8930
6035
8561
5178
5175
9861
7229
7852
9789
8791
2149
2127
2132
5658
6697
7650
6378
477
5048
3324
5108
955
7270
3170
2537
2941
8660
1838
3634
4720
1712
8047
5425
8360
590
5495
9689
3266
4945
9796
8633
4203
3006
6558
5155
7834
4282
5593
8810
1388
199
8374
2518
4056
360
7144
949
8660
1968
692
8771
2161
3438
4169
7174
1026
6713
8333
8181
3545
2558
9587
9505
227
7583
8890
6575
6775
3567
8529
6290
8377
513
6646
6796
2378
4971
1793
2422
1401
661
2488
9777
4741
7994
6379
9186
5142
8400
1524
1574
2367
3135
6890
2847
8002
315
9463
9129
7469
5603
9384
2589
9045
4099
3158
4750
4146
6245
9579
8014
7931
4660
3920
2096
8531
9512
4667
3117
6444
1979
5824
6201
4365
5018
8081
6702
5550
175
5444
3838
2011
4152
3501
8897
5336
9886
8696
5361
5174
7644
4473
4464
7456
1095
1110
5808
3551
9578
8622
520
8869
1696
3990
7126
1499
7658
4643
4103
7847
268
8236
1144
257
192
9717
1784
789
4020
4697
3177
6157
9460
6842
4475
5006
2348
2926
6012
7081
4294
1225
2278
6640
7355
768
207
5153
3691
5650
5679
9200
8105
9696
8363
7214
6732
1939
5440
7138
5832
7319
6607
2129
1752
5473
4506
1914
8037
8266
5849
2238
7436
7831
6335
5761
5710
8647
1871
1004
6719
1661
6790
8062
8892
7850
8724
2798
348
8540
1994
3833
8089
6041
9880
7463
7729
5928
5874
6006
6545
8769
6961
1245
366
3685
4651
8247
2481
6515
8762
6185
1607
6007
5525
5221
6686
2435
8293
2135
5626
4957
2180
4295
8480
7442
4427
6533
2220
5815
6142
9650
6146
918
7815
9121
6002
9985
9203
1136
5180
5545
2165
7113
5088
4412
4170
1051
1041
7804
5557
1738
7210
9315
6942
2920
2098
7849
2998
4646
8139
1292
9295
6464
4197
5308
4333
4421
543
4499
8296
2468
1305
9368
7337
7155
5765
9591
2328
8828
7065
4737
7579
9066
7383
432
1792
741
185
9582
1620
3778
1972
1389
4745
3283
3073
5805
8712
7864
8647
7506
6411
8324
2368
2422
8097
5458
5050
4200
2645
8613
2348
2944
5745
4871
9043
5648
8623
7988
4132
8115
2101
756
2141
209
8163
4602
487
5074
8077
8728
3374
7006
4915
4949
5716
5556
3589
6163
5148
6300
4229
9782
6513
6784
318
604
4675
3441
9493
5538
4904
4347
1715
8719
1836
9559
8048
4590
653
180
3165
993
4477
5712
8991
3702
7602
9283
7050
5488
5501
1328
1788
7385
940
5141
7396
9339
2427
7045
1236
3368
2216
9418
340
4068
1781
8473
6389
5621
9985
4583
643
9498
2714
8611
1730
3588
9331
6025
2943
9650
9074
6119
6300
1031
5771
807
7264
6383
8050
8238
7634
1040
7816
9042
7097
6762
5187
8242
5517
2183
6032
7166
3813
5399
4174
1163
4995
8576
961
4363
1598
1806
9062
6517
991
1762
4552
8776
5576
854
1035
9695
3396
236
4441
9676
5466
2416
4158
6072
4737
6901
1561
2257
1904
7487
3641
425
5160
645
8783
1247
8948
6626
7359
5181
328
1910
7989
2924
4998
4916
1364
3973
8786
2060
3912
9857
8964
5416
2467
2285
8095
6418
732
8498
3220
6949
3499
833
9495
1569
6014
227
6469
6930
5140
2750
3520
1121
8696
2027
7115
6202
244
3258
8625
7907
8840
8637
4568
7768
1877
7464
3355
1650
5234
3284
3607
5690
5464
7059
9237
8230
5458
3494
2536
458
9927
4821
5414
1916
5499
6616
3574
8508
3004
238
5633
3549
7832
9412
9785
2996
4649
3772
3788
695
2370
8036
4079
9909
4702
8540
7869
8821
1004
1434
9843
4358
8180
7095
4281
1098
9882
5916
5307
9110
6224
6796
2205
584
729
2252
3833
7890
7750
8569
6075
7284
4298
8217
6671
8395
3228
7986
952
2721
539
2554
8155
7720
5584
2911
2185
8789
9602
7588
7577
1588
3625
5952
1863
4374
2512
8189
2263
8960
7665
4184
5151
1906
9470
2445
9035
6288
5272
8117
4226
1492
4358
372
6419
6365
9989
431
5862
9041
940
6525
3179
9656
2977
3468
4999
1860
5363
3694
6913
5068
2012
6894
2350
2791
1272
7173
8271
2514
8451
1542
4925
5066
5676
3996
4790
947
2529
8173
3388
2289
2893
7144
823
4732
5968
8126
216
5091
2039
1606
7817
9878
7941
7089
5033
1823
3478
5907
2274
4861
3858
4622
2432
9279
9478
5667
443
8831
6147
1166
7342
3087
2070
3888
3211
1213
8638
377
2250
233
1441
6628
4494
8250
2786
671
1001
3132
1156
3872
3920
8335
2337
8278
479
5167
5292
5226
1372
4869
1789
2119
2972
1969
1724
975
380
5870
3901
9591
8473
875
6652
6996
3009
6916
3585
6583
1504
1857
4238
2096
7228
6513
4173
185
4928
6547
9773
8685
2010
8683
9085
3291
9178
6015
9307
3943
5042
5280
7609
2034
9938
1698
5409
7765
4729
6039
1572
9914
613
9364
4509
3717
6876
6702
7524
4988
5685
5499
693
2598
9625
8961
4252
4265
8592
8137
7910
1476
2006
7190
1605
8312
8795
5665
655
7058
5085
6962
7441
6851
1377
3961
2868
3099
9462
483
8065
596
3978
4341
5759
1827
2587
3736
8990
4886
5338
5439
973
6549
8148
2188
2874
9042
9158
6874
3336
3107
9796
3829
8397
9280
689
675
8448
3611
3728
4459
6286
5515
2020
2194
212
862
6675
7522
9488
3715
5410
930
6946
7490
6180
8798
8868
2330
5356
4451
8580
5686
6035
9196
414
2465
2911
1998
9012
752
2109
1348
9294
6743
6641
3289
6004
2543
1072
3185
8756
4802
6403
2000
645
8640
6490
7067
4193
9168
5612
7104
6683
6438
9306
2813
8646
167
2786
8353
5191
2622
1787
9890
3197
5395
4448
4531
3194
7080
4635
9719
5359
2988
339
5125
5394
2775
3381
6207
1885
6258
9577
7527
2453
5663
2963
4550
547
2498
3264
2424
4387
9753
8496
903
8364
2972
1735
1643
7222
8132
9303
2972
234
8360
4098
4821
8380
2090
7837
5636
7925
7697
4968
7652
5957
9363
9760
6254
6939
1596
6484
4056
388
3128
8060
6555
324
9313
555
4120
685
402
955
4871
9501
8094
808
990
8513
3662
5742
8895
4462
6388
4062
4001
188
5314
7335
747
2363
6604
7923
2964
1492
4448
3985
270
6604
9173
7630
833
7941
507
2580
1410
5101
7923
8742
5396
4548
5115
2809
9502
4343
4324
5372
7981
1763
8562
8837
9021
6806
2030
7255
6548
1545
1429
4389
3520
2990
3953
2065
5349
5765
7412
1332
9904
974
6953
1711
3230
3755
1111
2865
804
4729
7598
4529
6446
2443
9344
2021
1389
3408
1384
6843
7342
7588
3171
9825
6664
5187
2899
2129
9342
3731
617
6507
4404
506
4599
8152
3766
397
6265
7370
5358
9151
809
6117
6269
824
6441
9587
3336
5583
3441
9680
6806
5344
6402
8618
6456
6208
5465
465
9562
4432
4686
3814
2678
789
4720
5191
8790
5746
2879
9317
1269
2489
5629
7465
9366
5444
6625
6712
9187
9434
4486
370
2296
157
1550
1045
5188
9106
7090
4925
735
2840
4682
4435
2954
1194
6201
5746
9510
7152
9929
4608
3624
3370
8569
6290
3683
2344
7093
1291
5074
2946
4625
9389
7407
7105
8043
9648
296
9715
6381
6452
9586
5150
2104
8343
1748
7975
7612
3434
3180
3736
3831
6562
5427
6050
6346
9162
1724
4847
3621
9114
8876
9236
8667
3174
7302
3013
7886
3267
8590
5632
8239
1083
3787
2028
6531
6929
8818
5115
6996
5625
5748
6052
501
2187
6080
5840
8380
6316
7893
845
9690
3371
5253
8167
5050
3054
5732
4656
2976
7662
5220
6795
7388
1859
5952
2946
2741
2279
6045
3590
4923
4852
8935
1592
9342
8321
5634
6318
9209
6485
2190
9622
5591
7290
703
7815
7903
3868
2702
7227
2547
3236
8803
6234
8766
4353
5877
2015
947
3155
275
9047
5800
8516
1568
3067
5893
5485
9015
4687
1142
572
6040
8725
6918
3944
1954
6023
3744
3212
8206
7947
1645
6460
2289
947
4293
6755
7989
2165
6751
4642
9977
6070
9391
4760
4689
2794
2502
9932
6578
9407
718
5161
227
3146
2217
7924
3958
6347
2398
9886
2073
4382
1483
8192
9469
2985
4772
5380
4569
8115
1312
4817
8103
2104
2698
6880
4093
7986
7889
3883
5357
1887
1815
3913
2570
9422
3634
6241
4162
3755
8507
8995
2647
6573
4516
7526
6976
7516
1201
6696
4444
1907
9624
9291
7896
6153
7919
7567
3129
962
5551
4739
2355
5089
8696
2467
2143
1308
9303
9005
7159
50
90
50
8
87
