3464 3704 200
923
2512
894
3649
5958
8832
2920
1513
7093
6233
2221
224
8039
8610
7453
8523
1729
1977
5153
1518
1424
1403
8705
1937
9351
1036
7826
1129
3965
3427
4166
4776
3405
4165
6874
7259
3625
5822
8830
3778
2225
227
7605
8452
5038
4839
6626
1380
420
8576
8689
9898
6821
7079
7967
8798
7056
6675
8229
403
2677
4280
383
4977
1262
6328
1492
3283
75
6762
7343
8698
7034
9806
2319
1876
8939
2321
758
3440
3289
4772
4528
857
9869
8065
2571
4480
6268
4339
1412
3207
3747
3279
2971
7811
5885
5143
4597
7209
7072
7169
9377
5008
3313
8949
6718
8358
6219
9855
991
9854
5240
8450
8985
2712
3975
8822
4637
6329
5786
6494
2268
4244
7532
6955
9140
8984
4284
1685
9016
6597
6089
5535
1652
7423
4214
7890
2626
3886
1398
2577
716
9850
9841
514
8889
6423
7280
5583
1941
867
5547
7801
7164
1923
6279
3046
7237
8758
7900
5186
7272
6818
7993
433
9099
3132
9246
6185
6187
2636
3803
9705
1851
1578
1188
2096
293
6779
7338
3288
4620
4516
888
4058
4454
554
9889
8584
4786
7176
2090
2810
2354
5596
9098
7570
271
5169
