6550 2761 1000
9142
6481
4981
5966
5106
4169
6358
843
5844
6337
1113
4450
4367
4518
9678
1723
7734
1774
410
8191
7589
3195
9580
4832
9881
5528
2201
7877
2384
6741
6448
5251
9048
5795
4280
5802
1860
4663
4471
1924
2948
1064
6718
1942
1886
8209
5094
8122
3724
3501
4504
1861
4200
5550
7012
9340
2950
2292
9124
6671
6096
7816
1489
6626
5784
3279
1053
1210
8113
1118
6017
8319
4232
6706
9414
1662
3195
3104
2043
8568
9248
7764
7942
2430
9694
3972
8838
851
9280
9019
2315
9487
8577
4400
2493
7154
4069
2085
2459
1087
1377
5629
2114
4039
4671
6009
514
4869
1004
7300
8509
8848
3544
6375
4296
1394
2181
1426
8746
8623
5651
4843
9739
5749
5235
7012
6924
2673
1616
7089
9664
1783
1700
7046
8368
4570
7159
5463
5995
5723
4417
6276
6792
1439
6577
2728
8897
2339
808
1560
3308
9880
4446
2608
120
8417
9186
8285
9022
9186
3714
6672
1314
7449
4458
197
4644
8389
6367
5561
9708
8403
589
2708
6607
8176
2005
6935
2922
7693
1974
1301
4595
4024
2340
3388
4625
3620
5070
8561
2758
514
1061
5668
4776
6709
8696
6358
4808
1347
6287
1817
6596
1404
7383
5692
8510
444
3469
2540
9158
2866
5620
2095
9734
4738
9875
8454
8005
351
5490
3495
1272
4301
6535
7810
2802
1551
4063
3607
7542
9979
8429
5809
4593
9429
6872
3177
6119
952
7277
7368
7804
3850
4810
1832
3940
1942
9818
5867
2140
5373
7594
5968
9403
4198
1810
4044
4075
2656
2195
6949
2872
4251
5396
7331
4977
4520
5351
8094
5738
3328
1670
5750
6875
7487
6624
2965
631
7948
4305
4281
4825
3797
6982
3079
7168
939
286
4355
5408
3443
4767
5931
4189
3341
2073
3580
1725
3863
1495
313
1150
1081
8187
576
6510
6251
7627
960
5517
3540
3020
6765
7590
5638
3684
2190
4584
1982
5948
2020
5466
7443
6970
1520
9877
2396
2336
7087
377
5853
3818
4764
1605
7243
5276
8439
7796
6760
274
8360
9498
6767
5634
2356
9666
2404
1956
7822
2714
2135
9739
2740
2446
8617
1473
7297
3665
7882
5143
4277
5872
7913
3095
9842
1378
5348
8999
4105
8232
4733
7423
3239
6804
2324
6870
3445
2046
6506
1772
1652
634
5743
6347
960
2807
1639
9913
8502
6463
2330
1078
2151
4630
2862
2768
5556
2589
9648
1744
8837
8835
3212
2268
5627
7955
2730
1560
9443
3040
4516
8356
3597
798
4064
1093
9003
5897
605
3592
6842
8169
7372
9430
948
9935
7313
3000
9073
2957
6605
5432
278
7603
9534
5460
3305
6346
9301
9599
8376
1976
605
2116
2887
5698
9696
3666
1611
9964
4081
2249
6348
959
4178
1148
8310
3127
9365
2682
7295
9757
6612
8592
1681
3459
4101
2492
6116
7518
8247
5275
3731
7834
7376
1250
7885
498
5347
7536
4152
3163
2718
6482
2843
8159
6981
5304
1924
7172
1771
476
8604
8079
1801
5571
2244
8897
5159
8693
7446
3640
3645
1200
184
9326
7332
9297
759
8413
5751
374
1833
6850
2740
60
5928
4214
8860
6241
4227
4544
3984
2122
4388
1557
6444
4089
3121
6208
4269
5816
7679
9312
5515
6680
894
475
4987
957
6116
5838
7202
5791
4322
9452
4933
6871
4206
458
1346
9576
5726
9868
7225
7112
1575
2356
9856
8206
8819
5523
9329
5142
3411
7903
684
4028
7626
3500
2366
7947
4895
3421
2222
8905
7059
7599
4051
8944
5606
5021
6233
7404
3625
5530
2948
5688
5891
6849
3856
3543
612
6640
5915
4707
3017
8215
2018
2230
2208
8404
7038
8885
7302
4859
5742
3635
5078
592
2636
2313
9664
263
8823
1574
5435
4892
9763
9300
8130
3404
3097
7787
6928
2870
4433
1399
2311
5209
2190
4060
2240
9349
5054
9868
6121
4819
7921
5884
3181
6278
6716
1805
9269
7400
7476
8793
1360
1634
3452
4029
4872
2785
8922
5829
1313
1526
5731
6314
5380
1770
4261
2913
1588
4200
6949
7263
2414
514
2043
1165
2029
4279
3368
2343
2305
6494
1766
3212
9092
5802
1093
3802
3221
9542
5248
9485
7068
4548
2091
8051
6287
3162
8055
1439
6477
1792
9883
129
1288
863
9164
7662
8320
4902
1357
2070
2694
2816
6162
9099
3409
7834
5047
1893
8349
7301
7238
4476
708
4787
9080
5269
277
8729
7764
9019
8244
1634
5525
9680
3384
6029
9281
2972
5442
9151
8957
4760
9302
1823
4456
7222
6673
2083
5524
3607
6266
9394
7233
709
8978
3188
5808
6735
5785
1774
7189
1547
244
9289
5029
3131
9931
8132
9855
846
4127
1978
9999
2282
6785
8491
5921
716
4853
3593
8108
3886
534
6094
2464
4438
4181
452
1514
7830
4005
9324
2011
8381
5227
3167
8375
4980
6839
3655
4549
5630
9166
626
3917
6865
807
7488
5695
1099
5626
5049
8711
1901
9808
3217
954
1874
114
1114
7728
1786
6472
2553
2942
7101
5478
6800
2272
5276
1388
6678
3225
5082
9299
555
8781
6577
6688
4741
9961
1757
2724
6748
4694
6057
6051
3741
8856
6967
4865
9778
4615
5643
7411
3075
6749
377
9858
3922
5226
4933
462
5803
8210
3456
9644
1143
8422
3999
2608
5205
3114
4565
9161
6386
1534
7437
310
2821
3002
2531
4104
2052
2454
3024
2341
696
5606
9002
758
8682
3046
9833
9460
7897
8925
702
5262
2494
2331
9837
3440
6404
4941
420
8373
1282
2999
6508
8559
2852
238
8199
4285
4293
3755
284
8637
7992
5626
5206
660
2723
1316
2146
1753
70
9315
6685
3700
7266
4743
8731
8144
8950
3598
1754
8324
904
172
2109
7287
6705
6947
4820
3667
6497
3262
1685
3384
3457
6215
8874
150
4866
3286
6988
1477
5025
398
8500
7530
646
3214
270
5411
2117
9864
5616
9873
8449
9766
2061
2258
6070
3973
8570
1831
2239
5694
6987
458
8735
8713
6960
8667
7102
8845
7565
1408
5509
3588
4207
7920
1283
7449
7896
4476
1782
7725
