4273 2586 1000
4457
8081
1398
6512
5762
2719
7958
7940
4392
2771
7461
1021
4287
2197
505
5464
6826
3251
9698
5150
6825
7705
9041
5793
7921
2322
9374
526
1423
2412
601
6290
2006
2796
6571
4920
509
2479
3002
1012
330
486
536
551
9564
8871
9331
3323
8101
7080
2987
6495
1365
7500
1308
9538
4435
6323
7648
1812
1255
4778
870
8415
9362
2501
4556
6895
6705
4846
9697
7219
4976
8729
5606
9826
1039
6533
6248
4146
2364
3467
1416
4201
325
4569
3873
8027
1621
6165
2445
9612
2330
3588
7594
4197
9523
1521
5898
7237
2851
3375
7235
2687
8068
4744
9986
9976
4252
6626
340
6633
3955
6887
250
7063
4586
9398
1546
8671
3392
4560
165
9419
308
755
4284
9229
852
8374
6227
693
8780
3112
8968
6345
7089
5441
9722
3514
9167
7371
400
2820
7265
4804
8162
5398
4403
9254
7588
9193
5415
252
8916
2158
5282
9909
4
5390
2651
9529
223
3762
2993
5918
1546
3970
2396
750
2696
9817
2537
8994
4925
9304
7728
8027
9739
6627
9705
3138
7106
746
3762
8063
4936
4032
2976
7378
2194
936
14
2187
3277
4371
1673
1430
3967
647
9141
4440
4493
3946
8572
6609
9256
1082
7862
4589
8844
5445
6382
3417
8918
9703
5172
9225
5284
9907
8554
1686
4776
4003
8857
7321
4032
134
1714
9857
9724
8179
706
6830
757
689
2461
5317
3980
6450
9149
8616
9299
7121
3432
9484
7763
6091
4618
1700
7293
3215
165
350
8777
510
3062
7958
8993
7001
262
7002
1533
8360
3266
970
7900
8814
6382
6543
6672
8514
1346
384
5945
7972
2757
9809
502
5950
9083
3072
9977
7874
2484
3611
2901
445
1199
8670
2695
2619
419
8291
8490
3411
7639
7868
6374
559
830
5420
6918
3656
7861
254
563
9217
1920
6007
1787
138
7382
8916
5130
2108
8237
8442
123
4356
8153
9809
9309
8199
4354
2022
6877
7027
9156
3288
2530
5578
6969
9098
6581
3245
4741
1983
1698
5312
3979
3026
4307
498
428
5752
5376
6413
7855
5688
5875
7768
4872
944
2182
6936
6313
386
4776
7502
7629
7715
5764
6555
6496
9953
5453
6575
1916
6611
6143
4958
9456
3561
8796
6231
6917
9029
6707
8834
1530
9081
1167
894
8066
6991
1494
5998
6612
8855
6283
1883
5732
4850
4104
2808
8240
3477
846
194
7669
2648
6409
3048
5371
5142
5650
2770
1032
1910
8181
4776
2741
1501
150
8470
8296
4816
2629
5461
6283
8998
251
2511
135
9498
5145
2869
5284
9135
5117
4413
6143
1226
4180
1049
6059
5888
4379
9953
1066
928
5610
9541
287
2377
7446
7369
3022
2113
9608
7692
5286
5005
8647
2318
3070
5195
54
5707
6032
7393
4956
3145
964
5937
7573
8425
1888
8189
3689
8297
9567
2853
6256
8629
4141
2472
2077
4763
4333
2826
6884
7625
3734
7673
3837
248
1864
2527
9899
2243
4101
5630
4173
3262
8002
9822
3509
9309
1065
7855
7809
9825
4278
7999
8576
5406
3834
3224
1659
147
8361
3245
9767
546
5336
9855
7684
7735
1725
9705
3363
672
7589
3085
2059
4257
9708
9594
7445
289
6303
8782
3649
3456
1892
2976
8010
9642
2798
3158
4799
3150
2811
4929
8297
1117
8059
541
3563
3050
7781
8559
2305
2420
3213
3875
5342
7217
1875
1476
3226
5785
391
4958
4599
8780
3115
9054
3334
8178
1925
1008
7205
8444
3652
9732
2906
1614
6332
199
5126
7259
6701
3904
5444
936
7016
3284
9970
2873
7213
973
4877
9196
9581
1444
422
7960
7018
5924
1052
9748
8326
688
4337
9053
9394
5349
6992
1670
8962
1848
6865
7666
609
6105
4896
4094
436
4577
556
5945
2488
1131
5605
2328
4421
5148
8875
7074
7260
907
8954
4810
1544
1019
6900
6444
1033
2259
4578
4511
4235
6665
9461
8140
6621
8985
6927
2205
5308
7522
8563
6679
7732
2751
6506
3336
8438
4992
7030
9473
4692
4398
6986
3755
5909
2590
2401
4326
6295
2381
5245
5148
5315
6488
1521
6437
628
1790
3324
1872
9179
4793
5360
6653
2754
5067
1533
1992
699
1949
2717
513
5821
4788
1785
1289
8407
1694
4468
6412
8316
4527
4871
3204
4756
8172
8893
2840
9914
5151
6470
9939
1651
2861
1370
5188
5203
6924
6621
3505
4396
5833
2066
4485
7382
176
7099
8141
8021
3396
2488
4924
7180
7100
5098
5365
913
7470
3472
969
1812
128
7431
2896
9523
8538
330
9110
4967
8184
5407
1382
5523
8986
398
7744
4194
2124
1921
2696
6691
6381
2540
9417
5433
501
5269
8076
1608
7214
922
6936
7779
4732
2011
8242
1276
6876
815
2107
6775
7869
9985
3715
6467
5357
1488
634
4534
1899
6849
9871
8654
4966
330
8984
1880
2878
1159
5815
3950
9924
8436
2444
8823
3828
2643
3692
9528
8592
7095
1812
9833
9293
5408
7389
4044
1381
7142
3204
1410
1860
1499
7577
4602
8092
6509
2884
7206
944
3809
8804
1022
4064
6684
417
8311
7230
8095
2044
81
6962
644
8476
9366
8673
7748
6091
6405
5020
629
7330
1752
1795
271
3886
6483
4822
4294
7284
3006
9767
7389
3225
9893
2854
8999
2841
8341
9121
3216
8136
3380
6086
3487
2135
6593
577
2173
8889
5933
8449
3947
6509
386
8643
6274
8518
118
3464
7043
497
9248
721
6022
4714
5826
4701
3127
7332
8151
7541
8273
3467
3338
4479
6868
8652
8797
5173
5326
4868
7698
6577
2763
7147
6564
7822
3158
2273
4182
10000
581
5167
7638
1896
8235
1344
9170
6746
8533
8518
856
6718
3788
1699
9117
3124
4580
2614
5330
1746
2597
951
9580
9786
7434
7830
6681
2957
6094
6735
1696
656
2485
7339
669
8468
5158
9164
7748
4883
9393
4606
4852
1824
8928
1216
8556
2675
5513
897
7203
2844
6029
7210
9117
7256
5614
5918
3281
4403
5989
9173
6932
5330
6940
7067
9701
4873
7124
3458
1098
1496
2812
7702
