130
-0.1247 0.1286
-0.1827 0.3424
-1.7608 0.1762
-1.9159 0.9528
-1.3314 1.0020
-1.5247 1.8350
-3.8436 1.3890
-3.7447 0.6450
-2.7118 0.7669
-2.6149 -0.0025
-3.8688 -0.1988
-3.9235 0.0768
-2.8939 0.1868
-2.8759 0.4666
-4.0166 0.3533
-4.1524 1.3928
-4.6447 1.2969
-4.8963 2.6278
-4.1101 2.7177
-4.0686 2.4943
-4.5676 2.3953
-4.4641 1.5893
-2.6376 1.9102
-2.8497 3.7708
-3.3949 3.6400
-3.4606 3.8812
-2.9343 3.9960
-3.0024 4.5581
-2.7129 4.5727
-2.5904 3.5509
-1.7864 3.6883
-1.9429 4.6854
-1.1520 4.8445
-1.0695 4.5399
-1.6192 4.4591
-1.4465 3.1624
-0.9254 3.2403
-0.7705 2.4382
-1.0668 2.3741
-1.1467 2.9664
-1.9446 2.7647
-1.8487 2.3240
-2.1129 2.2637
-2.2018 3.0471
-1.6809 3.0960
-1.7475 3.3666
-2.5502 3.2770
-2.3078 1.9060
-1.4924 2.0396
-1.6011 2.5810
-1.3205 2.6471
-1.2049 1.5644
-0.6908 1.6906
-0.6607 1.4087
-1.1721 1.3253
-1.0226 0.7556
-1.5901 0.7240
-1.5214 0.4268
-0.2551 0.6085
-0.2593 0.9152
-0.8199 0.8112
-0.8562 1.1087
-0.2727 1.1620
-0.4714 1.9382
-1.0046 1.8786
-1.0087 2.1171
-0.4441 2.2285
-0.7685 4.1166
-1.0525 4.0158
-0.9532 3.5077
-1.1813 3.4816
-1.3145 4.3032
-0.8444 4.3157
-0.9239 5.0884
-2.2248 4.8969
-2.1050 3.8575
-2.3728 3.7928
-2.5164 4.8718
-4.3247 4.5918
-4.3043 4.0709
-4.5780 4.0191
-4.6631 4.5379
-5.9774 4.3609
-5.2827 -0.1533
-4.7297 -0.0317
-4.6380 -0.3528
-5.2483 -0.4545
-5.1375 -0.6656
-4.3387 -0.5846
-4.5870 0.7950
-4.8411 0.7787
-4.7436 0.1846
-5.0044 0.1998
-5.4482 3.0813
-3.8906 3.2880
-3.9709 3.5727
-5.0366 3.4208
-5.0643 3.9168
-5.3632 3.9439
-5.2687 3.3946
-5.5604 3.3444
-5.6061 4.1298
-4.8472 4.2727
-4.7821 3.6890
-3.9751 3.8900
-4.0820 4.3859
-3.2924 4.4884
-3.2312 4.1889
-3.7671 4.1390
-3.4870 2.2993
-3.1625 2.3110
-3.3910 3.3906
-3.0677 3.4184
-2.9437 2.1235
-4.1810 1.9224
-4.2285 2.1688
-3.7542 2.2725
-3.8901 3.0326
-5.1378 2.8683
-4.8723 1.0407
-4.3492 1.0773
-4.1051 -0.4678
-2.2801 -0.1854
-2.4830 1.1253
-3.5132 0.9646
-3.6031 1.1727
-1.7163 1.5296
-1.6567 1.2588
-2.2465 1.1429
-1.9606 -0.1834
-0.3665 4.5678 -3.8133 4.9155
0.0102
