1326
-0.0628 0.2106
-0.0344 0.4467
-1.6570 1.0170
-1.4112 1.8604
-0.8189 1.6484
-0.6198 2.5433
-3.1446 3.3819
-3.4266 2.5411
-2.3298 2.1231
-2.5332 1.3474
-3.9848 1.7682
-3.8908 2.0347
-2.7033 1.6498
-2.6835 1.9682
-3.7585 2.2791
-3.4137 3.4316
-3.9316 3.6629
-3.4743 5.0846
-2.6373 4.7340
-2.7412 4.5189
-3.2845 4.6962
-3.5657 3.8308
-1.6439 3.1690
-0.9656 5.1363
-1.5524 5.3614
-1.4781 5.6901
-0.9124 5.4921
-0.6989 5.9785
-0.1334 5.8675
0.1036 6.6754
-0.3859 6.8282
-0.0503 8.0437
-1.4363 8.4463
-1.8235 7.3180
-2.3492 7.5329
-2.8405 6.1189
-2.2990 5.8785
-2.3647 5.6121
-3.8244 6.1418
-3.3556 7.5735
-3.0744 7.4385
-3.4062 6.2721
-3.1169 6.2181
-2.5551 7.9179
-1.9914 7.6637
-1.7604 8.5532
-2.8888 8.9705
-2.7440 9.2474
-1.0902 8.6928
-0.5794 10.0569
-1.7194 10.4299
-1.5949 11.0629
-2.9228 11.4954
-3.2572 10.6444
-2.7104 10.4093
-2.7353 10.1564
-3.8905 10.5021
-4.1707 9.7071
-3.6181 9.4409
-3.8807 8.6846
-5.0508 9.0075
-5.3377 8.1880
-4.1535 7.7868
-4.2539 7.5475
-4.8343 7.6791
-5.2974 6.2559
-4.7584 6.1390
-4.9508 5.4980
-4.3701 5.3568
-5.1057 3.0312
-4.5535 2.9450
-4.6711 2.6100
-5.7554 2.9426
-5.9608 2.4213
-6.2034 2.5241
-6.0960 3.0436
-6.6424 3.2489
-6.2168 4.3832
-6.7735 4.5572
-6.6062 5.1652
-7.2290 5.3381
-7.0913 5.6315
-6.5325 5.4622
-6.2899 6.3086
-6.8049 6.4640
-6.2882 8.2152
-7.0598 8.4712
-7.3297 7.8602
-7.5817 7.9503
-7.1915 9.0563
-8.0222 9.3407
-8.9301 6.5574
-9.2611 6.6710
-8.7067 8.3118
-9.8371 8.7323
-9.6651 9.3065
-10.2349 9.4573
-10.0674 10.0257
-10.9163 10.3442
-11.0436 9.7092
-11.3755 9.8640
-11.1042 10.6630
-9.9289 10.3136
-9.2700 12.2972
-9.8190 12.4790
-9.7600 12.7184
-9.1984 12.5889
-8.3852 15.1092
-9.8269 15.5811
-10.0861 14.7376
-9.5211 14.5150
-9.5690 14.2217
-10.1957 14.4221
-10.9705 11.9331
-10.4386 11.7015
-10.5152 11.4180
-11.6447 11.8552
-11.8690 11.2214
-12.1663 11.3084
-11.9144 11.8660
-12.4643 12.0885
-12.0041 13.4470
-11.5219 13.2906
-11.1052 14.4907
-10.7982 14.3155
-11.3125 12.9854
-11.8743 13.1164
-12.1181 12.2412
-11.2733 11.9947
-11.1279 12.2962
-11.7501 12.4564
-11.6961 12.7521
-11.1211 12.5698
-10.2847 15.0872
-10.8070 15.3172
-10.4801 16.4593
-11.5558 16.8412
-11.4622 17.1172
-10.9587 16.9417
-10.4381 18.3540
-11.3141 18.6439
-11.4911 18.0129
-12.3703 18.3449
-11.7399 19.9846
-12.3444 20.1763
-12.2743 20.4635
-11.6919 20.2994
-11.0631 22.2820
-11.5986 22.4414
-11.5496 22.7582
-10.6860 22.4861
-11.1762 20.7711
-8.7090 19.9579
-8.1863 21.3168
-9.9324 21.8634
-9.7809 22.2078
-7.8406 21.5197
-7.9898 20.9747
-7.1267 20.7042
-6.9606 21.2020
-6.6645 21.1530
-7.2639 19.4196
-6.4470 19.1572
-5.7984 20.8943
-5.5982 20.7509
-5.7950 20.2547
-5.1776 20.0090
-5.3082 19.7939
-5.8823 19.9584
-6.2194 18.8281
-7.3668 19.2114
-8.0031 17.1543
-5.4297 16.3051
-5.1660 17.2592
-6.8780 17.7185
-6.7868 18.1051
-5.6372 17.6501
-5.4382 18.2559
-4.6466 18.0156
-4.7519 17.6601
-5.3076 17.9025
-5.3054 17.6186
-3.6336 17.0519
-3.8742 16.4592
-3.0211 16.1711
-2.8062 16.7684
-1.9220 16.5061
-2.0658 16.2102
-2.5931 16.3653
-2.7884 15.7547
-4.8136 16.5073
-4.7357 16.7093
-4.0817 16.5731
-4.0830 16.8460
-4.9198 17.1180
-5.5280 15.0864
-4.6317 14.8924
-4.5325 15.4196
-2.5310 14.7997
-2.7659 14.2007
-2.1512 13.9772
-2.3419 13.4458
-1.4697 13.1538
-1.0626 14.5995
-1.5770 14.7349
-1.5385 15.0580
-0.9630 14.8613
-0.6939 15.4551
-0.1944 15.2340
-0.0261 15.8226
0.3424 15.7280
0.0754 15.1747
0.9239 14.8908
1.4667 16.3282
0.8326 16.4540
1.1945 17.6355
0.3433 17.8628
0.1763 17.3567
-0.3455 17.5604
-0.7192 16.3901
-1.0489 16.4818
-0.8595 17.0262
-1.4194 17.2406
-1.2515 17.8404
-2.0294 18.1017
-2.2887 17.5145
-3.7069 18.0140
-3.4235 18.7842
-2.5928 18.5225
-2.6589 18.2669
-3.2097 18.4701
-3.2435 18.1731
-2.4953 17.8827
-1.8998 19.6310
-1.5800 19.4499
-1.8058 18.8827
-0.9331 18.6913
-0.7223 19.2241
-0.4699 19.1375
-0.7550 18.2650
-1.9192 18.6351
-1.9719 18.3485
-0.8466 17.9959
-1.0366 17.3783
-0.7334 17.3079
-0.5269 17.9065
0.0232 17.6570
0.2094 18.3125
0.7474 18.1315
0.9559 18.6909
1.1669 18.5318
1.0192 17.9568
1.6408 17.7756
1.4643 17.2435
1.9687 17.0773
1.9077 16.7697
1.2706 16.9463
1.2844 16.7044
1.7895 16.5345
1.3958 15.3497
3.3972 14.7095
3.6120 15.2530
3.8431 15.1643
3.6944 14.6182
4.2370 14.4595
4.2094 14.1249
2.9990 14.5116
2.4829 12.7795
2.1633 12.8862
2.6056 14.0721
1.7111 14.2876
1.2077 12.6341
-0.0101 13.0131
-0.1914 12.4092
-0.4552 12.5021
-0.1203 13.3650
0.9213 12.9737
1.2969 13.8824
0.6794 14.0224
0.7610 14.2942
1.3302 14.1387
1.5319 14.6661
2.6434 14.3527
2.7763 14.6013
1.3545 15.0226
1.1478 14.4831
-0.5645 15.0633
-1.6274 11.6289
-1.9823 11.7499
-1.6085 12.8956
-2.9886 13.3345
-3.3926 12.2300
-3.6829 12.3175
-3.1413 13.7767
-2.5807 13.5333
-2.5312 13.8715
-3.6939 14.2310
-3.5505 14.5117
-2.9489 14.3044
-2.8643 14.5862
-4.3264 15.0742
-4.4544 14.4758
-6.7323 15.1837
-7.2374 13.7721
-6.6532 13.6079
-6.7102 13.3302
-7.6069 13.6452
-6.8593 15.8502
-8.8373 16.5677
-8.9939 15.9980
-9.3218 16.0503
-9.0929 16.5982
-9.7166 16.8444
-9.6215 17.0706
-9.0528 16.9012
-8.5220 18.6036
-8.2169 18.5721
-8.7333 16.7818
-5.9593 15.8509
-5.9935 15.6241
-6.5470 15.7546
-6.6797 15.5474
-5.8270 15.2626
-5.5355 16.0292
-8.3778 17.0092
-7.6731 19.2652
-8.1780 19.4048
-7.9191 20.3165
-7.6439 20.1648
-7.8619 19.6871
-7.5545 19.5216
-7.2216 20.4364
-8.1411 20.7093
-8.4694 19.4982
-9.6033 19.9370
-9.7561 19.3837
-10.0416 19.4378
-9.9329 19.9881
-11.3420 20.4925
-11.5770 19.6351
-11.0168 19.3916
-11.0820 19.1264
-11.7037 19.3242
-11.9847 18.5464
-11.6368 18.4246
-11.5123 19.0062
-10.1042 18.5541
-10.6096 16.7673
-10.3236 16.7034
-10.0158 17.8341
-9.4458 17.6360
-8.9874 19.1234
-9.2223 19.2171
-9.6108 18.0541
-9.9457 18.0979
-9.6494 18.7174
-10.8746 19.0976
-10.6326 19.6083
-11.2646 19.8342
-11.1268 20.1458
-10.2969 19.7922
-10.4794 19.2807
-9.5947 19.0020
-9.4563 19.5802
-8.0353 19.0905
-8.0668 18.7567
-8.6305 19.0130
-9.2659 17.2926
-9.8098 17.4598
-10.4155 15.4747
-10.1333 15.3873
-9.8239 16.5676
-9.5604 16.4124
-9.6945 15.8897
-7.9564 15.3041
-9.4962 10.8298
-8.6089 10.4630
-8.4354 11.0422
-8.2053 10.9950
-8.4397 10.1225
-9.5500 10.4910
-9.8255 9.6707
-9.2746 9.4512
-9.4619 8.9335
-8.6190 8.6131
-8.3457 9.4377
-8.6036 9.5537
-8.8477 8.9651
-9.0889 9.1220
-8.8760 9.6150
-9.4289 9.8383
-9.4129 10.1549
-7.0706 9.3646
-6.9035 9.9376
-6.3989 9.7404
-6.1047 10.6709
-7.2534 10.9504
-7.1379 11.2421
-6.5197 11.0813
-5.6237 13.9476
-4.2523 13.4717
-4.4934 12.6461
-5.3166 12.8356
-5.2026 13.1754
-4.6809 12.9701
-4.6026 13.2270
-5.3996 13.5227
-5.8779 12.0760
-5.3101 11.9398
-5.4563 11.6393
-5.9853 11.8481
-6.2767 10.9843
-5.7495 10.7952
-6.0987 9.7177
-5.5361 9.5409
-5.8037 8.6002
-6.0404 8.7393
-5.8815 9.3331
-6.7365 9.5351
-7.0148 8.7187
-6.7464 8.6887
-6.5509 9.2457
-6.2717 9.1403
-6.4784 8.5311
-5.9230 8.3162
-6.0565 7.7417
-5.4519 7.6244
-5.8223 6.7588
-6.0396 6.8368
-5.8670 7.3811
-6.1902 7.5259
-6.4635 6.6955
-5.9229 6.4368
-6.0552 5.8976
-5.5049 5.6729
-5.6745 5.1922
-5.0611 4.9770
-5.5720 3.5581
-5.8483 3.6160
-5.4580 4.7546
-6.0413 4.9854
-5.8662 5.5605
-6.1480 5.5903
-6.4589 4.7642
-5.9111 4.5870
-6.2496 3.4402
-5.3620 3.1564
-4.7118 5.1501
-5.2972 5.3688
-5.1332 5.9633
-5.6480 6.1037
-5.0907 7.8236
-5.6594 8.0080
-5.2728 9.3871
-4.0537 9.0115
-4.0032 9.2543
-4.5615 9.4523
-4.2214 10.5913
-4.7970 10.8078
-4.7192 11.0949
-4.1140 10.8647
-3.9766 11.4424
-3.6400 11.3421
-3.8022 10.8157
-3.5328 10.6979
-3.2528 11.5163
-4.7184 12.0129
-4.7749 11.7156
-4.1999 11.6131
-4.3271 11.2898
-4.8383 11.4235
-5.3603 10.0513
-5.0719 9.9232
-4.8291 10.4909
-4.5596 10.4520
-4.8911 9.5768
-5.6792 9.8929
-5.3405 10.9974
-5.8673 11.1970
-5.8078 11.4742
-5.2727 11.2757
-4.9405 12.0987
-5.5237 12.3197
-5.4759 12.6023
-4.2741 12.2436
-3.8132 13.5865
-6.4190 14.4834
-6.4719 14.1879
-5.8695 13.9839
-6.3835 12.5615
-6.9729 12.7935
-7.1814 12.1824
-7.9903 12.5398
-7.8529 12.7830
-7.3564 12.5722
-7.2557 12.8749
-8.0474 13.1304
-8.5649 11.7005
-7.7362 11.4591
-7.6140 11.7024
-8.1472 11.8775
-8.0301 12.2136
-6.9347 11.8254
-6.7701 12.4184
-6.4406 12.3131
-6.7565 11.4398
-7.3246 11.6051
-7.8316 10.2211
-7.5015 10.1147
-7.2834 10.7079
-6.4294 10.3643
-6.5825 10.1852
-7.0800 10.3183
-7.3121 9.7926
-8.1088 10.0464
-7.7604 11.1477
-8.6549 11.4419
-8.8362 10.8543
-9.1160 11.0240
-7.6297 15.5573
-8.7060 15.8713
-8.6648 16.1477
-7.2577 15.6624
-7.9479 13.4672
-6.5723 13.0020
-6.2553 13.7842
-6.8181 14.0302
-6.5192 14.8684
-4.2784 14.1278
-4.1088 14.6422
-3.8080 14.5962
-4.0298 13.9852
-3.4994 13.8102
-3.9892 12.0908
-2.5837 11.7063
-2.3452 12.5104
-2.6190 12.6076
-2.7441 12.0603
-3.1241 12.1311
-2.7716 12.9725
-1.9325 12.6696
-2.2807 11.5614
-0.9524 11.0951
-0.7616 11.6796
0.7270 11.2524
0.4105 10.3525
0.1477 10.4394
0.3181 10.9739
-0.4740 11.3219
-0.6898 10.6942
-1.3228 10.9124
-1.4208 10.6532
-0.5515 10.3661
-0.3619 10.9848
-0.0032 10.8646
-0.7989 8.5779
0.9477 8.0029
0.6798 7.4458
1.8969 7.0701
1.3643 5.6935
1.1270 5.7329
1.2497 6.2968
0.7573 6.5051
0.7891 6.8407
1.3471 6.5825
1.4185 6.8736
0.3183 7.2442
0.5696 7.8407
0.2819 7.9158
-0.0775 7.0280
0.5502 6.8431
-0.1270 4.9210
-0.4121 5.0233
-0.2594 5.5563
-0.5251 5.6670
-1.1048 3.6583
-0.5461 3.4968
-0.6752 3.2453
-1.2429 3.3580
-1.3369 3.0867
-0.2019 2.7163
-0.4105 2.1865
0.1780 1.9335
-0.0700 1.0745
-0.4172 1.1953
-0.1938 1.7360
-0.5252 1.8574
-0.6405 1.2831
-1.2332 1.5232
-1.3017 1.2102
0.0991 0.7855
1.1252 3.9061
0.5129 4.0465
0.6688 4.2769
1.2314 4.1849
1.4810 5.0455
0.5918 5.2557
0.4941 4.9762
1.1330 4.8510
0.9830 4.4982
0.4661 4.7227
0.2951 4.1399
-0.2636 4.3272
-0.4261 4.0963
0.1899 3.8911
-0.0523 3.3374
0.2299 3.1945
0.4582 3.7426
0.7190 3.7110
0.2394 2.2748
0.0258 2.3925
0.1603 2.9765
-0.3928 3.0635
-0.2410 3.6793
-0.7271 3.8780
-0.4493 4.7075
0.0863 4.5493
0.6332 6.1882
0.9038 6.1323
0.7126 5.5402
1.5515 5.2762
2.4200 7.8243
1.8501 7.9876
2.4285 9.6615
1.5115 10.0064
1.3516 9.4713
1.0763 9.5041
1.4050 10.3741
1.9474 10.2084
2.0820 10.7974
2.3789 10.6104
2.1562 10.0604
2.7711 9.8648
2.1855 8.2152
2.5153 8.0763
3.5446 11.1921
2.9906 11.3663
3.2273 12.2642
3.5018 12.1773
3.2911 11.6249
3.5837 11.5293
4.0490 12.9022
3.4580 13.0900
3.6027 13.4243
4.1596 13.2002
4.2687 13.5056
3.3627 13.7616
3.0965 12.8845
3.7045 12.7392
3.6294 12.4375
2.9929 12.6084
2.8426 12.0373
1.7590 12.4721
1.5516 11.8994
0.4012 12.2602
0.3038 11.9568
1.4906 11.6047
1.3073 11.0336
1.5556 10.9304
1.7119 11.5462
2.3061 11.2696
2.3716 11.5719
1.8299 11.7482
1.8762 12.0963
2.7506 11.8174
2.5466 11.2539
3.1462 11.0039
2.8154 10.1682
2.5480 10.2498
2.8202 10.8436
1.9618 11.1335
1.7229 10.5231
1.2137 10.7480
0.5671 9.0291
0.3068 9.1411
0.5236 9.7428
0.2337 9.8502
-0.0563 8.9125
1.3781 8.4697
1.4660 8.7688
0.9344 8.9794
1.0377 9.2476
1.5734 9.0846
1.7076 9.6417
2.0643 9.5528
1.5233 7.8410
2.0814 7.6330
1.9356 7.3862
1.0905 7.5923
1.2962 8.1651
-0.4171 8.7567
0.0518 10.1697
0.5801 10.0107
1.0878 11.4070
-0.9552 12.0379
-1.0790 11.4701
-1.3741 11.5875
-0.5313 14.1044
-0.0127 13.9653
0.0870 14.2112
-0.4568 14.3788
-0.3239 14.6462
0.4786 14.4400
0.3200 13.8876
0.8237 13.6767
0.7318 13.3464
-0.4082 13.7227
-0.8214 12.3539
0.0313 12.0358
0.2044 12.6165
1.3071 12.2254
1.9145 13.9581
2.2236 13.8165
1.8547 12.7027
2.6367 12.4284
3.2035 14.1120
4.3510 13.7845
5.2186 16.3645
4.6416 16.5489
4.8791 17.4064
5.2225 17.2677
4.9920 16.7252
5.3215 16.5659
5.5878 17.4118
3.5470 18.0827
3.2726 17.2358
3.8382 17.0783
3.7999 16.8137
3.1884 17.0266
3.0431 16.3665
2.7067 16.5001
3.1716 17.6597
2.5382 17.7980
2.6295 18.1479
3.2295 17.8722
3.3156 18.2449
1.8738 18.6539
1.7906 18.3836
2.3541 18.1753
2.1878 17.6561
2.7443 17.4529
2.1618 15.7567
3.0077 15.4539
3.1389 15.7063
2.5442 15.9126
2.6888 16.1975
4.3082 15.6391
4.4406 15.9116
3.3136 16.3350
3.4435 16.5921
3.9218 16.3982
4.2168 17.3207
3.6454 17.4489
3.7743 17.6806
4.5936 17.4172
4.2285 16.2924
4.7765 16.1569
4.3257 14.7048
4.0478 14.8518
4.2439 15.4184
3.4225 15.6341
3.2241 15.1297
1.8256 15.5096
2.3611 17.2304
1.7769 17.4872
2.0135 18.0199
1.4355 18.1534
1.6235 18.7498
0.2444 19.2505
0.0788 18.9222
0.6910 18.7210
0.5646 18.5187
-0.0211 18.6901
-0.1837 18.1002
-0.4316 18.2045
-0.1263 19.2754
-0.8914 19.6060
-1.1245 19.0286
-1.4049 19.1444
-1.2462 19.6998
-3.7598 20.5383
-3.9202 19.9595
-4.2608 20.0018
-4.0983 20.6098
-4.8993 20.9247
-4.9953 20.5525
-4.4396 20.3774
-4.9055 19.0327
-5.4894 19.1854
-5.5395 18.8635
-4.1770 18.4285
-3.8561 19.2596
-4.1230 19.4179
-4.3595 18.8298
-4.5876 18.8498
-4.3555 19.7592
-2.6653 19.1931
-2.5016 19.4986
-3.6529 19.8765
-3.6279 20.1427
-2.2292 19.6504
-2.4699 18.8758
-3.6187 19.2086
-4.0852 17.7877
-2.0369 17.0875
-1.8747 17.6926
-1.6093 17.6422
-1.7857 17.0634
-1.1819 16.8856
-1.5605 15.7177
-1.2916 15.6561
-1.1397 16.1603
-0.5272 15.9780
-0.4099 16.5699
0.1786 16.4054
0.2935 16.7257
-0.2411 16.8232
-0.1797 17.1401
0.3674 17.0088
0.5648 17.4836
0.8499 17.4439
0.4619 16.3000
1.0837 16.1234
0.7692 15.2634
0.4816 15.3864
0.6805 15.9508
-0.1725 16.2204
-0.3735 15.5887
-0.9421 15.8696
-1.1281 15.2546
-2.2742 15.6168
-2.3654 15.3531
-1.7904 15.2019
-1.9503 14.5530
-1.3641 14.3653
-1.6801 13.5090
-1.9329 13.6390
-1.7142 14.2418
-2.3317 14.3859
-2.1880 14.9918
-4.6869 15.8143
-4.8962 15.2738
-5.1896 15.3849
-4.8991 16.1662
-2.5713 15.4512
-2.4474 16.0182
-1.8320 15.8443
-1.6276 16.6317
-2.9901 17.0783
-3.2292 16.5578
-3.4566 16.6211
-3.3007 17.2204
-4.4588 17.5672
-4.2487 18.1587
-5.6332 18.6523
-5.8091 18.0531
-6.9427 18.3693
-7.2128 17.5921
-5.5422 16.9848
-5.6987 16.7123
-7.6163 17.4007
-7.1790 18.8471
-6.0086 18.3955
-5.6242 19.5722
-5.1167 19.3952
-4.7966 20.2594
-5.4056 20.3765
-5.2118 21.0301
-6.0315 21.2381
-6.5628 19.5574
-6.8458 19.6336
-6.3298 21.3734
-7.1464 21.5748
-7.3690 21.0472
-7.6475 21.1638
-7.4337 21.7189
-9.9574 22.5727
-10.5182 21.1314
-9.1058 20.6764
-8.9776 20.9374
-10.1386 21.3073
-10.0278 21.6743
-8.5606 21.1588
-8.8241 20.3383
-10.8525 20.9044
-10.3115 22.6221
-11.6693 23.0795
-12.3936 21.1395
-12.1110 21.0438
-11.7310 22.1855
-11.4667 22.0855
-11.8331 20.6815
-12.4964 20.8304
-13.4942 17.7474
-12.8836 17.4917
-13.2557 16.4557
-12.1768 16.0718
-12.2990 15.4905
-11.7757 15.3194
-11.9920 14.4754
-12.5614 14.6400
-12.7908 14.0202
-13.3701 14.2838
-13.7258 13.0911
-14.3073 13.3056
-14.5637 12.4381
-13.9773 12.2165
-14.0900 11.9962
-14.9377 12.2465
-14.2813 14.2300
-13.9744 14.1183
-14.2024 13.6387
-13.9294 13.4947
-13.2995 15.5147
-13.8599 15.7064
-13.7578 15.9934
-12.9326 15.6299
-13.2691 14.5320
-12.9680 14.4430
-12.8096 14.9965
-12.1988 14.7726
-12.1191 15.0960
-12.7129 15.2650
-12.5284 15.9037
-13.6839 16.2739
-13.2834 17.3983
-13.5865 17.4427
-14.3760 14.9102
-14.0786 14.7753
-13.9256 15.3871
-13.5845 15.3138
-13.8850 14.4307
-14.5298 14.5861
-15.5462 11.5042
-13.5358 10.8352
-13.3494 11.4549
-13.0812 11.3070
-13.8454 9.0802
-12.6709 8.7484
-12.7976 8.4603
-13.3347 8.5587
-13.5456 8.0084
-13.8172 8.1012
-13.5900 8.7001
-14.1818 8.8681
-13.9765 9.4659
-14.8701 9.7486
-15.2132 8.5480
-15.7529 8.7829
-16.0125 8.1976
-16.2214 8.2567
-15.5502 10.3046
-15.2974 10.2120
-15.7128 9.1024
-15.3837 8.9676
-14.8481 10.6333
-14.5770 10.5792
-14.7128 9.9671
-13.9358 9.7084
-13.6232 10.5296
-13.8890 10.6291
-14.1019 10.0831
-14.3409 10.1623
-14.1942 10.7446
-15.6358 11.2202
-15.6921 10.9018
-15.1544 10.7401
-15.1852 10.4302
-15.7932 10.6886
-17.4066 5.8084
-16.5140 5.6030
-16.3226 6.1186
-16.0150 5.9925
-16.2747 5.4454
-15.3980 5.2431
-14.9260 6.6179
-15.4654 6.7588
-15.1605 7.6327
-14.9206 7.5784
-15.1326 7.0460
-13.9763 6.5690
-14.4810 5.1687
-14.7400 5.3475
-14.3542 6.4230
-14.6215 6.5192
-15.1035 5.1307
-11.9861 4.1225
-11.7577 4.6413
-10.3957 4.1856
-10.5120 3.8964
-11.6138 4.3087
-11.6843 3.9965
-9.1072 3.1898
-8.7391 4.3003
-8.1825 4.1244
-7.9994 4.6290
-7.7471 4.5375
-8.1030 3.4538
-7.5946 3.2398
-7.6557 3.0038
-8.5127 3.2214
-8.3540 3.8361
-8.5881 3.8808
-8.8297 3.0993
-6.9051 2.3892
-6.7486 2.6890
-7.3752 2.8598
-6.9484 4.0510
-7.2703 4.0865
-7.4003 3.5719
-7.6936 3.6441
-7.3892 4.7735
-9.3266 5.3902
-9.5199 4.8805
-9.8041 4.9226
-9.6767 5.4909
-11.0533 6.0095
-11.1835 5.4334
-11.4926 5.5360
-11.3634 6.0355
-12.4352 6.3940
-12.3264 6.9881
-12.8311 7.1902
-12.7258 7.4478
-12.2210 7.2478
-11.5931 8.9538
-10.7985 8.7549
-10.9789 8.1727
-10.3602 7.9852
-10.6334 7.3909
-9.9986 7.2001
-10.2478 6.3773
-10.5842 6.4497
-10.3802 7.0473
-11.2148 7.2493
-11.4455 6.6926
-11.7178 6.8562
-11.4726 7.6994
-10.8350 7.5096
-10.7686 7.7945
-11.3465 7.9156
-11.1256 8.4778
-11.4295 8.6239
-12.0883 6.6667
-11.2491 6.3889
-11.0440 6.8911
-10.8271 6.7974
-10.9749 6.2349
-8.4296 5.3816
-7.9965 6.5585
-7.7541 6.4716
-8.0993 5.3542
-7.8679 5.2192
-7.1868 7.1929
-8.0886 7.4993
-8.1460 7.2622
-7.5265 7.0467
-7.7088 6.7646
-8.2281 6.9314
-8.5810 5.7774
-9.9939 6.2725
-9.4487 7.9468
-9.7415 8.0146
-9.8883 7.5201
-10.2415 7.5527
-10.0453 8.1466
-10.6270 8.3004
-10.3712 8.8703
-12.1090 9.4631
-11.7277 10.6247
-12.5791 10.8589
-13.0162 9.4545
-12.7437 9.3860
-12.3977 10.5186
-12.0849 10.4089
-12.4926 9.2248
-11.9504 9.0753
-12.3772 7.6149
-12.9491 7.8052
-13.1713 7.2715
-14.2613 7.6139
-14.3326 7.3127
-13.2349 6.9930
-13.6337 5.8517
-12.4961 5.5073
-12.6025 5.1833
-13.6976 5.5770
-13.7802 5.2822
-12.3605 4.8832
-12.0770 5.6488
-13.2002 6.0940
-12.9103 6.8743
-12.6500 6.7805
-12.8032 6.2777
-11.6511 5.9006
-11.8933 5.2782
-10.5309 4.8106
-10.4093 5.0946
-10.9970 5.3228
-10.8248 5.6160
-10.0386 5.3326
-10.2389 4.7818
-9.6171 4.6012
-9.8429 3.9721
-9.5689 3.9591
-9.1583 4.9963
-8.3562 4.7443
-8.3762 4.4473
-8.9835 4.6515
-9.3257 3.5346
-10.1994 3.7611
-9.9822 4.3964
-11.9907 5.0392
-12.1579 4.4944
-14.1827 5.1346
-13.5769 6.7795
-14.7655 7.1955
-14.3565 8.2809
-14.6321 8.3471
-14.8174 7.8581
-15.4244 8.0712
-15.5487 7.4569
-16.1773 7.6816
-16.4000 6.7367
-16.0988 6.7123
-16.0008 7.2685
-15.6902 7.1566
-15.8520 6.5591
-15.3195 6.3838
-15.6100 5.5796
-15.8236 5.6243
-15.6390 6.2462
-16.5041 6.5387
-16.7251 5.9700
-16.9834 6.0429
-16.3731 7.9767
-15.7723 7.8494
-15.5414 8.4321
-15.0272 8.2578
-14.6432 9.3250
-14.3696 9.2554
-14.5662 8.7270
-13.9943 8.5508
-14.1449 7.9347
-13.3079 7.6260
-13.0996 8.2408
-12.5424 8.0017
-12.2482 8.8660
-13.4576 9.2866
-12.6300 11.5354
-13.2931 11.6896
-12.7360 13.3803
-12.9421 13.5056
-13.6929 11.1984
-15.1013 11.7377
-15.0596 11.9907
-13.9415 11.5956
-13.6451 12.4875
-14.1914 12.6706
-14.1224 12.9435
-13.5426 12.7904
-13.1774 13.8862
-12.5544 13.6890
-12.3992 14.2819
-11.8821 14.0743
-11.1829 16.0785
-11.4604 16.1566
-11.6821 15.5519
-11.9548 15.6303
-11.7125 16.2434
-12.3643 16.4678
-11.9724 17.5698
-12.2841 17.6712
-12.6262 16.5688
-12.9267 16.6203
-12.5556 17.7145
-13.0816 17.8736
-12.4730 19.9288
-12.1632 19.8487
-12.7056 18.0999
-11.3348 17.6446
-11.1420 18.2156
-10.7939 18.0998
-11.1219 17.3139
-11.6695 17.4148
-11.9323 16.5728
-10.8271 16.2859
-11.1715 15.1237
-10.6272 14.9674
-10.7478 14.7005
-11.2898 14.8264
-11.6427 13.6513
-12.2339 13.8495
-12.8999 11.8799
-12.3114 11.7252
-12.4576 11.1162
-11.6778 10.9179
-11.4734 11.4801
-10.3288 11.0844
-10.0420 11.9230
-10.6111 12.0822
-10.1283 13.4709
-9.6111 13.3692
-9.4687 13.6401
-10.0822 13.7755
-9.9491 14.0273
-9.3953 13.9069
-9.0939 14.7667
-9.6697 14.9300
-9.6396 15.1838
-8.7352 14.9683
-9.3953 12.9964
-9.9177 13.1135
-10.2688 12.3131
-9.6634 12.1013
-10.1153 10.6795
-11.2926 11.0823
-11.6983 9.6278
-10.8605 9.3788
-10.7309 9.9524
-10.3692 9.8196
-10.6335 9.3082
-9.9875 9.0925
-10.2393 8.5440
-9.0727 8.1262
-9.6639 6.5095
-8.7632 6.1834
-7.8933 8.9603
-7.6077 8.9652
-7.8991 7.7957
-7.0576 7.4918
-6.9011 8.0852
-6.6229 8.0045
-7.1893 6.2795
-6.5882 6.0874
-6.7548 5.8233
-7.2686 5.9489
-7.5949 5.1249
-7.0360 4.9445
-7.1431 4.3558
-6.6376 4.1769
-6.9374 3.0879
-6.4315 2.8883
-6.5930 2.3421
-4.5921 1.6926
-4.4946 1.9175
-5.6568 2.3071
-5.5357 2.6275
-4.4086 2.2634
-4.1112 3.1141
-4.7261 3.2417
-4.0106 5.5535
-4.5749 5.7077
-4.1542 6.8434
-4.4083 6.9757
-4.6211 6.3867
-4.9468 6.4459
-4.6074 7.3304
-4.0980 7.1914
-3.7819 7.9647
-4.9393 8.3663
-4.8371 8.6299
-3.1746 8.0692
-3.0839 8.3286
-3.6258 8.5626
-3.2703 9.7386
-3.8379 9.9276
-3.7424 10.1347
-1.4312 9.4159
-1.4167 9.6908
-2.4728 10.0695
-2.2848 10.6188
-2.8352 10.8311
-2.7315 11.1190
-1.9278 10.8694
-2.1072 10.2906
-1.0241 9.9228
-1.3168 9.0483
-2.9923 9.5955
-3.2798 8.7131
-2.1319 8.3430
-2.1730 8.0736
-2.7327 8.2862
-2.9831 7.6753
-3.5832 7.8762
-4.1474 5.8626
-2.1580 5.3011
-1.8206 6.3828
-1.3054 6.2066
-0.7430 7.6529
-1.0623 7.7631
-1.4763 6.6341
-2.0314 6.7394
-2.1695 6.1640
-2.5297 6.3078
-2.1971 7.1889
-1.6909 6.9331
-1.2939 8.1315
-0.4077 7.8052
-0.7634 6.6552
-0.1658 6.5294
-0.2808 6.2034
-0.8435 6.3639
-1.1097 5.8059
-1.6573 5.9826
-2.3056 4.0326
-2.0149 3.9743
-1.6458 5.0325
-1.3390 5.0118
-1.8008 3.5464
-3.2388 4.0905
-3.1204 4.3632
-2.5728 4.1772
-2.2817 4.9722
-3.6927 5.4927
-4.2928 3.4888
-3.7756 3.2966
-4.3438 1.6269
-2.3836 0.9520
-1.8893 2.3668
-3.0606 2.6822
-2.9247 3.0107
-0.9075 2.3592
-1.0490 2.0335
-1.6614 2.2590
-2.0772 0.8326
-1.3768 17.8789 -4.0951 3.1733
0.5442
