130
-0.0247 -0.1577
-0.2329 -0.2901
0.5022 -1.4956
-0.1172 -1.8854
-0.3441 -1.4749
-0.9903 -1.8219
0.1748 -3.6223
0.7312 -3.2676
0.2806 -2.4821
0.8653 -2.0501
1.5095 -3.0504
1.3134 -3.2022
0.7898 -2.3908
0.5898 -2.5108
1.1222 -3.3132
0.3177 -3.8396
0.5251 -4.2429
-0.4705 -4.8682
-0.7968 -4.2666
-0.6341 -4.1635
-0.3586 -4.5102
0.1839 -4.1394
-0.6126 -2.7590
-2.0269 -3.6045
-1.8191 -4.0015
-2.0156 -4.1620
-2.2721 -3.7182
-2.6633 -4.0190
-2.7653 -3.7684
-1.9891 -3.2809
-2.3714 -2.6669
-3.1611 -3.1627
-3.5061 -2.5571
-3.3557 -2.4671
-3.0594 -2.8152
-2.0421 -2.2699
-2.3260 -1.8320
-1.7620 -1.4626
-1.6292 -1.6697
-1.9906 -1.8795
-1.6583 -2.5270
-1.2212 -2.2777
-1.1100 -2.4632
-1.7187 -2.8746
-1.9622 -2.4162
-2.1446 -2.6072
-1.7510 -3.1864
-0.7610 -2.5161
-1.1449 -1.9211
-1.5328 -2.1745
-1.6568 -2.0130
-0.8258 -1.4997
-1.1027 -1.1195
-0.8875 -1.0015
-0.6497 -1.3699
-0.2436 -1.1417
-0.0295 -1.5156
0.1463 -1.3983
-0.4494 -0.4274
-0.6139 -0.4983
-0.3751 -0.9646
-0.5423 -1.0711
-0.8345 -0.6292
-1.4036 -1.0117
-1.2140 -1.4442
-1.4128 -1.5670
-1.6744 -1.1513
-3.0442 -2.0046
-2.8950 -2.2367
-2.4951 -2.0027
-2.3748 -2.1491
-3.0024 -2.5802
-3.2265 -2.0928
-3.8144 -2.4972
-3.2084 -3.5461
-2.4044 -3.0319
-2.3083 -3.2281
-3.0979 -3.7072
-2.2235 -5.0805
-1.8415 -4.8701
-1.7359 -5.0789
-2.1480 -5.3160
-1.5122 -6.3439
1.9282 -4.2263
1.6672 -3.7772
1.8664 -3.7071
2.0930 -4.1018
2.2885 -3.9484
1.9336 -3.3708
0.9587 -3.9709
1.0937 -4.1800
1.4259 -3.9218
1.5580 -4.1339
-0.6373 -5.4772
-1.3441 -4.2468
-1.5764 -4.4244
-1.0976 -5.2202
-1.4781 -5.4335
-1.3086 -5.6884
-0.9116 -5.3948
-0.8339 -5.6272
-1.3664 -5.9994
-1.7710 -5.3451
-1.3543 -5.1122
-1.7615 -4.5107
-2.1291 -4.8137
-2.4927 -4.1708
-2.3135 -4.0882
-2.1059 -4.4797
-0.6759 -3.5724
-0.8089 -3.3590
-1.5743 -3.9105
-1.7055 -3.6608
-0.7332 -3.1083
-0.1329 -4.0436
-0.3036 -4.2378
-0.5600 -3.7854
-1.1487 -4.1579
-0.5155 -5.1702
0.8422 -4.3263
0.6163 -3.9016
1.7960 -3.1380
0.9819 -1.7563
-0.0183 -2.3974
0.4199 -3.1759
0.2637 -3.2771
-0.6373 -1.8862
-0.4050 -1.8091
-0.2118 -2.1692
0.8262 -1.5376
-0.5046 -0.4386 -2.4444 -3.9833
0.6350
