142
0.0160 0.0749
0.2636 0.3093
0.0603 0.5275
-0.1158 0.4270
-0.1836 0.5030
-0.0187 0.6509
-0.3743 1.0450
-0.5512 0.9233
-0.5922 0.9985
-0.3739 1.2113
-0.2081 1.0356
0.2036 1.3860
0.0616 1.5524
0.1491 1.6158
0.4902 1.2047
0.4183 1.1565
0.2793 1.3235
0.0374 1.0982
0.1555 0.9276
0.0991 0.8564
-0.0692 1.0150
-0.1506 0.9355
0.3532 0.3412
0.9459 0.8340
0.7830 1.0201
0.8799 1.0853
1.0269 0.9025
1.4651 1.2780
1.2504 1.5291
1.0776 1.3890
0.9239 1.5741
0.7391 1.4199
0.5619 1.6599
0.9071 1.9540
0.7630 2.1132
0.8260 2.1871
1.0445 1.9189
0.7094 1.6442
0.7677 1.5554
0.9376 1.7026
1.0726 1.5480
1.2454 1.6777
1.5294 1.3270
1.6214 1.3932
1.2687 1.8562
1.1213 1.6963
1.0356 1.8022
1.2135 1.9220
0.5944 2.6877
0.3185 2.4717
0.4755 2.3055
0.3542 2.2451
0.1467 2.5036
0.3520 2.6320
0.1937 2.8249
0.2766 2.8974
0.4268 2.7122
0.4830 2.7686
0.2717 3.0291
-0.3104 2.5474
0.1235 2.0367
-0.1448 1.8043
-0.2775 1.9696
-0.8786 1.4917
-0.7460 1.3199
-0.8279 1.2348
-1.1665 1.6985
-0.9206 1.9102
-0.8423 1.7936
-1.0090 1.6801
-0.9421 1.5982
-0.2633 2.1409
-0.1293 1.9828
-0.0308 2.0568
-0.3866 2.4580
-0.8171 2.1249
-0.7448 2.0384
-0.4040 2.3060
-0.3521 2.2307
-0.7565 1.8587
-0.9218 2.0471
-1.3248 1.6774
-0.8463 1.0903
-0.3173 1.5178
-0.1809 1.3362
-0.1031 1.4263
-0.3237 1.6810
-0.6459 1.4013
-0.7236 1.4807
-0.3100 1.8207
-0.1717 1.6580
0.1734 1.9563
0.3266 1.7862
0.5823 1.9834
0.5068 2.0864
0.3393 1.9331
-0.1609 2.5354
0.1144 2.7413
0.1768 2.6602
0.0217 2.5020
0.3618 2.0947
0.6137 2.3009
0.4684 2.4852
0.5571 2.5410
0.7516 2.2825
0.5839 2.1530
0.7383 1.9631
0.3793 1.6947
0.7381 1.2705
0.9302 1.4135
1.0704 1.2450
1.2160 1.3772
1.3062 1.3049
1.0547 1.0744
0.8977 1.2387
0.2918 0.7500
0.3937 0.6754
0.7267 0.9397
0.7899 0.8876
0.3637 0.5203
0.1621 0.7744
0.3107 0.9188
0.1846 1.0712
0.2564 1.1591
0.3903 0.9884
0.6521 1.1829
0.1921 1.7864
-0.1019 1.5830
0.0425 1.3991
-0.2117 1.1984
-0.3494 1.3480
-0.7733 1.0222
-0.3986 0.5929
-0.3321 0.6777
-0.4722 0.8412
-0.3816 0.8912
-0.1891 0.6445
-0.3458 0.5219
-0.1219 0.2610
0.0325 0.4060
0.0934 0.3155
-0.0448 0.1616
0.1170 0.8357 -0.0045 0.1853
0.1988
