1326
0.1436 -0.0016
0.2983 -0.1614
1.0850 0.7213
1.5704 0.3245
1.2809 0.0772
1.7098 -0.4023
2.9766 0.9576
2.4989 1.3286
1.9358 0.7591
1.5307 1.1593
2.2055 1.9193
2.3540 1.7662
1.7946 1.1647
1.9756 1.0471
2.5051 1.6287
3.0849 1.0552
3.3459 1.3629
4.0506 0.6932
3.6660 0.2833
3.4953 0.3848
3.7763 0.6813
3.3645 1.0598
2.3886 0.0695
3.4188 -0.8805
3.6892 -0.6264
3.8587 -0.7179
3.5478 -1.0222
3.8873 -1.3044
3.5956 -1.5840
4.0278 -1.9648
4.3034 -1.7198
4.8700 -2.2832
5.5656 -1.4982
5.0016 -0.9645
5.2889 -0.6826
4.5462 -0.0312
4.2560 -0.2575
4.1190 -0.1226
4.7956 0.5350
5.5188 -0.1070
5.4261 -0.2669
4.7983 0.2844
4.6444 0.1279
5.5442 -0.7086
5.2594 -0.9432
5.7079 -1.3634
6.2599 -0.8241
6.4124 -0.9222
5.5640 -1.8325
6.3086 -2.4780
6.8213 -1.9107
7.1764 -2.1983
7.8432 -1.4966
7.4092 -1.0727
7.1657 -1.3311
6.9765 -1.1745
7.5286 -0.5744
7.0830 -0.1856
6.7899 -0.5087
6.3764 -0.0758
6.9055 0.4734
6.4489 0.9112
5.9479 0.3150
5.7766 0.4479
6.0912 0.7420
5.3337 1.4517
5.1027 1.1522
4.7653 1.4502
4.5062 1.1011
3.3286 2.2401
3.0722 1.9176
2.9193 2.0474
3.4913 2.6502
3.1600 2.9664
3.3210 3.0819
3.5551 2.8008
3.8740 3.1087
4.4383 2.5341
4.7453 2.8042
5.0460 2.5676
5.3094 2.8744
5.4511 2.6933
5.1288 2.4190
5.6251 1.9907
5.9174 2.2989
6.7373 1.5083
7.1636 1.8836
6.8803 2.1805
7.0053 2.3722
7.6101 1.7968
8.0242 2.2005
6.5662 3.6059
6.6980 3.7664
7.5521 2.9114
8.1130 3.5006
8.4074 3.2469
8.7073 3.5396
8.9372 3.2643
9.3841 3.7014
9.1036 3.9512
9.2405 4.1219
9.6429 3.6731
9.1023 3.0824
10.1585 2.1528
10.3939 2.4383
10.5639 2.3303
10.3089 1.9952
11.5858 0.7469
12.2919 1.4927
11.8450 1.9306
11.5592 1.6520
11.4185 1.7874
11.6920 2.0974
10.3922 3.2876
10.0874 2.9863
9.9422 3.1548
10.5329 3.7509
10.2038 4.0118
10.3881 4.1469
10.6480 3.8398
10.9080 4.1841
11.6482 3.4872
11.3731 3.2072
11.9694 2.6222
11.8342 2.4966
11.1129 3.2056
11.3562 3.4731
10.9572 3.8737
10.5115 3.4481
10.6500 3.3257
10.9394 3.5810
11.0719 3.4825
10.8021 3.1785
12.1568 1.9388
12.3880 2.2118
12.9709 1.6586
13.5220 2.2412
13.6644 2.1490
13.4134 1.8070
14.1290 1.1245
14.5558 1.5949
14.2722 1.8642
14.6949 2.3072
15.5182 1.4701
15.7888 1.7457
15.9681 1.5836
15.7071 1.3360
16.7081 0.4018
16.9980 0.6727
17.1188 0.5181
16.7082 0.0649
15.8425 0.9406
14.6135 -0.4089
15.3242 -1.0918
16.1674 -0.2451
16.2890 -0.3529
15.3615 -1.4041
15.0169 -1.0983
14.6277 -1.5135
14.9368 -1.7658
14.8102 -1.9591
13.9132 -1.1340
13.4970 -1.5698
14.3660 -2.3738
14.2658 -2.5443
13.9901 -2.2601
13.6875 -2.5621
13.5253 -2.3977
13.8189 -2.1292
13.2104 -1.5836
13.8225 -0.9923
12.7922 -0.0346
11.5029 -1.3397
11.9850 -1.7518
12.8083 -0.8976
12.9269 -0.9748
12.4037 -1.6217
12.6869 -1.8746
12.2690 -2.3512
12.1380 -2.1912
12.4016 -1.8553
12.2567 -1.7370
11.3922 -2.6080
11.0927 -2.3537
10.7082 -2.8097
11.0064 -3.0405
10.5743 -3.4787
10.4514 -3.3229
10.7161 -3.0750
10.3894 -2.7969
11.3844 -1.7449
11.5374 -1.9127
11.2397 -2.1919
11.4052 -2.3352
11.8242 -1.9386
10.7632 -0.9398
10.3876 -1.3856
10.6936 -1.6454
9.7126 -2.6951
9.4335 -2.4340
9.1894 -2.7025
8.8817 -2.4040
8.4267 -2.8516
9.2014 -3.5331
9.4825 -3.2531
9.5970 -3.3956
9.3313 -3.6455
9.6147 -3.9258
9.3731 -4.2501
9.6253 -4.5059
9.4999 -4.6530
9.2100 -4.4113
8.7824 -4.8214
9.4823 -5.5238
9.8177 -5.2156
10.3521 -5.7866
10.8165 -5.3171
10.5431 -5.0636
10.7981 -4.7878
10.1864 -4.1929
10.3094 -4.0600
10.6021 -4.3581
10.9312 -4.0583
11.1761 -4.3427
11.6050 -3.8857
11.2953 -3.5955
11.9935 -2.8466
12.4461 -3.2768
12.0205 -3.7377
11.8697 -3.5870
12.1681 -3.2924
12.0267 -3.1819
11.5814 -3.6305
12.4600 -4.4508
12.3388 -4.6133
12.0396 -4.3207
11.6072 -4.7655
11.9059 -4.9872
11.7697 -5.1480
11.3468 -4.7476
11.9141 -4.1507
11.7472 -3.9984
11.1855 -4.5972
10.9047 -4.3165
10.7705 -4.5232
11.0640 -4.7380
10.7589 -5.0510
11.1146 -5.3364
10.7899 -5.6098
11.0582 -5.9011
10.9556 -6.0573
10.6354 -5.7533
10.3694 -6.0763
10.0718 -5.7781
9.8278 -6.0819
9.6798 -5.9587
9.9467 -5.6856
9.8122 -5.5389
9.5512 -5.8238
8.9697 -5.2655
7.9532 -6.2768
8.2530 -6.5603
8.1434 -6.6821
7.8434 -6.3910
7.5834 -6.7301
7.4335 -6.6109
7.9778 -5.9596
7.1228 -5.1738
7.2210 -5.0144
7.8464 -5.5490
8.2516 -5.1143
7.3529 -4.3431
7.8984 -3.7377
7.6418 -3.4623
7.7460 -3.3292
8.1838 -3.7249
7.6429 -4.2976
8.0929 -4.6948
8.3903 -4.4290
8.4792 -4.5785
8.2063 -4.8536
8.5223 -5.1265
7.9860 -5.6937
8.1145 -5.8278
8.7850 -5.0965
8.4819 -4.8237
9.3653 -3.9801
7.5657 -2.3292
7.7241 -2.2109
8.2918 -2.7533
8.9795 -2.0150
8.4319 -1.4370
8.5493 -1.3268
9.2726 -1.9944
8.9770 -2.2781
9.1419 -2.4094
9.6952 -1.8310
9.8476 -1.9326
9.5713 -2.2200
9.7011 -2.3864
10.3993 -1.6251
10.1255 -1.3805
11.2341 -0.2146
10.4653 0.4760
10.1937 0.2087
10.0467 0.3404
10.4698 0.7648
11.6053 -0.3514
12.5781 0.6713
12.3236 0.9657
12.3982 1.0830
12.7078 0.8120
12.9883 1.0771
13.1607 0.9495
12.8765 0.6554
13.7604 -0.1592
13.6318 -0.3156
12.7237 0.5499
11.3757 -0.9460
11.1841 -0.7877
11.4724 -0.5215
11.3676 -0.3566
10.8969 -0.8060
11.4029 -1.1923
12.7542 0.2114
13.8829 -0.8485
14.1817 -0.5362
14.5827 -0.9728
14.4949 -1.1181
14.1747 -0.8228
14.0538 -0.9907
14.5116 -1.4268
14.8845 -0.9487
14.3433 -0.3868
14.8675 0.1985
14.5974 0.4213
14.7215 0.6171
15.0283 0.3339
15.7043 1.0740
15.2490 1.4357
14.9695 1.1403
14.8085 1.3162
15.1514 1.6084
14.6890 2.0275
14.5357 1.8766
14.8406 1.5574
14.1341 0.8679
13.2391 1.6684
13.1314 1.5062
13.7353 1.0029
13.4321 0.6951
14.1551 -0.0094
14.2754 0.1503
13.7497 0.6890
13.8802 0.8389
14.1271 0.5678
14.6716 1.1461
15.0011 0.9088
15.2757 1.1977
15.3995 1.0541
14.9946 0.5917
14.7483 0.8704
14.2626 0.4435
14.5993 0.1359
13.8897 -0.5801
13.7473 -0.4285
14.0457 -0.1682
13.1515 0.6651
13.4214 0.9565
12.4314 1.9170
12.2895 1.7927
12.8357 1.2681
12.6959 1.0964
12.4189 1.3835
11.6028 0.4650
9.2522 2.6719
8.8604 2.2760
9.1649 1.9631
8.9923 1.8422
8.5855 2.2199
9.1427 2.8341
8.7008 3.2586
8.3790 2.9543
8.0963 3.2326
7.7287 2.8124
8.1917 2.3783
8.2852 2.5294
8.0192 2.7818
8.1402 2.9420
8.4203 2.7040
8.6726 2.9741
8.8601 2.8091
7.7266 1.6456
8.0225 1.3566
7.7455 1.1004
8.2078 0.6434
8.7578 1.2862
8.8899 1.1307
8.5978 0.8462
10.0880 -0.5044
9.4347 -1.2723
8.9723 -0.8486
9.3883 -0.4445
9.5459 -0.5456
9.2430 -0.8152
9.3859 -0.9545
9.7919 -0.5164
9.0282 0.1396
8.8018 -0.1436
8.6374 -0.0364
8.9031 0.2861
8.4552 0.6722
8.2038 0.3756
7.6556 0.9304
7.3426 0.6677
6.9255 1.0477
7.0399 1.1976
7.3202 0.9380
7.7657 1.3701
7.2771 1.7770
7.1604 1.6418
7.4733 1.3226
7.3253 1.2166
7.0101 1.4875
6.7689 1.1943
6.4527 1.4753
6.2416 1.1875
5.7633 1.6208
5.9130 1.7376
6.1893 1.4963
6.3702 1.6116
5.9158 2.0417
5.6104 1.7502
5.3644 2.0122
5.0716 1.7118
4.7583 1.9630
4.4836 1.7059
3.7673 2.4110
3.8882 2.5477
4.4889 1.9811
4.7515 2.2436
5.0204 1.9719
5.1863 2.1500
4.7793 2.5577
4.4792 2.2373
3.8765 2.7839
3.4849 2.3821
4.4918 1.4324
4.7779 1.6720
5.0477 1.3990
5.3507 1.7384
6.2045 0.9031
6.4593 1.1920
7.2120 0.4672
6.6437 -0.0592
6.8031 -0.1847
7.1281 0.0743
7.6523 -0.4928
7.9698 -0.1658
8.0969 -0.3556
7.8160 -0.6089
8.0691 -0.8848
7.9706 -1.0136
7.6968 -0.7588
7.5123 -0.9090
7.9993 -1.3335
8.6902 -0.5668
8.5421 -0.4348
8.2185 -0.7498
8.0942 -0.5585
8.3620 -0.3414
7.6603 0.3750
7.4804 0.2251
7.8125 -0.0319
7.6753 -0.1979
7.2146 0.2183
7.6404 0.6562
8.2410 0.1229
8.4842 0.4048
8.6460 0.2842
8.3295 -0.0409
8.7754 -0.4466
9.0629 -0.1783
9.2231 -0.2654
8.6683 -0.8651
9.4036 -1.5930
10.6447 -0.2237
10.4697 -0.1098
10.2087 -0.3573
9.4884 0.3109
9.7443 0.5914
9.5025 0.8551
9.8769 1.2933
10.0333 1.1277
9.7245 0.8657
9.8869 0.7537
10.3218 1.1454
9.5845 1.8558
9.1730 1.4312
9.3468 1.2672
9.5698 1.5574
9.7511 1.4143
9.1747 0.8504
9.4595 0.5767
9.3401 0.4497
8.8996 0.8188
9.1636 1.1555
8.4129 1.8246
8.3093 1.6619
8.6196 1.3916
8.1947 0.9349
8.0533 1.0615
8.3017 1.3746
8.0426 1.6887
8.4523 2.1274
9.0093 1.5327
9.4509 1.9744
9.1378 2.3048
9.2628 2.3950
11.6034 0.2366
12.1384 0.7791
12.3103 0.6471
11.6179 -0.0646
10.4207 1.0281
9.7772 0.3311
10.1684 -0.1115
10.5020 0.1791
10.8852 -0.2417
9.7926 -1.4042
10.1241 -1.6491
9.9987 -1.8109
9.6884 -1.5701
9.4446 -1.8459
8.4991 -1.0209
7.8435 -1.7072
8.2895 -2.1530
8.4256 -2.0277
8.1519 -1.7566
8.2457 -1.6012
8.6797 -1.9924
8.3340 -2.4321
7.7266 -1.8708
7.0462 -2.6054
7.3232 -2.9343
6.6420 -3.6120
6.1697 -3.1975
6.3190 -3.0810
6.5976 -3.3213
7.0099 -2.8870
6.7520 -2.6108
7.0483 -2.3320
6.8651 -2.2223
6.4602 -2.6494
6.7447 -2.8911
6.6251 -3.0417
5.4369 -1.9695
4.6588 -2.8389
4.3120 -2.5884
3.7739 -3.1222
3.0183 -2.4704
3.2169 -2.2968
3.4548 -2.6030
3.7561 -2.2876
3.8955 -2.4013
3.6230 -2.7047
3.7686 -2.8849
4.2881 -2.2706
4.5750 -2.5539
4.7249 -2.4053
4.3217 -1.9744
4.0227 -2.2606
3.0246 -1.3560
3.1317 -1.2036
3.4549 -1.4220
3.5656 -1.3311
2.5812 -0.3450
2.2961 -0.6743
2.1222 -0.5221
2.3968 -0.2273
2.2552 -0.0742
1.7204 -0.6910
1.4191 -0.3674
1.1852 -0.6713
0.7471 -0.2672
0.8829 -0.1066
1.1511 -0.3804
1.2886 -0.2059
0.9767 0.0596
1.2599 0.2947
1.0762 0.4550
0.4272 -0.2501
2.0456 -1.7598
2.2818 -1.4914
2.4989 -1.6292
2.1889 -1.8879
2.6214 -2.3034
3.0334 -1.8608
2.8795 -1.7445
2.6226 -2.0399
2.4734 -1.8793
2.7528 -1.6254
2.4409 -1.3641
2.7263 -1.0107
2.5838 -0.9446
2.2836 -1.1784
2.0295 -0.9597
1.8806 -1.0413
2.1511 -1.3454
2.0262 -1.5232
1.3200 -0.7840
1.4250 -0.6788
1.7347 -0.9460
1.9832 -0.6511
2.2822 -0.9352
2.5778 -0.6645
3.0303 -1.0405
2.7435 -1.3528
3.6149 -2.1796
3.4881 -2.2893
3.1947 -2.0377
2.7586 -2.5023
4.0934 -3.7324
4.3571 -3.4077
5.1896 -4.2385
5.6282 -3.7753
5.3651 -3.5419
5.5152 -3.3633
5.9481 -3.7639
5.6360 -4.0605
5.9814 -4.3431
5.8058 -4.5189
5.4790 -4.2165
5.2452 -4.5109
4.3665 -3.7091
4.2466 -3.8656
5.8641 -5.3371
6.1024 -5.0436
6.5730 -5.4771
6.3865 -5.5895
6.1071 -5.3440
5.9970 -5.5059
6.7329 -6.1818
6.9641 -5.9001
7.1302 -6.0405
6.8454 -6.3205
6.9654 -6.4357
7.4133 -5.9859
6.9994 -5.5751
6.6848 -5.8888
6.5480 -5.7461
6.8121 -5.4409
6.5161 -5.1910
7.0982 -4.5681
6.8228 -4.3286
7.3328 -3.7468
7.2208 -3.6081
6.6536 -4.2030
6.3897 -3.9076
6.2096 -4.0905
6.4918 -4.3224
6.2633 -4.6431
6.3725 -4.7475
6.6721 -4.4836
6.7892 -4.6183
6.3708 -5.0237
6.1074 -4.7517
5.7886 -5.0566
5.3682 -4.6262
5.5058 -4.5095
5.8326 -4.7911
6.2335 -4.3588
5.9781 -4.0650
6.2167 -3.7803
5.3208 -2.9825
5.4650 -2.7803
5.7587 -3.0540
5.9244 -2.9282
5.4668 -2.4951
4.7405 -3.2650
4.9404 -3.3730
5.2011 -3.0998
5.3366 -3.2492
5.0808 -3.5458
5.3896 -3.8101
5.2157 -3.9488
4.3211 -3.1344
4.0810 -3.4300
3.9725 -3.2781
4.3105 -2.8501
4.6498 -3.1304
5.4605 -2.2604
6.1824 -2.9516
5.9076 -3.1899
6.6377 -3.8801
7.5981 -2.8704
7.3004 -2.6309
7.4467 -2.5074
8.7577 -3.7291
8.4729 -3.9982
8.6471 -4.1158
8.9261 -3.8546
9.0434 -3.9579
8.6533 -4.4227
8.3028 -4.1383
8.0433 -4.4125
7.9072 -4.3017
8.4801 -3.6745
7.7098 -3.0320
7.3029 -3.4489
7.6045 -3.7265
7.0861 -4.3496
7.9713 -5.1245
7.7743 -5.2865
7.2369 -4.7238
6.7912 -5.1882
7.7089 -6.0106
7.1247 -6.5804
8.4834 -7.8258
8.7300 -7.4980
9.1810 -7.9190
9.0364 -8.0418
8.7082 -7.8197
8.5884 -7.9672
9.0509 -8.3585
9.9870 -7.3321
9.5690 -6.9511
9.2802 -7.2175
9.1586 -7.0580
9.4137 -6.8308
9.1536 -6.5355
9.2819 -6.3847
9.8376 -6.9144
10.0865 -6.6358
10.2332 -6.7699
10.0253 -7.0466
10.1630 -7.2136
10.8357 -6.4651
10.6751 -6.3682
10.4225 -6.6109
10.1154 -6.3874
9.8282 -6.6339
9.0000 -5.8301
8.5218 -6.2724
8.6942 -6.4310
8.9713 -6.1060
9.1281 -6.2355
8.3309 -7.1206
8.4133 -7.2634
8.9943 -6.6448
9.1466 -6.7833
8.8780 -7.1068
9.2949 -7.5206
9.5857 -7.1915
9.7418 -7.3774
9.2885 -7.7946
8.7370 -7.2386
8.4450 -7.5557
7.7341 -6.8238
7.8366 -6.6849
8.1372 -7.0098
8.5566 -6.5553
8.2667 -6.2450
8.9517 -5.5157
9.8266 -6.3776
10.1005 -6.0893
10.4066 -6.3136
10.6748 -6.0306
10.9574 -6.3142
11.6783 -5.5836
11.4717 -5.4688
11.2296 -5.7415
11.1199 -5.6014
11.3339 -5.3105
11.0537 -5.0538
11.1808 -4.9041
11.7561 -5.4645
12.1856 -4.9899
11.8988 -4.7617
12.0502 -4.6004
12.3506 -4.8573
13.5943 -3.5624
13.2874 -3.2661
13.4436 -3.1221
13.7340 -3.3929
14.1089 -2.9374
13.9538 -2.8437
13.6951 -3.1536
12.9837 -2.4712
13.2288 -2.1706
13.0834 -2.0059
12.3898 -2.7232
12.8637 -3.1166
12.9760 -2.9835
12.6572 -2.7281
12.8216 -2.5784
13.2997 -2.9977
12.4593 -3.8401
12.5951 -4.0192
13.1436 -3.3834
13.2482 -3.5664
12.6083 -4.2759
12.1633 -3.8456
12.7227 -3.3075
11.9863 -2.5676
11.0559 -3.6359
11.3116 -3.9153
11.1590 -4.0329
10.8976 -3.7634
10.5902 -4.0844
9.9978 -3.5244
9.9086 -3.6538
10.1887 -3.9346
9.8984 -4.2627
10.1941 -4.5157
9.9519 -4.7790
10.0640 -4.9261
10.3490 -4.6251
10.4633 -4.7964
10.2338 -5.1016
10.5148 -5.3728
10.4026 -5.5030
9.7752 -4.9594
9.5313 -5.2554
9.0948 -4.8087
9.2064 -4.7041
9.5307 -4.9366
9.9189 -4.4739
9.5871 -4.2493
9.9051 -3.9266
9.6172 -3.6785
10.1630 -3.1027
10.0230 -2.9736
9.7595 -3.2452
9.4651 -2.9547
9.1788 -3.2701
8.7552 -2.8482
8.8717 -2.6659
9.1395 -3.0040
9.4504 -2.6602
9.7384 -2.9817
10.9648 -1.6710
10.6534 -1.3964
10.8293 -1.2509
11.2567 -1.6621
10.1308 -2.8299
10.4570 -3.1031
10.1820 -3.3566
10.6452 -3.7800
11.2638 -3.0689
10.9758 -2.7582
11.1632 -2.6520
11.4520 -2.9149
11.9919 -2.3282
12.2620 -2.5919
12.9471 -1.8671
12.6964 -1.5827
13.2221 -1.0280
12.7422 -0.6149
11.9565 -1.5129
11.8185 -1.3250
12.7522 -0.3071
13.5042 -0.9732
12.9313 -1.6152
13.5230 -2.1299
13.2528 -2.4482
13.6724 -2.8663
13.9548 -2.5326
14.2545 -2.7886
14.6652 -2.3763
13.7622 -1.5631
13.9204 -1.3797
14.8155 -2.2269
15.2248 -1.7744
14.9136 -1.5200
15.0606 -1.3512
15.3427 -1.6695
16.5931 -0.3711
15.8338 0.3475
15.1810 -0.3492
15.3165 -0.5259
15.8669 0.0368
16.0213 -0.0737
15.3426 -0.7904
14.8958 -0.3627
15.8913 0.6220
16.7503 -0.2028
17.4231 0.5436
16.3655 1.4835
16.2490 1.3886
16.8503 0.7661
16.7121 0.6600
16.0003 1.3307
16.2435 1.5929
14.6640 3.1525
14.3661 2.8928
13.7719 3.4166
13.2331 2.8340
12.9663 3.1096
12.6673 2.8040
12.2151 3.2101
12.5033 3.5239
12.2371 3.7758
12.4817 4.1034
11.8893 4.6450
12.2035 4.9216
11.7415 5.3442
11.4544 5.0044
11.2876 5.1636
11.7312 5.6143
12.7840 4.6464
12.6150 4.4939
12.3432 4.7734
12.1781 4.6171
13.2445 3.6567
13.4524 3.9455
13.6637 3.8195
13.2433 3.4028
12.6248 3.9477
12.5122 3.7648
12.7950 3.5182
12.5325 3.2049
12.6653 3.0762
12.9499 3.3528
13.2208 3.0741
13.7720 3.6712
14.3610 3.1729
14.5026 3.2377
13.1874 4.4726
13.0688 4.3448
13.3632 4.1055
13.1932 3.9385
12.7693 4.3888
13.0280 4.6594
11.4200 6.1381
10.4663 5.1398
10.7808 4.8659
10.6397 4.7514
9.4253 5.8104
8.9169 5.1957
8.7796 5.3581
9.0364 5.6611
8.7428 5.9572
8.8971 6.1019
9.1782 5.8317
9.4326 6.0810
9.7044 5.8315
10.1752 6.2486
9.5807 6.8037
9.8406 7.0896
9.5758 7.3554
9.7096 7.4974
10.7187 6.5739
10.5866 6.4340
9.9906 6.9719
9.8529 6.7909
10.7579 5.9990
10.5890 5.8516
10.3186 6.1127
9.8670 5.7073
10.3543 5.2646
10.4430 5.4255
10.1537 5.7138
10.2868 5.8414
10.6004 5.5817
11.2895 6.3250
11.1131 6.4269
10.8533 6.1717
10.7241 6.2534
10.9535 6.5698
8.4958 8.8809
8.1083 8.5038
8.4070 8.1688
8.2853 8.0418
7.9330 8.3134
7.5552 7.8923
8.2598 7.2044
8.5545 7.5184
9.0260 7.0748
8.8405 6.9112
8.5543 7.2314
8.0336 6.6475
7.2894 7.3121
7.4131 7.4576
8.0062 6.9042
8.1339 7.0538
7.4313 7.7186
5.8709 6.1300
6.1990 5.8311
5.4979 5.1297
5.3437 5.2801
5.9134 5.8288
5.7504 5.9902
4.5159 4.6628
5.1293 4.1399
4.8694 3.8262
5.1517 3.5383
4.9954 3.4422
4.4254 3.9528
4.1392 3.7071
3.9973 3.7664
4.4204 4.2747
4.6805 3.9846
4.8256 4.1208
4.3718 4.5210
3.4667 3.5061
3.5535 3.3696
3.8860 3.6507
4.4183 3.1267
4.5693 3.2786
4.3021 3.5023
4.4248 3.6941
4.9876 3.1413
5.9779 4.1265
5.6855 4.4544
5.8210 4.5950
6.1093 4.3003
6.7593 5.0123
6.5362 5.3010
6.6305 5.4419
6.9425 5.1714
7.4663 5.7549
7.7356 5.4687
8.0268 5.8019
8.1722 5.6259
7.8841 5.3603
8.7913 4.4966
8.3598 4.0927
8.0824 4.3529
7.8004 4.0750
7.4802 4.3347
7.2514 4.0547
6.8248 4.4526
6.9301 4.5770
7.2190 4.3452
7.6528 4.7665
7.3684 5.0489
7.4807 5.2109
7.9610 4.7833
7.6682 4.5084
7.7896 4.3214
8.1016 4.6500
8.4111 4.3628
8.5371 4.5288
7.5241 5.4737
7.0439 5.0198
7.3816 4.7845
7.2286 4.6476
6.9125 4.8760
5.6918 3.5413
6.2822 3.0460
6.1285 2.8958
5.5307 3.4264
5.4153 3.3004
6.4313 2.3321
6.8597 2.7936
6.7154 2.8851
6.4673 2.5888
6.2879 2.7652
6.5814 3.0256
5.9701 3.5601
6.7051 4.3089
7.5444 3.4612
7.6835 3.6014
7.4183 3.8987
7.5360 4.0300
7.8160 3.7902
8.1143 4.0633
8.3898 3.8251
9.2113 4.6381
9.8041 4.1226
10.2201 4.5881
9.4861 5.2747
9.3472 5.0890
9.9452 4.5786
9.7484 4.4024
9.2042 4.9359
8.9394 4.6943
8.1789 5.3436
8.4766 5.6688
8.1976 5.9305
8.7131 6.4943
8.5894 6.6400
8.0050 6.0665
7.4430 6.6176
6.8834 6.0129
6.7422 6.1614
7.2720 6.7445
7.1405 6.9014
6.4464 6.1304
6.8939 5.7659
7.4601 6.3549
7.9220 5.9172
7.7712 5.7629
7.4831 6.0299
6.9467 5.4493
6.5942 5.7372
5.9233 4.9788
6.0759 4.8495
6.3826 5.1709
6.5048 5.0348
6.1352 4.5833
5.7895 4.8375
5.5429 4.5565
5.2266 4.8174
5.0645 4.6967
5.6725 4.1153
5.2768 3.6619
5.1080 3.8265
5.3689 4.1224
4.8374 4.6678
5.1973 5.1230
5.5126 4.8588
6.4658 5.8469
6.1749 6.1541
7.1713 7.1668
7.9946 6.3366
8.5693 6.8858
9.1496 6.3814
9.2769 6.5080
8.9827 6.8068
9.2815 7.1186
9.0117 7.3626
9.2416 7.6430
8.8131 8.0973
8.6618 7.9078
8.9682 7.6205
8.8684 7.5077
8.5441 7.7561
8.2950 7.4969
7.8078 7.8938
7.9768 7.9943
8.2843 7.7395
8.6589 8.1817
8.3813 8.4968
8.5253 8.6244
9.5269 7.6741
9.2540 7.3460
9.5510 7.0983
9.2638 6.8099
9.8492 6.2499
9.7293 6.0841
9.4320 6.4223
9.2000 6.0793
8.8436 6.3795
8.4700 5.9051
8.7830 5.6697
8.4495 5.3693
8.9445 4.9682
9.4566 5.5568
10.6369 4.4588
10.8834 4.7177
11.7988 3.9112
11.9061 4.0792
10.7737 5.1582
11.4538 5.8650
11.5904 5.7308
11.0414 5.1707
11.4723 4.7547
11.7723 5.0346
11.9093 4.8678
11.5876 4.6161
12.2227 4.0675
11.9505 3.7840
12.2263 3.4755
11.9189 3.2118
12.9897 2.2476
13.0820 2.3908
12.8221 2.6956
12.9464 2.8084
13.2136 2.5213
13.5261 2.8576
14.1297 2.2914
14.2257 2.4343
13.6850 2.9617
13.7894 3.1547
14.4034 2.5856
14.6213 2.8581
15.6657 1.8701
15.5454 1.7297
14.6950 2.5841
13.9974 1.8233
14.2354 1.5634
14.1130 1.4161
13.6888 1.8728
13.9614 2.1502
13.5276 2.5168
12.9593 1.9348
12.3691 2.4862
12.1319 2.2088
12.0175 2.3535
12.2498 2.6818
11.6786 3.1694
11.9588 3.4620
10.9196 4.4297
10.6159 4.1565
10.3687 4.4180
9.9587 3.9788
10.2682 3.7248
9.6578 3.1377
10.1488 2.7164
10.3764 3.0334
11.0959 2.3386
10.8458 1.9960
10.9537 1.8990
11.3002 2.1916
11.4237 2.0262
11.1680 1.7623
11.6129 1.3422
11.8428 1.6204
11.9859 1.4869
11.6111 1.0618
10.5460 2.0269
10.8552 2.3087
10.4028 2.7295
10.0858 2.4339
9.3879 3.1506
9.9243 3.7188
9.2076 4.3646
8.8176 3.9551
9.0945 3.6717
8.9665 3.5470
8.6806 3.8135
8.4040 3.5513
8.0825 3.7971
7.5544 3.2201
6.6896 4.0368
6.2801 3.5666
7.6977 2.2230
7.5718 2.0674
6.9666 2.6150
6.5938 2.1687
6.9084 1.9278
6.7339 1.7471
5.8710 2.6290
5.5802 2.2982
5.4604 2.4681
5.7526 2.7435
5.2644 3.1399
5.0422 2.8310
4.6798 3.1210
4.4580 2.8646
3.8342 3.3910
3.5894 3.1047
3.2892 3.3837
2.3647 2.3506
2.5032 2.2183
3.0358 2.7561
3.2008 2.6619
2.6065 2.0622
3.0419 1.6488
3.3344 1.9545
4.4974 0.8357
4.7755 1.1415
5.3927 0.5995
5.5237 0.7592
5.2290 0.9915
5.3523 1.1815
5.7617 0.7313
5.4869 0.4578
5.9250 0.0435
6.4556 0.6240
6.6587 0.4861
5.8458 -0.3888
5.9335 -0.5365
6.2167 -0.2493
6.8253 -0.8151
7.1006 -0.5344
7.2709 -0.6466
6.1618 -1.7736
6.2650 -1.9189
6.8409 -1.3482
7.1244 -1.6422
7.3802 -1.3409
7.5353 -1.4444
7.1400 -1.9202
6.8351 -1.6388
6.2680 -2.2092
5.8526 -1.7750
6.7044 -0.9346
6.2690 -0.5449
5.7363 -1.1112
5.5512 -0.9594
5.8156 -0.6496
5.5584 -0.4136
5.7881 -0.0881
4.7600 0.8532
3.8353 -0.1722
4.4266 -0.6823
4.1394 -1.0501
4.8707 -1.7348
5.0355 -1.5302
4.4168 -0.9853
4.7014 -0.6686
4.4181 -0.4659
4.5284 -0.2724
5.0010 -0.6708
4.7425 -1.0003
5.3009 -1.5376
4.8882 -2.0111
4.3034 -1.4205
3.9882 -1.7269
3.8982 -1.5949
4.1383 -1.3101
3.8370 -0.9894
4.1532 -0.7455
3.1191 0.2508
3.0175 0.0920
3.5629 -0.4585
3.4398 -0.6031
2.7063 0.0569
3.3832 0.8510
3.4948 0.6934
3.2566 0.3890
3.6660 -0.0295
4.4001 0.7091
3.3321 1.6469
3.1037 1.3853
2.1735 2.2102
1.2577 1.1772
1.9777 0.5155
2.5114 1.0456
2.6437 0.9499
1.6792 -0.1052
1.5738 0.0591
1.8474 0.3250
1.0817 1.0056
7.9609 5.6633 17.0449 0.1430
3.1799
