142
-0.1023 0.0972
-0.2806 0.6885
-0.9138 0.5561
-0.8069 0.1477
-0.9991 0.1083
-1.1275 0.4913
-2.1359 0.2388
-2.0501 -0.1529
-2.2873 -0.2183
-2.4277 0.3652
-2.0325 0.4982
-2.2315 1.5380
-2.6923 1.4465
-2.7623 1.6390
-1.6520 1.8947
-1.6496 1.6709
-2.0221 1.5862
-1.9181 0.9212
-1.4580 1.1010
-1.4514 0.8479
-1.8078 0.7542
-1.7706 0.5467
-0.3483 0.9388
-0.6646 2.3520
-1.1292 2.2655
-1.1743 2.4696
-0.7271 2.5593
-0.9784 3.6023
-1.6265 3.4415
-1.5493 3.0289
-1.9441 2.9241
-1.8333 2.4905
-2.4550 2.3598
-2.6471 3.1846
-3.0969 3.0974
-3.1552 3.2634
-2.5421 3.4621
-2.3218 2.6058
-2.0724 2.6764
-2.2157 3.0783
-1.7557 3.1691
-1.8519 3.5828
-1.0916 3.7811
-1.1117 4.0304
-2.1401 3.7845
-2.0808 3.3592
-2.2544 3.2777
-2.3819 3.7294
-4.2319 3.2288
-4.0801 2.6097
-3.6963 2.7266
-3.6178 2.5083
-4.2331 2.3530
-4.3392 2.7448
-4.7243 2.6475
-4.8102 2.8903
-4.4021 2.9948
-4.4217 3.1992
-5.0441 3.0073
-4.7019 1.5772
-3.4333 1.8883
-3.2605 1.2527
-3.7328 1.1485
-3.3413 -0.3084
-2.9118 -0.1565
-2.8990 -0.3865
-3.8940 -0.6680
-4.0889 -0.0077
-3.8827 0.0205
-3.7990 -0.3939
-3.5814 -0.3295
-3.9501 1.3486
-3.5478 1.4539
-3.6328 1.5967
-4.6641 1.3567
-4.3533 0.3430
-4.1958 0.3558
-4.4174 1.2244
-4.1985 1.2339
-3.9166 0.2285
-4.3427 0.1251
-4.0889 -0.9142
-2.5860 -0.5699
-2.8957 0.6789
-2.4978 0.7919
-2.5821 1.0172
-3.1742 0.8410
-2.9704 0.0250
-3.2291 -0.0031
-3.4122 0.9940
-3.0130 1.0955
-3.2455 1.9764
-2.8038 2.0424
-2.9910 2.6553
-3.1925 2.6292
-3.0795 2.1891
-4.5336 1.8546
-4.7350 2.4892
-4.4837 2.5472
-4.3996 2.0888
-3.3477 2.3602
-3.5090 2.9725
-3.9289 2.8613
-4.0047 3.1133
-3.3446 3.2282
-3.2236 2.8403
-2.8139 2.9440
-2.6364 2.0696
-1.6198 2.3863
-1.6837 2.7913
-1.2941 2.8688
-1.3780 3.3007
-1.1765 3.3270
-1.0309 2.7512
-1.4506 2.6197
-1.0435 1.1484
-0.8782 1.1846
-1.0455 2.0237
-0.8813 2.1327
-0.5886 1.0687
-1.2484 0.9265
-1.3362 1.2948
-1.7522 1.2131
-1.7978 1.4551
-1.4104 1.5537
-1.5078 2.1961
-2.9970 1.7792
-2.8050 1.1588
-2.4295 1.2947
-2.2831 0.6612
-2.6390 0.5206
-2.3749 -0.5153
-1.3915 -0.2211
-1.4111 -0.0095
-1.8656 -0.0999
-1.9249 0.0694
-1.3033 0.2146
-1.1991 -0.1969
-0.5239 -0.0308
-0.6254 0.4034
-0.4186 0.4245
-0.3488 0.0262
-1.1697 -0.5267 -4.2418 3.1506
0.5188
