142
0.0557 -0.0857
-0.0392 -0.4469
0.3415 -0.5127
0.3650 -0.2760
0.5032 -0.3003
0.4383 -0.5648
1.0594 -0.7104
1.1333 -0.4438
1.2306 -0.4959
1.1443 -0.8439
0.9160 -0.8055
0.7607 -1.4087
0.9968 -1.4438
0.9817 -1.5690
0.3496 -1.4385
0.3777 -1.3084
0.6313 -1.3884
0.7220 -1.0039
0.4861 -0.9709
0.4945 -0.8330
0.7460 -0.8796
0.7680 -0.7575
-0.0586 -0.5662
-0.2908 -1.4262
-0.0182 -1.4836
-0.0438 -1.6118
-0.2987 -1.5403
-0.4594 -2.1427
-0.0919 -2.2200
-0.0098 -1.9777
0.2336 -2.0580
0.2736 -1.8120
0.6667 -1.8767
0.5246 -2.3865
0.7676 -2.4097
0.7524 -2.5711
0.3949 -2.4821
0.5000 -1.9890
0.3621 -1.9410
0.3305 -2.1956
0.0859 -2.1552
0.0037 -2.3593
-0.4839 -2.2716
-0.5015 -2.3910
0.1254 -2.5259
0.1503 -2.2771
0.2759 -2.3091
0.2188 -2.5678
1.3262 -2.8040
1.4033 -2.4649
1.1529 -2.4115
1.2025 -2.2963
1.5642 -2.3450
1.5165 -2.6210
1.7628 -2.6840
1.7269 -2.7671
1.4735 -2.7166
1.4618 -2.8462
1.7987 -2.9267
2.0188 -2.0852
1.3037 -1.8992
1.3711 -1.5346
1.6118 -1.6116
1.8209 -0.7637
1.5612 -0.7009
1.6009 -0.5700
2.1891 -0.7214
2.1033 -1.0927
1.9857 -1.0499
2.0493 -0.8223
1.9330 -0.7846
1.6899 -1.7586
1.4626 -1.6900
1.4396 -1.8073
2.0388 -1.9572
2.1941 -1.3657
2.0671 -1.3160
1.9706 -1.8056
1.8245 -1.7964
1.9529 -1.1888
2.2048 -1.2391
2.3473 -0.6286
1.5235 -0.4417
1.3282 -1.1513
1.1003 -1.0772
1.0780 -1.2126
1.4506 -1.2879
1.5349 -0.8225
1.6592 -0.8382
1.5128 -1.4656
1.2879 -1.4068
1.1564 -1.8597
0.9177 -1.8237
0.8273 -2.1920
0.9644 -2.2176
1.0177 -1.9798
1.8569 -2.1720
1.7850 -2.5261
1.6516 -2.5032
1.7139 -2.2627
1.1015 -2.1201
1.0250 -2.5009
1.2426 -2.5578
1.2280 -2.6651
0.8685 -2.5940
0.9391 -2.3236
0.6937 -2.2769
0.8001 -1.7982
0.2037 -1.6541
0.1436 -1.9089
-0.1148 -1.8323
-0.1858 -2.0712
-0.2953 -2.0460
-0.2086 -1.6886
0.0344 -1.7290
0.2441 -0.9063
0.0932 -0.8770
-0.0100 -1.3506
-0.1073 -1.3181
0.0314 -0.7335
0.3870 -0.8051
0.3505 -1.0466
0.5843 -1.1219
0.5305 -1.2122
0.2999 -1.1756
0.2110 -1.5393
1.0835 -1.7150
1.1583 -1.3501
0.9085 -1.3030
0.9825 -0.9532
1.2417 -1.0148
1.3870 -0.3840
0.7619 -0.2464
0.7462 -0.3643
1.0071 -0.4255
0.9823 -0.5343
0.6023 -0.4639
0.6458 -0.2149
0.3072 -0.1324
0.2500 -0.3829
0.1104 -0.3351
0.1857 -0.1077
1.3995 -1.6439 1.2602 -1.6829
0.0286
