910 19
97221 17
49847 15
30477 4
32938 6
91648 7
9168 6
32158 3
69335 0
78876 5
68768 18
43412 17
80061 14
82112 12
72481 8
71149 11
24450 5
24010 0
93285 15
9115 3
82942 0
17648 16
96894 12
81482 10
8806 2
93014 6
87900 11
83181 14
28845 14
21049 3
34292 15
90504 18
47574 1
87262 4
91160 15
13747 14
14691 9
69096 9
88104 13
30425 3
56496 1
44946 9
9807 16
90365 12
63270 16
29085 5
67344 5
20664 9
4513 13
75864 11
96269 9
48769 17
59819 8
93296 3
74799 8
74299 2
53900 18
94524 18
78962 1
18459 18
94065 15
25952 15
74249 10
35000 3
66058 4
6420 18
7719 18
86750 0
33846 17
63281 11
56287 0
26281 4
51809 6
196 5
77779 18
94357 12
452 14
16604 4
44231 14
20491 10
31539 4
80478 2
13424 17
39780 14
64368 14
32002 8
70573 15
77518 3
1708 8
23872 8
2337 17
14843 7
85814 11
52224 17
35904 2
46137 3
25584 15
83437 9
80314 0
70422 2
53796 2
6742 10
41554 8
25472 0
19078 16
34344 0
72107 5
74653 12
63799 18
67956 14
26453 4
81093 16
88555 13
51426 16
3475 15
33285 1
83225 12
14318 15
738 17
50872 16
88073 1
10782 0
75733 17
57560 1
60240 13
28336 18
5513 13
74916 17
5956 3
14671 15
55836 3
24546 8
51523 4
5538 14
7878 15
25337 8
17111 10
47660 14
96898 7
49457 9
48560 1
86076 16
30486 11
13809 16
15331 13
35983 8
1210 8
7914 18
79654 11
46663 3
64321 14
91689 17
37135 14
85965 0
5701 2
74550 15
67200 5
18588 17
25732 13
29143 16
68731 3
84103 17
43231 16
81009 16
90532 8
15422 5
55852 4
83191 7
92605 2
98025 4
83367 2
54546 3
97129 15
73581 17
89722 12
33911 2
14136 9
84272 4
28676 17
41328 13
81716 8
78537 12
1986 17
83670 10
57981 9
36554 14
58188 1
67554 10
2910 10
39355 6
17987 12
90871 4
54581 5
89274 17
21197 8
71711 3
84639 2
91057 9
20920 2
27427 7
20756 17
87320 0
2533 2
86046 14
44224 18
5859 2
37101 14
95313 11
82866 8
28037 15
70668 13
70645 16
99858 7
1762 14
6605 16
16261 10
61276 17
40722 14
68086 2
9006 7
86958 11
33534 16
13193 14
78733 16
19083 0
8384 17
44254 12
57942 14
40220 9
76401 4
69314 12
17996 11
42865 13
41030 6
63464 0
26742 5
89188 1
61783 3
83516 10
75754 16
19550 2
2940 13
53413 2
21793 3
54551 1
10647 16
63075 3
58829 2
54403 4
22755 7
18263 9
57282 8
36060 7
91619 14
84284 6
53166 3
56221 9
64841 14
8437 0
96326 6
95923 2
92176 13
99419 17
41320 3
50768 15
36158 12
43804 5
37512 1
94175 1
61988 12
56451 16
87454 3
88472 13
29306 0
48438 1
84200 6
84971 1
60677 5
72709 0
1325 4
33078 18
23515 5
46178 1
65814 6
15189 17
24896 5
24172 14
41225 1
12502 14
26906 17
52970 9
1670 9
18545 0
91806 9
71141 16
39419 13
45855 9
8321 18
57835 8
4684 9
10046 11
88326 8
91626 2
67905 15
31074 12
19770 1
60667 3
7195 13
80488 13
95896 16
46718 6
93092 5
76119 14
22843 3
36523 6
47650 12
15694 4
92322 5
86532 5
32518 4
94523 16
64881 4
9802 2
27335 15
92172 4
34443 4
47942 17
91692 8
43770 18
12043 1
89321 16
91448 11
5523 18
8190 13
9685 1
98744 13
76151 15
78130 14
77637 14
16978 4
15740 2
14784 4
68633 15
86360 5
88598 3
31400 15
58735 7
47609 3
91064 14
24219 13
51879 17
37345 4
44728 8
54843 16
47522 13
38480 3
23997 1
46040 2
52669 1
94624 13
87429 2
68546 18
76561 3
51057 2
66796 9
80173 15
93210 17
97636 5
25983 10
68744 16
47259 5
56658 13
79505 6
61989 4
5001 2
20195 10
7020 12
94912 0
28249 2
99100 11
7272 14
12055 2
23418 15
84506 11
29825 2
10145 4
69005 18
67523 16
47090 9
91410 1
22691 8
24283 11
11455 0
27651 18
47975 0
10705 14
6012 2
50210 9
94914 10
32902 3
73760 4
29192 3
25366 8
26533 15
45815 12
27810 11
39503 7
46491 15
88087 16
78058 15
29162 0
42649 12
39117 17
74630 16
69726 5
74807 11
12479 7
27288 3
68968 3
39921 1
93762 1
25675 3
54357 10
87060 7
29517 0
97683 18
34223 10
78046 11
92676 14
76594 14
80677 12
44787 15
16338 6
38857 11
52448 0
57660 3
76261 8
89233 9
48369 4
24279 16
70655 10
28885 2
81026 13
88827 7
5571 5
20900 9
74074 6
15936 10
80513 7
89500 14
84019 13
77940 1
37293 10
24479 2
84649 4
53058 15
66015 0
12978 6
77535 14
48702 11
33534 13
92145 2
89548 8
85755 18
98059 18
16149 2
76274 14
95551 11
9550 3
93749 6
29408 5
13722 16
99359 12
27962 3
97608 9
30470 7
37202 2
68372 8
75420 11
11337 15
84844 1
84211 1
37182 13
53395 9
76488 15
71837 4
97997 7
23176 6
97505 8
53683 9
72677 6
25973 14
68559 9
22267 5
92254 9
39751 14
65839 6
88646 3
43015 6
16738 1
86759 1
7997 10
33413 9
78091 9
24007 17
79032 18
5277 4
59943 14
60946 13
79539 6
98561 10
53745 7
56176 14
25209 3
19567 7
35458 2
98728 18
83331 2
6005 10
21402 17
43251 8
84145 18
4456 6
51430 5
23861 4
24384 7
62283 14
80561 16
77764 6
46032 15
55827 4
32887 8
54107 8
13311 11
79818 13
48784 5
40357 1
13094 15
59677 11
72255 0
48996 17
34831 0
95614 12
19616 9
2251 12
19134 7
83341 16
9543 0
18468 6
60508 13
71296 12
47880 9
33067 13
62645 8
90732 8
65954 1
18920 9
69624 4
64318 11
80565 6
88252 10
21321 9
16551 1
33291 0
55640 13
74317 13
33442 15
64633 17
73618 8
51752 13
38062 16
60536 2
67101 7
4815 12
34605 9
60030 14
99457 16
7276 8
21763 18
53226 1
41378 5
15388 18
72908 17
50294 17
28503 15
53119 14
18448 0
59995 6
33043 3
43194 2
23978 3
96499 12
13244 13
23413 10
65572 0
47168 10
41549 8
39448 5
52856 0
40117 4
76126 7
99454 14
82349 5
75177 9
51052 16
7368 18
75399 14
70350 6
73408 1
64483 6
299 9
18104 3
26224 0
23601 14
10398 17
98581 6
20087 15
56528 13
33572 14
80161 7
93570 0
87443 4
16400 11
94309 2
61683 0
18585 5
75041 11
49194 12
59837 1
71459 1
76942 3
51119 3
50378 16
71190 15
57178 13
61707 5
41018 11
64410 18
83874 0
19658 0
80247 12
13205 15
29840 10
88039 11
88641 13
74156 12
22786 9
14245 6
81701 14
82061 14
98038 0
64950 11
49643 15
59984 5
41361 13
32693 11
20247 7
29936 8
36391 8
78697 14
30006 5
44067 3
37726 15
96673 3
31827 18
25438 7
12642 1
10428 9
35446 14
36573 0
32863 13
22742 7
74576 12
84660 17
46917 0
39010 16
64466 1
59987 16
23451 17
73206 3
75257 4
28344 3
49284 16
60819 18
49752 5
8725 16
91158 14
85573 17
13666 1
41132 9
55453 12
78963 5
28421 6
80278 15
38033 13
72440 2
9481 4
32311 11
7345 13
46064 7
53213 8
64508 15
11298 7
72528 17
96522 6
14464 16
14011 17
16634 5
97121 1
22933 18
60250 6
91184 15
64269 5
76769 6
20962 2
48280 2
48404 11
54931 2
23616 2
98684 9
70780 7
53290 16
41730 13
1529 8
53619 8
24001 18
59197 1
97499 15
74629 15
66854 15
63995 5
64118 5
10460 14
30889 2
92695 3
5265 3
10531 1
62190 4
74627 16
64239 17
20268 6
79508 8
94064 7
59337 1
33712 15
5476 18
48604 15
43571 3
81047 0
54447 0
91062 12
63796 2
53304 12
66439 11
56588 6
6889 0
87415 14
14515 7
4155 0
41532 1
89688 15
19213 2
27559 5
30567 0
29781 10
31442 12
84049 6
51166 14
57546 3
11697 13
37522 14
42589 13
35262 2
16685 6
70482 11
89981 10
47830 1
24639 0
57488 6
21695 16
4626 12
60296 11
34917 10
36385 17
11203 10
26832 18
69059 2
14544 16
93594 16
608 18
88059 16
53678 12
63173 7
77551 3
89573 3
15815 3
57010 1
53096 13
23520 0
20163 4
41280 12
2507 18
27584 18
24918 0
50400 13
46500 9
51607 11
59723 3
9311 13
61465 7
25951 11
34747 14
7228 16
23925 18
35876 1
22374 2
69084 16
84641 18
82693 9
92879 5
27261 6
67203 1
18166 17
83069 17
32639 13
76122 8
61772 15
63722 9
25445 11
84804 3
74095 9
6620 9
91963 0
25222 5
12886 18
54931 16
64695 0
7489 8
53034 12
75742 3
14011 4
11593 6
43152 8
64498 4
41936 3
66386 11
40851 11
55913 14
11160 3
56814 0
16130 15
98803 4
41650 10
83611 2
21490 15
15025 8
55617 6
12008 17
52649 16
93556 18
90254 1
33037 16
44657 10
17237 15
24819 8
19603 4
94137 14
4175 3
7352 2
48331 7
3669 13
61089 6
19987 4
68928 1
23652 4
58058 12
99385 2
29695 15
55134 18
28823 16
86236 18
92317 11
58251 11
32987 9
17117 9
60654 2
34510 17
86112 14
80432 6
85406 11
62854 5
23400 1
31464 16
25195 14
32144 8
89160 12
51044 6
62152 15
99350 7
58476 14
9273 2
1194 0
78442 0
7573 5
50311 14
87788 7
5982 17
60210 1
25604 0
45640 5
81287 1
