9059 37
83034 4
73737 4
46524 13
76726 3
37142 0
53776 22
1896 10
77086 33
59689 25
8341 16
13289 10
4723 27
47919 32
24270 4
76334 1
53009 12
70005 24
83953 13
132 29
35724 23
28239 29
55566 14
61861 13
77795 7
38726 2
54727 6
56371 24
72067 30
92782 4
40276 29
34552 1
42482 1
62914 2
46834 22
89071 22
54183 31
95514 10
39893 3
88115 21
28771 36
80132 29
51871 16
19691 1
61598 1
51607 32
9873 30
83917 31
8007 35
31620 12
78327 14
3397 29
64930 30
20213 18
70528 3
64756 30
54360 26
54814 27
3724 13
47088 16
52733 15
23192 25
25298 20
99045 12
38557 33
93054 16
36294 10
65229 0
96971 30
20949 27
2923 25
7923 12
84560 23
52886 27
46745 19
56014 18
35358 25
44631 25
11590 9
53336 19
23762 0
15724 22
63417 30
70755 33
98712 3
76813 29
67095 13
61992 25
98610 18
84464 36
50990 26
92016 11
80492 23
13881 36
57719 10
29509 18
92476 35
74849 15
43566 26
2503 29
59913 0
58534 30
94273 8
89891 29
74344 28
81419 7
85110 14
25318 33
29163 6
61864 25
73354 9
18683 21
7531 3
41453 7
75303 3
87103 27
93430 0
76907 7
17809 2
10667 19
27791 18
38006 20
72701 22
54121 10
15220 18
51418 13
2475 15
9260 15
33523 8
23768 5
70915 29
63619 33
66485 26
48725 31
39519 35
75912 27
68451 19
45017 28
62852 27
82536 33
8397 1
48403 12
81701 35
47782 24
47020 31
58225 31
27235 6
40723 30
88116 3
806 3
12758 24
84402 0
91534 17
21334 31
16351 15
59816 14
18617 26
83929 18
81573 5
10393 2
64121 32
78226 19
60942 34
16385 35
49762 22
9936 30
4871 8
70673 25
16800 10
6550 27
53595 29
72717 26
63716 9
76686 10
88015 6
67947 27
40650 23
80971 22
46510 32
80000 6
15422 7
69898 34
86141 19
2464 35
30190 11
4426 9
90966 18
41811 24
41894 30
33045 13
16375 25
99240 32
28151 34
36659 3
9342 5
53818 18
58050 31
94372 26
61056 3
54872 22
92905 12
88666 26
50705 22
43677 3
67808 14
24762 19
44273 15
48662 24
15450 6
85809 24
78893 1
56484 14
13857 19
98121 12
45779 10
89689 31
88100 27
17261 29
67372 11
71161 3
40964 20
51954 10
30238 6
53351 34
62346 16
89771 3
36370 36
64078 7
13706 7
83298 1
19693 33
56378 12
82115 4
27681 1
34740 10
73835 32
72523 19
86906 29
86041 36
28739 24
76127 16
85944 8
42236 33
39594 18
2704 23
91584 7
55903 18
23174 3
84976 33
54357 7
55130 33
97244 20
79068 22
10107 25
67332 36
79592 19
50811 10
30690 18
11289 9
71312 28
3217 17
85730 11
58431 9
9420 13
24661 33
635 33
99909 5
21585 30
53902 5
41801 33
19967 10
54926 16
15605 20
76023 20
11857 3
82260 9
58031 20
36366 20
29820 5
90700 24
77484 30
85558 1
16831 13
82872 28
754 3
34751 32
55421 31
73463 33
90017 34
9930 34
42862 28
83179 25
22378 20
55639 4
99151 1
42711 28
86230 28
47333 18
76090 11
12955 8
97638 12
81962 33
53463 3
71411 31
94678 19
85022 7
94898 14
83742 19
56675 13
67088 12
94962 24
13468 18
33896 36
42267 5
11776 16
69079 23
97271 22
87400 35
85501 4
93033 15
32137 31
3061 35
29272 11
75130 34
46344 16
48463 26
97460 34
34993 1
37419 22
90583 14
82894 36
90520 26
94657 5
94506 22
56083 33
36698 17
12019 32
67430 5
97723 31
38572 10
23853 1
37390 29
48984 32
64341 10
33353 13
87846 14
90681 12
30309 34
40719 28
34846 29
60237 12
50439 3
39312 15
74572 6
2628 11
39378 17
49594 26
35782 9
59916 21
92012 2
43176 6
47538 32
63312 22
40531 13
3182 33
9952 25
9616 1
87847 12
79677 26
2264 9
79681 33
47929 21
53286 21
28922 11
96245 15
52664 3
85196 1
7298 10
47434 2
79493 7
62608 36
8154 3
99451 17
34912 15
84705 24
37265 9
67012 18
36455 23
21651 17
34466 7
42154 13
96878 11
8627 36
75637 36
74516 6
65739 9
22082 33
11552 2
17142 32
17310 23
73744 26
21296 22
15370 0
19174 22
33859 2
80163 10
17818 7
66098 8
60857 13
24350 30
79362 15
67561 32
85273 16
64678 20
25561 16
64102 23
10344 21
32965 5
55425 18
56118 6
48629 11
8026 3
2627 29
16464 13
17377 29
61792 28
40282 12
23879 25
67068 8
93401 5
68729 10
96338 7
51165 18
29399 28
79516 30
86830 16
93515 14
6667 2
91331 27
15048 8
27036 11
5257 25
66740 6
6148 29
19555 2
19739 28
25738 14
96479 2
75836 1
97672 21
82920 6
49164 27
36966 8
69023 3
4054 25
87277 2
21360 31
83538 14
34259 19
43146 27
3620 10
53961 13
78370 35
82400 36
74752 3
9965 4
93349 33
38784 30
40291 30
2622 36
29845 31
20991 34
47031 12
15213 13
14190 10
72210 15
27477 9
29235 16
79781 8
25186 17
79582 29
91698 9
93515 7
38893 36
35965 35
43151 22
20573 5
55889 12
17169 12
67912 13
98471 18
85255 12
97962 8
40808 17
43926 34
538 34
78750 11
84409 7
95742 14
1573 18
4240 4
5598 1
29633 19
12086 14
36694 24
91355 8
31618 30
73286 35
98244 18
8257 7
6807 24
69094 12
5685 13
46887 9
45839 32
92614 22
70888 14
31564 3
68854 26
33267 35
18662 4
93150 25
9332 35
82720 30
51082 23
22461 10
56999 0
29661 34
7785 32
24191 36
59633 20
91016 31
51881 23
8624 10
25063 17
65764 31
42903 20
54898 35
34875 19
77427 36
88645 4
11784 18
38963 26
67360 29
62581 22
97717 36
68315 5
53887 35
74236 5
69471 8
61781 24
31579 6
63192 32
98838 34
68379 1
34081 2
10754 1
35978 28
87675 30
60770 14
44243 23
12940 16
80796 29
91120 0
87917 34
2751 14
12214 4
71847 26
70249 20
6176 21
54011 4
31716 11
19604 0
62405 14
87044 34
8500 36
31684 17
11345 11
15226 36
82483 0
37357 3
60913 10
60721 21
93359 33
21846 31
26358 0
21171 26
49215 19
32665 8
69978 30
13691 5
82565 16
59318 13
48377 13
94747 3
40058 22
81766 1
99823 15
32074 25
71017 2
73192 28
31437 11
1769 24
64418 9
43857 24
22043 25
80179 36
544 7
66435 31
49745 33
12540 2
81422 21
25187 29
83027 18
14205 25
96700 13
53291 4
85945 27
67281 23
66634 12
36026 4
96700 30
84267 16
71188 7
74091 20
91926 0
69677 3
68414 31
82079 16
13100 12
49408 24
99784 0
8137 30
1488 5
33441 23
87050 24
91769 13
94924 20
44475 8
49217 2
93615 23
74184 2
41130 17
89640 4
78676 0
82724 6
57311 18
24843 27
82226 11
50842 30
31786 6
79162 27
45455 22
89931 19
75615 23
22961 31
43217 4
13913 11
64115 14
26883 28
94717 15
67698 8
46427 8
72534 15
56955 17
79682 3
67741 4
54868 21
94470 12
71203 16
54769 33
66024 30
58598 31
33849 14
65038 25
87256 3
89481 2
25645 4
33069 21
68723 22
11542 26
60921 6
53576 31
22009 27
43421 11
51703 24
56090 0
99366 2
89700 4
74081 32
89654 9
42731 26
92817 19
67117 29
4760 12
87763 16
32749 4
30410 16
58030 10
9594 8
87438 31
42622 10
82846 8
51601 19
52319 16
36812 22
57393 21
70507 16
3446 28
79465 33
17381 35
13352 20
94686 6
88191 7
18795 23
13572 31
23741 16
76096 9
2424 29
98660 24
54873 5
97148 1
422 23
96378 33
25537 7
71437 9
19974 31
217 12
96150 9
43351 8
6779 19
14712 28
19671 2
12817 0
77536 8
99055 7
58649 34
80454 29
78163 20
41161 26
83234 21
10105 13
8088 29
22726 17
68759 3
53222 36
11751 13
41984 27
6005 25
79425 18
31360 24
27997 10
8866 9
523 27
10558 34
26395 34
86202 35
76433 0
59226 11
97245 9
15585 28
98737 29
63360 25
46271 30
73056 33
44839 23
38388 34
33530 25
75768 8
20432 30
78376 24
89527 2
43018 27
19785 30
28321 24
68720 30
77058 12
27680 31
30640 10
53283 36
1410 28
69491 1
14580 20
33323 9
59130 15
33038 30
87510 30
37512 24
67716 26
89009 3
64381 6
35103 22
96634 7
16188 21
17425 10
91818 11
81886 31
68935 28
2035 7
83319 30
38921 22
82184 29
25947 5
94744 18
13407 35
33441 7
52164 21
90208 18
14709 33
60526 12
64511 20
67112 24
47889 32
45670 12
55917 16
83237 26
6210 18
87906 15
93809 16
18725 34
17518 15
64998 3
27982 16
23175 34
44119 21
41577 10
13539 16
21277 19
87940 14
32565 2
15044 32
52640 24
92448 27
54280 29
17661 20
65363 32
85650 28
27113 16
36818 26
97114 11
76278 0
1857 12
5361 29
54575 36
24832 14
91985 6
8030 33
87986 0
27949 4
52690 0
84153 20
38837 21
65333 2
85954 34
49214 22
63315 15
40812 1
72828 28
69698 16
72529 9
41109 11
39219 24
14502 23
72787 27
59708 23
48236 26
30114 16
52452 14
81680 25
7993 2
11100 1
17865 15
3145 32
77141 1
86995 3
70226 25
84115 15
96499 31
28526 3
93441 22
18126 9
32590 24
9730 18
93054 24
67096 10
74306 0
42797 22
87507 36
40396 30
46032 30
5006 27
51320 26
28268 14
35940 19
15513 18
25296 16
91793 28
91776 11
73503 28
11335 30
66802 5
35753 13
32441 24
6898 0
57030 31
42346 28
95662 28
35226 36
85661 20
56947 14
38758 26
85418 20
94851 14
61722 28
82257 13
97893 0
11890 25
40029 24
80913 18
87572 22
365 16
44567 13
75497 0
64511 11
28649 6
92921 25
26222 11
33230 22
74300 23
82502 14
32038 30
83870 1
16247 17
64404 7
75736 20
93328 7
96451 9
2588 0
52777 20
24950 2
35951 33
57286 34
60273 2
60600 8
9323 23
98962 32
77998 27
54196 28
7048 7
42267 2
44356 34
36355 14
27685 25
95036 19
63932 8
59910 2
27161 32
13564 36
43156 22
41419 25
35853 31
23882 32
34864 18
66911 7
85218 8
34640 4
68507 24
87437 1
99461 0
71821 23
32186 8
41461 19
84171 36
16581 8
73046 20
37156 28
16598 23
95937 16
49860 7
77374 17
19976 9
67847 9
26620 3
89648 19
17874 4
72753 15
85411 29
82709 33
31182 21
44112 20
61218 20
70560 13
30523 10
37558 0
18021 7
65364 15
49647 11
41790 2
14722 0
51728 14
48249 4
1642 25
7811 36
78089 31
19055 27
29398 6
67135 20
15374 22
41672 8
51546 30
78324 26
52043 16
61176 12
99607 18
5114 18
3792 36
90349 26
36028 13
54131 13
43796 27
31046 32
33722 20
92317 29
43898 19
417 36
7239 29
79881 1
77440 12
33000 36
73569 23
38880 33
44915 14
76285 27
92739 30
85630 36
50336 5
87693 6
80850 30
21084 3
8174 1
17643 4
80584 15
77865 24
89032 7
97551 10
924 6
9850 17
12739 5
61525 7
80463 17
33547 13
14530 22
6730 17
45939 21
74795 24
96404 31
63930 29
24408 35
50373 24
89878 2
98598 33
77533 33
23459 25
35118 34
68386 28
41153 13
32355 15
3736 0
59936 34
88700 17
96249 33
87265 6
4370 18
74283 31
39414 12
16215 25
83655 1
36321 8
63518 19
89329 9
53701 30
36004 17
22742 11
44414 24
9815 6
139 21
21257 36
54243 35
78830 5
76615 22
42786 3
17110 17
39714 0
11249 35
5322 19
66162 27
1462 16
16836 13
85692 17
45308 18
36170 28
31371 18
18575 29
82019 15
17306 21
39541 21
50800 14
65602 24
42450 10
41857 0
61926 7
39918 3
71486 27
41763 20
1429 19
75909 4
51387 8
10835 34
67527 1
40129 29
3519 6
39194 23
8670 5
13408 20
83959 31
83026 31
14098 26
4817 16
8558 26
76969 11
1383 26
53480 21
73699 1
89852 31
77011 11
73715 24
72268 12
20641 8
13825 3
17425 8
28238 1
44070 34
85709 6
18892 5
12944 23
27650 34
73795 1
73843 25
53456 23
4431 17
86255 36
205 8
48961 10
93077 16
28400 10
83378 25
99982 14
71858 19
16038 20
56455 27
95847 21
35498 23
93554 3
12313 10
55498 21
56653 15
70298 15
20072 28
31968 30
63040 2
12846 1
7724 26
27963 12
20174 1
29151 20
68505 0
68240 9
59635 8
57224 34
82339 34
5321 13
78985 13
36245 20
35281 20
84347 36
7290 0
9603 34
35377 28
30227 35
84651 6
4327 22
31297 15
24054 29
18988 26
9424 23
88460 17
88694 28
85591 12
97032 5
64162 9
72778 15
78815 34
82611 2
51709 36
68596 27
29475 3
24996 3
21126 20
6068 32
20547 34
58254 29
987 1
933 5
78628 16
42722 11
48055 3
69492 14
21664 32
43032 0
38340 20
81881 19
46702 22
10806 35
43429 20
19032 17
95862 21
29885 19
32386 20
42233 7
70838 31
9320 31
24240 26
2953 16
96195 4
41164 0
91769 13
86161 18
28467 4
9555 8
6906 11
31015 5
95984 7
72411 22
95890 23
26505 4
13481 20
347 2
17609 1
3950 21
73554 24
14890 36
55774 6
75225 12
31633 19
80735 36
39858 34
23516 34
97055 24
99943 24
30153 2
6237 3
43198 30
95333 28
83909 32
55317 3
74595 7
44624 32
14531 23
9541 6
22651 2
69992 13
6226 27
15092 16
23488 15
54560 22
62570 7
63630 35
21927 27
38482 3
34302 12
2373 12
84889 24
90112 29
37394 2
66613 18
95460 30
37964 4
8953 19
71225 22
53606 10
87702 5
91250 26
60947 26
89443 16
98535 34
50981 0
93088 28
75597 32
85195 36
56599 25
63157 22
92589 22
63486 11
88902 4
94108 10
95315 25
59441 6
30549 13
93865 34
9303 0
50923 12
46176 4
98693 18
35949 25
9044 18
9852 17
70862 19
57604 36
92017 5
85622 5
64199 26
55678 10
44686 26
18307 21
11393 2
4952 3
38242 9
74996 27
85831 2
85055 10
84493 15
85490 30
17659 2
52790 1
49166 10
97491 2
47122 26
82024 7
25450 26
6869 28
72045 1
46190 33
28283 16
3877 4
97216 0
95726 21
34977 6
57980 35
99205 18
86168 19
46102 3
52993 10
43982 18
51122 33
59531 8
66263 32
78995 14
50169 9
52639 34
30622 27
8832 36
26466 24
9199 32
72186 19
15242 20
87971 13
30879 34
64151 20
85722 15
7288 35
25278 21
31032 2
92347 12
68023 34
10193 0
41125 29
78545 34
85126 25
69984 16
43881 17
19646 3
92244 7
64234 34
17036 27
33983 33
74193 20
80747 2
66 36
77767 5
31774 4
52713 9
85560 16
1350 25
43601 18
58205 4
55822 8
41622 26
62817 12
77005 18
99921 28
90886 6
3327 13
39673 11
49960 9
80062 8
68100 11
62748 13
30858 24
47909 35
99366 3
1172 36
50856 6
4149 8
98081 10
41495 13
692 18
13612 32
53939 26
52092 28
79810 32
41916 32
58868 10
67919 33
11491 14
64164 10
87890 34
57294 9
93795 11
33005 11
46592 36
60783 27
54212 9
53804 4
96415 26
5088 23
22070 33
11975 7
58148 4
45494 30
99431 22
15857 25
63983 11
71202 33
43297 2
516 17
54299 36
34346 25
47943 8
81151 7
67444 6
47522 35
37454 19
96557 15
12664 11
69615 11
39900 4
29421 17
21289 13
99838 8
54310 25
68983 13
85972 5
39551 35
38154 29
33117 22
28817 2
46216 4
49066 36
18058 26
75435 13
74017 22
86352 20
3338 3
11046 1
1669 16
58130 2
53051 27
97027 18
37057 10
23111 34
1027 31
42009 5
89437 24
51681 26
42090 10
82948 22
50398 18
78668 35
54247 24
93240 18
17320 2
60523 17
99771 29
79779 7
20583 7
43441 29
39809 29
77487 6
27853 18
6275 32
6841 0
31834 21
81172 1
70916 3
251 8
41726 21
22608 25
97953 0
48707 24
22385 25
95591 17
68379 20
51301 14
18132 12
66573 18
65517 28
65303 23
77759 21
11703 13
32852 21
85468 13
45 33
20932 33
36225 2
81590 21
64908 34
7121 33
10244 21
73034 1
36907 2
86296 27
86342 22
45637 10
71768 8
69463 20
87888 12
56177 20
89690 19
40260 31
72482 7
21588 35
32500 17
36735 32
44144 10
70675 19
57373 24
59319 18
68146 34
35473 33
17987 16
8361 23
77706 7
63096 25
23988 7
21165 6
64383 9
95985 36
89809 4
233 9
15744 9
90939 32
4783 14
46901 32
28147 4
87824 29
93668 30
24061 9
66138 27
507 16
26368 18
69501 33
92674 21
39566 8
87572 31
9282 30
53883 25
67684 25
69923 5
36205 9
91534 14
81599 0
58867 20
9762 36
56263 28
87800 34
65366 31
50746 18
56276 19
22540 25
92640 25
47847 36
65312 16
64445 2
51511 21
11564 32
44913 7
53812 4
10360 34
13483 2
95319 2
37888 5
63851 17
27821 4
46571 23
64924 24
34099 15
84040 5
63849 25
24117 1
55618 18
15814 35
42664 27
30917 35
66194 9
98869 30
11729 22
32416 28
31945 22
79798 33
85048 18
81389 30
50193 8
27381 36
17605 34
62128 2
38762 15
75893 12
47241 33
58592 19
6840 29
71022 6
55665 22
5119 15
27821 15
92330 9
30469 26
78116 9
46236 24
11780 17
16554 16
67767 4
18632 6
97571 29
75100 32
65572 29
349 9
55563 31
50729 7
21564 9
4431 33
47423 16
57468 32
22481 15
94874 25
97436 5
28511 31
68848 28
54760 30
38105 25
56179 30
47091 34
6083 29
83469 16
44950 2
10091 27
47339 28
32949 32
16227 33
82636 26
23832 29
69325 21
37048 14
55633 19
23808 10
82890 9
98729 13
75904 23
29310 15
12546 4
74140 5
97359 6
95369 13
60389 16
27313 13
21312 20
90491 12
55243 3
5292 33
26153 3
77228 28
56266 31
82021 24
42604 0
3042 28
85280 31
84277 30
95998 12
61856 14
55804 19
10839 27
59382 0
47344 16
73309 4
37659 11
20763 11
59313 9
76828 1
44673 29
56330 19
41928 17
88229 28
22232 23
74438 33
74017 6
67669 4
2214 0
756 16
24844 30
46034 24
495 26
3319 30
26283 3
59582 26
73156 35
2086 12
71082 10
73689 24
20509 29
23494 24
73645 32
96443 24
39572 6
98654 20
49258 25
65840 12
60348 18
90839 7
6165 5
71013 2
70139 1
37629 6
96149 27
10206 24
63861 9
55532 23
98013 27
92475 26
87294 17
85954 33
87674 32
42342 34
78537 27
2746 3
7939 17
1277 9
29024 23
28169 36
76035 4
71843 3
90559 34
20990 8
29090 30
31602 21
82828 7
27684 27
72705 1
72131 25
17274 29
66317 32
88003 32
45096 26
76 35
13561 29
96313 7
83220 12
99557 21
74391 1
7256 9
71254 28
94905 23
67124 27
24290 23
49319 17
28141 5
39144 20
16322 22
58980 32
26460 9
12398 9
79791 17
28450 14
37550 9
29150 15
99001 15
30226 16
91716 10
43672 27
97037 33
14191 18
94324 4
99512 26
70438 1
62201 2
76301 3
71468 32
86016 27
31944 7
12782 14
24688 36
45005 28
98401 16
52761 4
31808 5
59133 17
31092 16
64961 3
54551 34
30228 25
18054 36
1439 36
37324 6
26200 1
97037 9
34356 18
98425 9
5549 19
30087 2
32223 29
83277 30
74777 28
76862 25
36882 25
96895 18
92244 30
41477 33
57780 10
90161 28
14454 33
47341 14
44781 16
38546 8
50606 29
67521 6
6223 20
86414 31
71989 7
51862 32
16152 1
74515 31
15684 35
8319 30
31466 15
78278 0
10138 31
80526 12
67684 26
52378 32
26293 1
44916 15
66504 11
25982 18
86183 10
40171 3
85490 16
64054 11
83962 11
15200 35
68079 30
52139 12
86128 13
10995 11
93291 27
11049 15
5961 28
86174 27
24063 3
96345 35
20097 22
38135 24
45803 34
10566 12
2882 24
91310 27
65028 19
51948 32
49683 31
13096 3
95687 36
28607 30
13174 35
21193 0
52277 10
61792 25
61554 0
90365 23
77473 31
59925 4
66042 0
64366 29
29169 35
80533 28
51728 35
12479 29
47967 18
12926 8
85053 19
8966 21
91772 34
84877 6
4239 23
94408 27
91024 34
12521 31
16509 26
85507 18
6209 34
63068 29
27075 31
87255 21
96725 12
483 7
53867 3
7388 6
54759 34
61706 10
10724 28
93101 15
1746 1
82883 10
17661 36
26429 20
59042 30
16365 1
62235 4
24333 2
25186 36
31396 31
72519 19
3289 34
49386 30
4197 19
18240 28
55969 17
67738 18
56798 29
80021 30
70693 13
57469 2
85633 7
11848 20
23081 21
3822 30
30742 18
51189 15
41662 33
44865 13
44611 15
23455 32
86704 4
67787 11
8680 8
94959 23
45940 8
83380 2
36829 0
98972 13
17715 34
64311 10
54464 12
95206 31
65191 0
50639 15
46341 8
31500 24
48958 34
65824 2
91303 12
90785 5
32558 7
20129 16
90562 23
13478 7
6035 3
69886 2
6381 10
28831 14
1284 6
23955 25
54487 13
50436 31
22947 7
57204 6
81662 9
36728 11
88976 16
27277 17
76860 15
92980 9
27221 9
94003 4
24872 17
63604 3
7020 18
81750 24
34096 30
34329 0
99649 31
70778 16
92298 22
44046 12
20613 12
42682 20
59174 0
13244 10
13848 8
88098 36
20418 13
25364 1
10543 32
75316 12
15806 5
514 4
93198 30
82051 27
93780 27
36601 2
62888 8
17880 9
57111 7
28911 35
73630 15
70150 30
20171 30
11799 35
6828 26
51496 15
13807 35
50009 36
54055 24
4188 24
20760 19
22878 31
91226 27
81929 32
85864 21
78537 30
81553 28
2227 33
2109 8
10559 13
65774 15
89718 9
97477 17
72151 11
11373 15
57155 26
18714 5
12896 33
35821 16
48731 29
733 9
89516 1
92182 12
79729 19
26777 26
67680 14
20789 11
8189 20
77762 32
571 27
44930 2
78790 36
95513 27
6187 19
98579 7
20770 29
54084 31
32891 33
33898 12
10865 11
46703 9
71814 36
20159 3
25315 12
47337 17
43635 1
45904 0
11035 10
43195 7
16561 21
29759 13
74746 8
47678 9
91839 13
20976 17
80319 23
85557 30
91599 20
57130 0
70826 11
17600 32
76321 9
89091 0
45988 16
77105 33
43870 32
38039 8
16561 36
13887 2
25307 15
54419 6
24441 23
99927 23
37440 36
37484 17
42371 33
59168 9
90400 27
6930 28
95738 13
6123 21
90202 25
21769 22
69991 26
42228 9
2224 19
59285 2
5304 2
5981 34
11687 8
11196 31
7979 32
4571 3
34473 5
52781 12
24133 0
57345 20
28899 9
24137 12
21061 26
41663 15
48953 7
53788 10
66072 2
67667 28
58705 29
16489 5
2932 5
6914 20
79680 31
51909 27
64721 17
48217 27
96853 2
67806 20
6908 18
82090 3
70658 19
41960 3
27270 20
36922 11
48953 1
66854 23
73481 28
85222 27
97821 20
18956 36
19555 33
86393 25
97872 7
97029 23
6681 34
44644 19
87102 17
23107 23
28679 7
87414 4
67555 12
85995 6
17293 5
15817 33
89361 21
29622 22
10317 25
37462 22
82125 24
63190 15
11532 4
76823 10
784 17
32681 16
68624 20
20543 9
68214 1
26358 20
96482 36
4686 18
57937 29
38753 24
32065 16
8402 34
62001 34
69503 18
38067 26
70887 14
90770 27
35552 7
54485 27
92970 18
61565 10
89602 19
5544 11
70194 11
37257 12
65 23
80313 6
95001 2
34504 22
51653 36
16866 4
45047 4
35061 18
82124 2
99083 13
80392 4
13109 34
30000 36
15635 25
40038 11
89373 7
52273 30
73691 35
6893 11
36344 8
10264 31
80785 16
87724 2
42462 29
46125 20
10490 16
54540 17
9160 19
89292 31
48454 2
27092 25
88811 25
41781 14
75536 21
93844 17
72246 36
93905 36
28717 16
17133 36
20830 28
14751 10
46242 0
44497 13
50689 19
12691 28
46975 13
96661 8
4429 2
7433 33
83039 13
57081 16
85086 16
2432 13
25572 0
80798 32
83207 21
36983 12
2852 6
37756 6
62638 5
70128 28
60030 20
5586 3
9906 33
69345 30
27810 14
25311 23
69684 16
16722 18
36362 30
7092 31
20450 11
21318 28
66495 34
55954 20
2248 36
77541 32
38144 3
98358 2
33708 21
61700 34
96719 21
36931 8
42687 2
54377 8
56216 24
1792 34
63575 4
25449 26
74499 19
88049 18
47014 9
71724 34
94233 7
95740 11
61284 28
89705 6
46665 15
29438 9
86802 30
42327 14
43386 0
35606 9
73284 33
59879 32
75612 24
31568 8
29575 14
266 33
74573 27
79385 7
27556 25
62302 36
83009 2
5129 1
48210 3
46840 7
77659 7
33190 30
62606 14
79008 6
46548 28
2134 36
34150 24
74725 17
52133 9
34545 17
67203 0
81747 34
64650 3
32407 19
60283 15
32352 8
24439 16
38964 22
11334 33
28376 26
75451 6
40981 25
70875 23
71982 32
49802 11
17099 28
34874 6
6975 21
24003 34
20424 14
87546 27
83533 35
98575 19
46045 20
39384 6
855 33
55790 17
8555 14
54858 0
74087 34
10252 23
69469 28
94631 10
37999 8
68132 10
18929 0
48201 12
58226 12
84690 0
96160 14
88506 25
68981 4
47831 36
9789 3
95778 10
29844 21
4625 20
11536 10
97930 3
43521 5
23068 5
2182 28
65175 6
92359 26
33325 12
56505 27
73306 27
82048 13
79039 17
57153 24
1408 15
62947 2
74284 26
38543 26
81648 7
6281 9
10418 9
42928 12
59891 24
2627 18
61883 6
4491 6
47486 33
99835 12
36053 31
92415 9
40716 10
29618 4
19768 36
82039 29
30632 30
66897 36
45619 23
61045 22
80579 2
65171 21
53092 5
3049 27
91227 7
22755 19
37084 27
74834 32
98234 29
12469 24
11598 4
55594 6
59926 8
42044 1
68357 36
49732 14
13146 16
18121 36
29344 0
55246 12
63120 3
15916 5
25804 7
10685 5
40668 29
74549 15
52643 11
55348 1
45301 17
66736 3
39850 14
57662 23
14383 21
9607 25
81565 22
97207 3
5466 26
66940 9
1058 13
38368 24
36474 3
71655 32
6490 8
85507 4
41742 3
30087 31
23395 1
26 16
46330 22
83628 20
57964 17
29635 12
32016 3
93530 30
60011 29
94251 15
56622 16
72945 33
5362 30
79991 21
86232 4
38392 33
37717 23
68242 21
86096 21
7983 20
27448 29
67143 4
1622 1
49799 35
51207 27
32921 17
66414 7
28952 1
73382 34
11885 15
61681 23
59792 7
45222 9
20423 32
73721 31
7743 33
63605 30
50910 29
38464 7
2933 6
69023 0
32700 2
59326 28
75998 21
14572 15
14611 12
67700 18
84844 35
9156 22
76393 20
56000 19
91956 33
62118 10
91830 30
5580 24
73097 8
72286 5
45066 20
35381 2
64323 32
6586 21
25749 29
1324 15
72649 20
51281 25
61293 21
47680 22
5673 2
95480 9
29688 12
77841 11
59155 18
98403 7
18977 35
15595 15
28672 26
80602 21
30444 14
15227 30
57680 26
38093 4
8047 24
73711 28
69250 9
86580 7
54227 4
23370 35
86039 13
68678 5
48347 33
89929 9
453 24
28562 18
52783 8
32397 10
83917 17
20770 18
83925 19
75723 0
71935 30
11976 10
54068 17
38205 14
46919 19
5444 15
34569 13
56705 31
15370 36
72614 32
54247 1
27533 0
19828 36
74861 4
57157 32
15893 2
29503 25
87946 18
25430 8
69130 4
22244 14
50349 6
67957 28
2255 13
88712 23
14993 18
31696 17
1960 9
35275 0
60118 11
37667 15
5040 11
69555 13
92378 1
85866 10
7248 4
41183 18
63599 5
43170 22
57378 20
74637 4
88102 34
16403 32
29609 19
49473 12
4209 10
11182 26
13200 8
30746 31
83023 2
19050 8
78704 30
40100 31
28917 6
60103 6
3600 13
77187 9
8891 18
92063 10
90508 26
56541 14
29507 14
3903 24
21391 30
18040 22
23136 35
15302 8
36902 25
74012 9
50345 25
56727 16
65414 20
78851 31
39678 34
84726 28
85951 25
49671 8
5352 7
46274 25
82648 11
43851 3
2937 6
32223 7
14849 18
52811 11
63978 31
37847 0
3051 26
42602 29
68522 17
16466 7
65253 24
78352 33
7573 24
14307 1
34175 15
70788 0
95293 15
8020 19
83726 22
54570 25
10719 6
36622 30
6267 31
60094 36
60958 2
16468 7
56820 24
31737 16
29329 1
49109 28
4117 12
13745 30
13189 26
32113 22
10324 5
1241 12
31197 33
27248 19
37555 8
61030 33
84242 5
48826 24
79462 27
84580 5
44832 17
51645 30
7351 8
96568 10
5788 4
41002 19
21707 33
30459 18
75789 35
57364 5
86898 23
80712 35
7269 21
22569 11
92954 20
37002 9
3735 5
2021 7
55411 23
53650 15
22094 0
33602 17
41299 31
16162 21
14998 27
2900 13
31564 4
5419 27
56700 13
37618 22
42391 12
76778 1
77081 12
88740 32
25529 15
60883 10
99299 31
80300 28
98269 35
9277 22
44713 5
36362 2
36376 20
12237 10
81696 28
22125 36
55123 7
90562 4
2177 8
9049 9
47220 16
48838 28
71060 36
16819 28
78924 18
10448 35
29486 9
17544 6
81308 31
71351 7
89825 26
3753 0
7182 19
86622 36
49450 7
7920 27
68139 17
90389 2
29309 13
66069 30
39520 29
51858 25
22597 15
55050 15
77728 1
27436 2
25303 24
90501 5
15160 7
96742 15
17960 36
24242 21
3233 11
33986 17
69264 6
77214 9
69392 22
24919 24
84326 30
72714 16
977 17
63356 9
6982 36
13885 21
78816 6
59313 11
23708 10
91301 26
19441 8
79299 25
90620 34
11392 3
46547 13
99293 33
45726 15
41885 8
18547 8
58271 2
51929 22
92498 33
25442 33
12568 33
43992 4
66709 3
71348 1
70608 34
71284 18
84572 31
76469 35
37985 25
54149 11
10971 7
18615 12
94280 13
49156 15
25977 18
9777 8
20533 12
51631 26
97365 19
31527 20
76109 0
60642 18
19254 24
40909 0
88094 8
42289 15
56938 7
72093 1
40177 19
65769 36
59247 18
18023 15
30943 1
80822 20
89892 15
17107 15
61870 16
82442 9
34029 34
61780 22
566 32
96803 21
41614 23
15416 12
4917 2
57988 6
53597 29
4007 15
83626 32
68904 14
81790 12
87720 24
38352 33
57845 5
54203 25
64791 5
31531 3
18939 23
91085 32
77798 32
66207 2
35263 0
21074 34
7253 26
27997 23
54489 35
8985 21
48528 12
80741 35
60071 6
32256 34
51309 0
46442 13
14348 26
58676 18
69998 3
18448 35
18372 25
9219 2
55175 16
65511 17
30720 21
91409 25
30959 28
87706 29
88029 32
19017 22
79833 29
21309 34
49670 20
91875 19
51539 22
91047 34
98587 6
58080 14
50722 31
50612 13
64832 0
74899 20
98946 4
40210 29
28608 31
98099 24
61389 14
2668 13
15264 5
44382 36
48059 18
45201 0
90191 6
38917 25
61245 21
20609 17
37519 11
5651 20
81250 20
57468 24
89102 29
51968 10
64039 26
73993 20
35942 10
42304 22
58936 35
1740 21
38596 22
87667 12
71314 23
85464 30
82782 15
36786 4
38641 16
85907 7
63011 9
53086 27
66434 16
43246 28
78017 10
17899 22
8819 27
28274 11
42527 8
63456 31
92925 18
56013 28
27139 30
40297 33
69639 0
86370 36
58878 17
89714 31
18117 15
40846 0
15618 0
76952 14
41034 21
32093 26
78174 3
16639 4
746 15
38694 36
62703 24
99186 36
75419 21
84307 24
99520 32
53606 28
19169 23
20698 15
92701 15
84667 35
59930 29
25174 33
95032 32
20903 7
63582 34
79892 12
80918 29
42489 29
6660 33
80746 30
73788 29
23764 20
87763 33
31866 18
32362 24
42238 14
90717 32
40363 18
9078 15
8502 16
93149 27
93293 2
28374 24
9076 14
48029 10
90178 28
37584 17
27423 2
57635 18
90695 5
90531 28
67104 27
18638 27
94080 24
46201 22
33927 33
30119 2
73551 31
31022 1
92425 1
14234 12
93893 0
79146 8
12589 32
60009 36
36158 14
17259 0
91393 4
15327 18
47786 0
32333 13
1553 31
32416 21
83621 30
21703 30
86419 12
72536 29
37578 10
45292 34
21990 0
17367 19
9302 23
7814 17
14956 27
90338 32
52710 5
57435 33
26706 36
17091 23
46385 27
19030 12
71995 22
95170 35
16579 30
70179 3
3577 34
73874 24
36499 18
41498 33
35995 27
4454 22
95678 2
48509 6
52609 17
36110 27
99882 27
86267 3
76773 33
31659 29
64610 21
64441 24
47299 9
85623 1
18463 3
96031 35
90436 4
82494 14
63721 20
22696 32
10621 19
68185 25
77862 15
34999 11
71395 26
4218 10
18849 25
55746 10
83752 0
11818 29
23327 16
69776 12
29711 10
92756 29
82918 11
89391 12
52006 5
62342 30
78335 10
54750 20
12824 24
24720 31
30415 2
57486 13
71159 19
18597 0
75303 20
65921 27
59262 24
53121 12
41431 20
65562 19
17603 5
37832 29
40343 16
89407 9
56681 28
88655 6
48482 5
75003 4
74333 7
41189 15
6744 16
44706 28
89733 30
62249 25
7907 19
48026 33
72543 20
96671 14
12729 14
69117 27
34674 25
3035 26
72303 3
23455 22
61826 12
85197 35
44385 3
7296 3
71960 10
41491 27
76870 6
12261 28
41176 25
41956 15
21067 25
84979 29
29340 24
68087 1
19077 1
67461 16
19274 12
71836 13
12018 21
50175 19
6438 3
73789 21
52789 31
34499 7
9849 30
7640 1
44550 11
79916 11
19559 11
15008 32
60977 34
8207 21
24956 24
72782 32
22640 2
24771 3
42024 21
51604 7
98882 7
24777 9
93021 28
66336 29
15415 0
95989 15
14863 33
46270 9
67381 35
58994 8
4012 29
16796 28
53925 30
62207 11
34687 17
98254 22
70248 22
15158 18
95337 21
90670 34
10910 12
74240 7
49776 3
96135 13
68605 13
241 0
59348 12
82952 24
26206 3
40812 25
78659 25
14719 16
86582 28
16532 27
82013 7
60402 21
26849 35
1952 6
21280 20
29210 27
54531 6
3548 0
73321 6
90307 15
45127 2
5310 26
88743 35
47055 5
24500 11
7548 33
59735 14
17461 31
72841 11
44313 0
27115 24
11041 18
58227 36
40992 9
91564 29
65 2
55850 19
76374 27
86876 16
98334 28
26337 9
27474 24
66455 18
12430 28
90334 19
40380 20
17969 2
96482 8
55670 23
29379 24
4248 16
48262 13
61832 31
31910 11
3308 1
53197 16
57378 7
44691 14
30308 22
99467 9
48439 14
19627 17
16023 25
21016 29
65440 14
97813 1
39652 28
48104 20
76612 19
72004 31
38986 1
10729 9
2907 6
37955 36
53866 6
51452 22
83884 13
64082 22
83529 20
20192 9
97992 4
50646 16
94395 23
50481 3
11158 10
69415 34
70598 30
30354 24
37685 16
16343 11
30165 8
62907 27
54204 9
83068 34
10514 34
59062 35
81252 4
70563 35
56093 12
45658 18
64279 28
75781 19
75615 1
55365 9
79270 7
73221 33
60947 1
77819 33
18377 11
23235 30
21158 33
26968 33
26497 32
92148 34
22268 16
33311 26
74447 32
92975 9
89073 19
46511 31
73171 25
46394 36
30714 5
29586 29
66338 11
72843 31
69991 12
8291 7
61762 17
94686 29
82935 30
37867 29
32869 1
44728 7
4434 0
37259 13
25373 29
82010 36
35421 19
82238 1
16337 18
90873 20
67061 9
26621 0
49145 6
40306 16
55417 8
48515 17
79350 34
74382 29
46603 7
71512 9
13800 22
21096 8
80691 34
15602 13
39131 28
94889 11
8245 20
38717 13
99161 11
29286 36
41922 7
68725 26
56660 1
59067 21
34790 19
65854 2
73732 19
59543 31
95700 8
67439 23
77413 35
33723 32
68180 26
70716 16
1485 14
71764 9
90249 5
76603 32
30533 35
63478 18
12566 12
59919 19
84200 28
10084 3
66370 18
23749 25
64017 33
40202 31
89113 3
11197 34
15627 10
10045 34
77510 5
88118 31
60174 32
31784 15
32967 9
85154 19
23795 24
11218 31
3907 33
77458 0
18949 0
25774 15
44481 29
40247 22
59439 14
31107 3
46353 9
65152 29
12282 29
18146 36
69185 30
64333 8
61052 3
4983 4
81819 26
43707 23
53666 34
19094 2
83073 20
58728 6
98644 18
50940 32
83876 25
33197 8
70597 29
16738 22
81463 6
74552 27
46593 0
30844 22
51172 4
77365 16
55766 14
79464 29
89863 36
98516 32
85099 9
33518 11
77415 30
45023 2
97220 5
39345 35
42145 7
67155 9
99317 26
65242 28
40852 25
8039 31
63220 9
62241 26
49402 5
27585 1
65903 33
16941 32
56736 12
54515 3
89569 25
60597 11
2388 15
23193 2
58646 12
60705 34
13107 25
31288 4
51520 11
22455 35
93823 25
36186 21
72428 6
32317 10
52445 30
30523 29
88435 0
86864 14
65440 6
44690 0
28982 11
41087 29
96937 32
39471 5
86780 17
87767 12
33748 9
43368 6
33595 28
84856 30
51667 18
4042 9
38797 31
45625 33
18216 9
80424 2
6740 8
33468 14
90969 31
62973 15
21020 34
97058 27
69065 11
89933 25
378 12
85631 34
80939 11
75189 15
7520 27
3615 19
84763 16
54557 14
27007 33
297 8
55762 27
27345 3
25870 34
9483 14
30426 21
85646 2
8372 10
95509 17
33696 24
10490 21
29161 21
43082 12
51073 35
7366 21
16310 10
84578 32
14378 14
82176 12
70613 0
56107 33
61078 9
13224 31
5250 7
29703 4
76992 1
77785 15
34569 29
54344 18
75734 29
1469 32
56724 5
55573 19
75424 36
27363 34
86011 35
69014 18
4353 11
88441 30
31853 10
84429 0
41958 25
25268 4
65115 24
43649 18
83303 31
11175 23
5716 20
42982 0
56762 14
34268 27
11655 14
35118 21
12487 7
85539 13
83207 24
50403 34
68414 11
37538 27
16576 29
99087 13
32888 28
24898 33
32375 10
51574 2
6960 27
41329 25
84632 31
38522 5
91777 18
25772 23
1554 11
86447 0
24704 30
74755 33
35655 26
71183 24
27872 3
87428 1
95969 28
36982 12
38922 14
66218 14
96165 26
52358 25
42040 10
54549 1
87279 19
48981 9
14269 31
97763 26
31691 8
14492 4
14856 33
41561 2
41824 23
36489 14
75484 35
90699 29
38542 26
25875 9
51346 30
89236 2
42035 8
74576 5
82949 31
36623 20
28363 7
55765 36
55167 34
48027 2
23060 28
26731 20
40887 33
51099 26
1971 31
81660 33
61373 33
69821 26
5879 19
25508 29
31303 32
1664 5
67241 1
33014 25
1750 33
79499 5
96097 1
19542 23
95145 16
81825 29
98022 10
76322 36
155 5
99654 13
96078 3
44567 17
91066 21
79045 24
81989 19
11184 10
35020 36
21748 36
86833 27
27883 7
62499 30
54920 11
95140 14
70203 30
776 14
18416 35
65328 22
79161 34
84972 23
87577 10
54138 31
94049 8
60320 1
26378 30
95766 7
81213 10
26205 0
48326 34
92265 4
34406 16
62023 34
9257 7
44947 32
85425 13
30511 7
12569 32
64694 23
78285 32
59956 32
54045 12
93354 29
27703 25
59802 4
15460 34
75324 0
75479 13
6211 1
64433 26
34575 6
63799 26
70120 28
42985 30
94578 21
42176 21
1073 7
56868 34
45519 26
19385 29
43408 32
20997 24
59698 12
30289 19
82311 33
32711 11
76490 32
85772 0
31057 1
12309 3
68268 27
18493 12
55250 35
17302 19
4408 35
74116 31
77259 12
36817 16
75493 7
59264 6
9592 25
57180 20
39169 8
54246 32
63630 19
81411 16
57763 22
16924 29
2146 35
1185 12
22358 34
78646 4
75238 19
47489 13
19411 4
92689 23
5893 23
21524 26
14479 24
53874 21
28517 12
45819 36
89239 19
48623 1
19667 17
56755 30
31253 19
27924 29
95898 2
4110 29
45629 4
9365 4
81528 25
40082 24
77598 11
57914 24
79175 9
46737 6
43336 21
35573 12
41092 14
98844 10
13999 17
85815 21
30645 25
57419 23
63648 2
57785 16
54396 13
35079 32
20551 12
99434 33
31532 35
77358 27
8315 6
60828 7
41211 7
45221 33
22924 9
3773 14
16477 28
98654 19
66298 32
44267 12
4643 21
33078 16
81024 3
36132 15
42806 6
9255 18
25545 33
20902 17
42089 5
19198 15
72888 11
28505 27
95596 36
77484 23
62571 14
35915 35
64987 14
65573 5
38759 12
79999 3
77266 14
43353 11
2035 23
21736 32
15594 4
15418 36
92373 10
61179 2
87700 26
82894 30
5569 32
80224 10
30956 19
44402 31
89658 10
90736 30
68352 17
47300 15
16162 2
34358 26
50225 36
52748 1
63570 7
6384 17
31651 14
28060 10
61748 16
32116 19
98450 11
54965 2
70319 13
66327 21
27513 19
21730 1
42625 20
14851 26
97192 29
86604 32
37030 36
91222 12
70574 23
11774 20
13395 16
40218 2
99632 25
93377 36
14914 6
47683 28
26450 14
16469 11
20770 0
69722 28
50756 2
299 19
55084 2
63204 12
93345 31
89138 35
72252 11
97364 20
92442 16
51465 23
51288 6
3374 28
72935 25
53736 23
12467 36
86662 17
74936 11
93637 0
36105 12
10601 19
19808 22
87882 32
94927 29
3245 5
65873 35
92932 30
84778 24
22249 19
75244 13
76872 22
70108 22
60502 17
48812 27
74830 22
76977 23
93192 28
99467 20
29580 2
39144 22
90123 12
55314 8
96763 31
2716 17
69904 21
94760 19
56584 9
38956 27
77588 1
56713 24
84380 2
60152 22
15393 5
59286 23
40062 13
2358 33
71128 19
46445 31
12970 16
67741 6
74645 23
5085 10
81644 13
19950 9
29795 27
93626 1
1949 17
35747 15
63138 22
9004 6
19103 14
41362 33
61066 13
23184 8
60376 31
70477 3
16534 20
60568 34
94421 7
10883 13
80925 13
24643 24
6650 27
39828 29
21965 5
68442 18
98989 19
71134 1
85693 5
83738 5
7901 25
26046 29
38896 27
33991 9
46995 13
2707 19
92954 11
92167 17
54194 17
95495 14
88056 21
71581 4
62502 34
40689 16
18489 27
81658 34
89496 16
22199 17
31906 36
21027 24
60648 2
33063 12
74708 34
18344 23
34206 26
1602 24
47634 13
32727 30
33812 31
459 2
5152 16
29426 10
3217 18
10874 26
60237 0
91417 28
62719 18
1433 36
71986 30
4669 1
78734 11
30047 27
38942 4
15573 2
68319 9
58752 26
29228 3
96182 22
30826 15
45955 17
5102 3
12884 27
24363 30
49835 28
93161 32
30348 11
82649 11
85829 0
57830 2
18418 1
52920 15
66758 8
76378 18
54076 28
76436 36
79401 34
59891 36
85490 26
22476 14
99927 24
97532 30
94624 0
50836 29
97361 36
67782 19
27274 25
62305 12
3421 7
23438 9
65959 36
3347 29
8352 3
3381 2
88054 21
7058 9
47814 10
56134 6
35190 3
13413 21
73871 16
41074 25
18636 34
85507 27
20418 21
39702 22
8617 5
22331 26
64207 5
72093 11
93637 8
25437 14
45264 10
91377 15
32731 31
71986 16
53044 5
95679 24
71640 17
75254 30
18775 35
68169 3
46699 32
99729 16
22177 14
86054 23
93421 25
83825 26
71651 6
98217 30
70935 6
12379 2
63586 29
85302 12
70073 17
65890 15
25286 22
33071 6
5034 30
16895 20
52430 30
9296 1
50952 35
71408 9
69229 26
44048 25
54647 21
96913 21
78543 7
18349 4
64857 25
32726 24
3640 16
32697 13
37550 6
12895 32
81646 25
219 22
6743 15
60935 34
18682 11
32293 7
82487 36
3180 13
17422 1
61124 20
71431 24
91900 12
77645 28
84776 31
28708 2
10750 35
65664 17
49729 22
93363 7
80628 29
33786 0
95583 26
72225 1
30230 5
52618 35
37097 19
80756 30
17081 8
24997 1
12698 25
26500 8
35129 10
87548 28
11585 10
89072 34
80485 13
29337 3
89318 0
90830 35
22873 22
83933 11
53981 19
5524 16
84893 12
78322 20
23822 4
284 35
87798 8
18042 7
48806 33
17639 25
48340 24
87540 18
80039 24
36964 2
42633 29
5096 12
48348 13
32177 19
49769 17
63829 6
34172 14
53948 12
95855 30
5237 19
21995 27
38716 14
59345 23
4361 31
90235 30
78844 21
89910 27
62657 31
23767 29
17285 16
92652 11
27274 3
15301 8
90096 31
7807 31
12533 35
44304 26
48564 29
261 15
67596 20
15021 22
74752 18
62169 33
15920 29
72859 20
84211 2
70591 7
71205 34
22379 0
92208 3
23784 3
23182 28
41428 32
8666 36
11473 19
2167 3
68823 30
89357 17
28899 18
69752 17
2483 7
28976 19
28992 3
17135 35
98109 3
12127 21
53825 3
23837 26
90133 21
94385 19
25923 34
32649 34
8053 5
15915 8
90421 13
58651 33
97836 12
88001 29
80876 30
33461 6
62815 29
12768 23
87851 29
35239 12
27466 12
30449 27
64580 12
32663 21
92122 30
65951 30
59279 30
62961 33
45725 2
9143 35
84329 32
45271 2
9336 24
85059 12
84272 33
15865 19
54916 3
39971 18
32007 25
79180 12
25172 14
57914 3
98161 9
30403 11
88366 26
44146 22
32575 12
53316 3
6523 31
12997 18
1091 27
48699 19
1103 19
53050 3
27376 21
49099 21
87670 33
9347 24
62415 21
18901 24
13691 34
73139 31
73542 36
91930 7
56898 1
59088 21
58267 4
99352 4
23774 19
6903 32
67884 27
28258 2
79667 20
88046 22
25564 2
39799 20
34010 13
57209 36
50543 10
65170 10
91818 1
52399 19
52655 22
78013 33
26036 0
32878 16
43206 1
82532 2
42769 21
78336 16
51170 27
80536 17
27308 6
9892 14
65770 24
81032 26
26385 30
31690 35
64870 36
67568 19
82793 33
94884 24
28342 6
67320 5
27833 22
81081 0
21412 10
65968 7
6225 7
90498 21
21641 14
38370 33
50415 1
21131 33
81070 15
38967 1
83003 4
22892 3
11025 12
16535 16
88815 31
50095 21
30226 10
34707 32
20853 18
74092 9
6169 35
20659 5
31145 17
1782 31
73676 28
72807 24
41198 34
79107 8
82981 8
16305 12
47750 5
18965 34
40959 6
86640 17
60330 36
71506 4
62327 8
12509 19
70689 25
48899 32
20704 4
15683 24
88907 27
10541 20
94588 29
10421 20
41803 29
81734 8
17552 15
92118 16
54573 12
3401 19
65917 5
9929 15
48495 25
92250 23
88764 29
86718 31
87201 35
20502 14
73562 3
8316 0
62574 34
10846 21
57940 5
78691 13
29998 4
88132 34
4069 16
2957 8
6607 34
95922 33
77267 31
15964 16
52957 18
47835 34
84334 23
22045 11
96283 2
84138 26
65163 18
59085 22
88737 3
80058 7
53875 11
95234 35
71169 18
13418 30
34597 18
72763 28
40070 6
91475 9
68750 20
5805 19
99352 5
51166 9
1872 0
56709 32
22614 2
63819 5
1425 32
98862 18
31223 13
67671 28
38558 17
84690 29
25030 25
53332 4
59917 26
80264 19
46841 22
60154 11
87844 9
4126 32
74315 5
25750 3
35652 24
13293 24
20272 16
59849 27
26495 7
3306 13
2107 9
62429 31
43697 10
49633 16
62585 3
7991 13
85020 17
49831 17
16264 30
61377 20
83214 2
88795 30
87266 24
19976 2
11632 11
29805 7
22021 27
25182 32
60002 17
34625 13
60204 3
64656 34
30330 31
76800 2
35658 10
83254 28
53442 7
91941 6
59539 29
58557 21
25985 12
60261 1
82187 14
31158 17
22384 14
32278 31
39887 36
31703 2
65755 26
73972 25
99924 34
57672 7
50791 8
75467 1
98432 20
73421 26
20433 2
13231 31
93920 6
19371 31
1780 13
50041 16
21052 31
71820 30
41235 22
96732 19
24600 18
2721 23
44207 21
4857 10
61122 2
65627 15
94503 32
33593 14
4775 19
20995 12
3214 3
55047 6
43159 32
64678 27
6399 26
65727 9
7031 21
23765 2
9490 31
8280 33
69135 7
6482 4
62319 3
79162 25
22048 18
21698 15
86525 15
9794 31
45537 24
9420 25
75890 30
221 1
80065 24
45094 32
39238 25
70203 12
49983 21
58620 13
36474 29
23995 35
29982 34
46136 8
17149 22
8981 29
23376 10
86466 22
70244 7
72058 13
98509 1
22499 18
13129 10
27617 28
26102 35
18811 21
65875 33
17885 32
46045 33
13837 16
25078 11
42302 12
6265 21
50248 21
53173 1
74696 4
66893 20
55917 15
40223 16
50551 6
4067 4
54938 10
99244 36
12339 12
35193 1
52104 17
12494 3
45976 8
91147 29
60117 30
28049 35
90846 15
43728 9
70299 29
7186 2
32039 15
55365 31
45495 1
64415 0
95276 13
42364 15
71001 12
32350 13
28537 6
34773 8
17282 32
28157 22
23627 31
67943 19
76637 29
15784 25
56052 0
26789 13
28663 36
2662 29
42021 23
61778 31
41587 27
85846 12
70158 18
15983 26
94250 3
98302 9
56674 1
99230 31
3725 7
62422 0
91318 9
92859 24
94900 8
87545 19
67005 20
92650 0
86129 7
50465 16
74988 34
75155 22
54284 4
70980 13
48562 23
48173 36
192 34
35716 25
80686 2
36055 7
82138 28
79663 13
59519 27
66144 10
41412 23
8117 32
7194 1
69008 24
40560 9
38468 21
17292 27
55997 23
79529 19
66626 25
8698 1
87978 18
91079 6
78937 26
15954 9
59310 13
61341 21
26847 7
41442 13
87477 21
19518 34
1099 3
41355 4
11086 27
13205 5
23453 4
7643 35
11689 23
82093 31
5973 2
90500 20
85071 20
70782 26
8228 10
7324 31
3601 7
47401 35
69305 27
61408 17
27076 16
77365 0
30702 4
84151 29
36718 20
39502 18
10270 21
75647 2
78711 34
60558 33
22070 6
19843 13
98356 31
74988 28
95860 7
1059 2
89149 18
89985 27
11994 25
80211 4
36978 25
44978 0
86235 22
74118 4
62994 13
83295 12
25900 8
32081 4
34543 35
67618 16
86460 16
84110 24
81064 1
50023 21
75455 33
31485 1
11845 3
68770 20
73503 1
24688 29
5807 16
15036 26
2193 1
70699 17
95831 26
1212 7
17670 36
44616 20
36772 35
30738 12
19229 25
49740 32
29539 21
99020 3
11044 21
83561 36
2491 18
40572 13
38342 20
6546 29
55868 16
92693 18
57386 13
57943 14
85566 25
338 20
97785 33
58146 7
92366 0
4457 11
70696 4
40342 15
94666 22
13193 18
27325 35
39161 25
76561 28
53467 27
92655 1
55727 12
62097 13
80706 33
93189 23
88605 3
91460 16
20351 32
52967 31
10941 8
76204 4
1036 7
68229 9
67614 30
95955 23
15239 31
76174 9
5188 23
15619 9
95465 1
81872 3
8682 34
2752 34
9258 9
40648 25
71471 3
41526 28
69077 12
49638 31
36032 0
8732 26
19551 27
86768 13
87227 4
54777 11
56670 19
4660 31
49333 32
9452 29
60030 29
98068 4
30999 21
46124 21
98621 4
92592 4
97813 9
2918 18
4578 20
61580 29
37787 29
86241 30
38197 15
54872 6
82603 4
93888 28
57186 15
23299 9
98122 22
88624 31
16290 21
69132 24
85807 14
42994 9
61192 24
19413 36
89765 11
39765 9
77095 1
66288 15
13962 29
87318 18
70160 23
97489 17
15554 0
96433 9
89175 26
25170 32
81608 31
95758 6
52196 28
78823 8
38988 8
24989 25
1 7
93751 10
22949 32
3819 30
63697 16
48395 14
7697 7
49996 3
97708 13
12392 0
76178 30
33922 13
571 33
40963 10
55485 13
49715 30
60118 6
90820 4
79121 7
87722 12
3756 10
98369 12
86477 3
15057 1
62591 15
62142 29
73787 18
74007 7
70823 31
69670 11
36477 0
1035 16
56952 18
3120 31
71882 5
28119 15
71972 15
12068 6
73307 19
25784 15
54522 20
27697 13
6757 31
77407 7
33461 26
8765 20
40854 20
30185 21
66496 15
14621 9
65803 31
81867 33
66277 21
91548 22
52703 19
64807 29
7094 33
35550 15
24525 35
49786 7
8430 35
51185 17
70317 6
87735 33
6146 30
72722 22
33673 17
89563 26
79348 10
94192 19
17094 5
89313 16
94607 33
95056 1
10652 15
53132 11
72877 13
59257 23
56712 36
4800 13
40785 5
24003 29
48232 10
72017 31
17457 7
2316 31
22376 24
90197 8
45108 7
33905 15
76310 20
4687 11
22808 14
51881 0
13670 5
73442 11
54994 26
90614 14
98458 8
79149 16
7901 35
53258 24
77673 19
46565 5
42137 16
82198 20
39325 2
76769 9
12351 18
30279 21
98531 3
41005 19
59485 21
73162 15
70233 33
99109 18
13177 30
3843 12
82994 14
44696 7
93250 10
48714 21
95270 10
31459 3
29879 5
37629 21
10116 7
52819 8
19904 24
33060 36
4768 15
14968 14
38831 26
47786 6
74247 17
99267 35
9690 25
7359 31
34743 22
62458 30
39162 3
17680 1
75409 21
36079 8
80673 17
95980 12
39960 31
68568 20
89121 20
99778 5
59870 15
93900 21
56624 35
256 19
44704 8
7527 27
23645 19
66183 33
56009 27
97748 14
74804 4
41972 19
97045 24
25972 27
6774 31
94941 33
29147 24
84845 33
87823 15
50512 18
98985 36
38757 23
12069 12
55466 36
4178 16
89961 4
31639 17
53588 3
64620 25
67037 23
10986 26
41560 13
71977 25
78487 30
55706 0
29023 33
79113 25
36101 1
4857 5
23038 29
52681 21
82474 33
11437 17
65130 32
26784 24
81788 23
64433 7
12397 27
548 15
50453 23
20903 35
52570 2
55973 7
7071 13
53063 19
63032 3
51155 23
93713 8
30730 17
16914 7
80858 30
6291 34
3376 35
64644 28
38064 7
46678 34
77333 6
70998 5
19146 8
72417 36
72929 32
65269 17
7369 36
8549 24
97333 21
58146 34
46744 35
19996 27
92208 21
64037 5
97887 23
33461 26
67214 36
49500 28
2917 17
38341 5
15962 33
57922 34
73226 32
33559 7
61355 22
80412 29
90947 3
35445 27
5705 1
2504 12
85389 34
35081 35
32793 13
26432 26
18019 18
63563 31
22001 2
98133 25
49246 29
2871 29
89866 19
33537 20
62724 8
72661 25
89573 25
28076 33
65122 24
84450 17
53515 10
22288 18
57086 8
7077 35
34218 9
9898 32
78596 9
16060 11
18959 5
33394 13
50252 15
75923 14
74584 9
1382 28
98488 10
13891 27
58673 8
95566 23
81272 15
77001 10
40292 32
16568 6
48416 16
80128 31
84128 16
7641 19
26824 14
52776 19
5353 14
8796 17
36674 31
68318 6
64487 7
88020 5
54008 10
85225 11
55983 36
13725 33
17844 4
20430 31
96936 24
59995 35
41283 5
52682 18
62405 25
97663 19
4701 0
38789 25
37784 20
43025 14
34134 0
314 23
31531 30
24774 2
82106 29
9736 3
3995 16
78291 24
17219 10
26757 24
58361 15
15184 2
33085 19
58853 33
23371 8
67330 29
97846 19
42058 25
68066 34
82788 6
33157 34
19444 17
98249 2
40997 14
83458 27
88331 22
10330 6
80110 12
62864 23
99867 8
44585 8
72599 8
92475 13
8636 28
19515 36
19477 1
20623 35
27447 13
78960 2
98137 11
97340 17
52974 5
42270 9
42054 31
69984 4
77958 2
38453 14
80777 0
70835 21
80191 4
4341 6
61058 29
11629 5
99716 36
90362 12
87821 12
72402 34
61522 34
66280 10
59453 17
6676 4
81330 36
95797 29
4296 5
74153 0
89000 3
11789 23
793 19
89426 26
63881 14
52459 27
17775 6
22478 1
76232 19
94959 18
83949 4
34243 32
22162 22
99066 29
81215 28
6038 4
74997 4
10116 22
84987 30
30011 22
83301 6
98823 13
81260 36
83388 11
7658 1
2935 11
37089 19
92408 0
87713 1
63517 31
30215 1
72714 17
37153 0
49048 11
56593 7
66719 32
11865 15
4734 7
94547 7
34363 14
60257 14
64603 34
59703 35
9333 5
75271 22
37010 27
61868 4
71337 19
40735 34
12516 4
90033 9
64445 36
97257 31
82346 23
8929 32
20133 24
5870 23
43278 26
7136 12
88357 15
21094 31
93581 21
43805 4
32966 27
10411 1
18272 32
92118 24
2192 19
69921 0
92664 15
66721 29
42822 9
35865 26
17893 16
86825 15
5608 32
71437 32
52978 2
83072 14
27897 27
40392 35
87559 14
65502 28
4013 14
47138 18
57254 27
29802 23
11853 15
23762 33
25088 21
97314 30
37100 19
50342 5
79975 17
84236 6
94014 4
19688 31
97883 12
30781 4
55840 19
15131 18
97702 33
16281 22
37519 18
63148 30
63326 19
65706 2
54137 6
97385 25
69234 3
66651 15
22534 3
80540 20
28530 1
21311 28
1285 28
87857 21
56916 8
71716 8
64481 12
53208 31
3588 1
17070 17
11812 33
20011 20
42989 26
24037 2
49208 27
65126 22
84870 0
86476 28
35218 21
50325 4
93996 9
48005 4
4313 31
52992 23
18116 14
90632 22
51815 16
35959 34
12320 30
8452 16
84482 11
66465 30
44483 0
80329 28
13602 15
22059 32
90835 27
81831 11
48451 17
50629 12
76398 12
30955 15
27601 18
7549 20
53846 17
13332 23
39752 1
48252 5
66273 33
30033 28
77650 23
26295 17
4871 14
53365 18
59456 31
13385 24
27294 7
79683 35
85295 12
28416 17
44140 27
23800 11
45760 10
43096 32
60743 27
42840 11
93996 35
41637 23
18986 8
17770 25
29363 9
30771 5
38173 8
9100 20
21914 18
77194 17
47666 29
80548 31
22145 31
79529 1
19689 20
26525 22
17171 21
73696 16
1606 28
11928 0
38794 33
90885 8
89954 15
31260 4
72216 7
43614 7
31498 33
28685 23
32640 3
18002 4
62979 12
92730 21
78049 5
79951 3
20849 34
25490 9
87429 9
33959 9
49002 22
47114 19
80044 2
24812 15
45901 34
57578 5
57867 24
21392 13
66129 12
21166 18
39038 36
30242 11
40862 30
85848 18
34972 15
94413 33
14367 32
49767 12
5785 10
49462 26
49662 11
64472 0
71846 25
50888 3
44989 27
82687 29
54167 34
91812 35
82692 21
28868 30
80996 1
33391 19
36126 1
78846 22
98726 24
79453 25
49764 28
95856 17
57639 10
46728 16
31123 15
83961 8
22882 19
25590 4
20 27
68469 23
71861 28
95939 34
26928 19
64477 22
20353 35
77154 9
60649 18
223 13
62555 24
31490 27
94522 17
84409 23
88730 17
26712 20
16439 33
39379 25
14942 35
63170 19
86782 35
3304 14
18962 14
24041 4
4478 35
53999 6
16820 34
61922 14
92653 17
40038 1
90474 23
37762 7
22720 12
25750 15
19449 0
24083 31
83366 14
43766 9
75409 2
5212 23
32382 31
66302 17
70293 19
6952 13
56394 34
47810 19
97888 32
33288 31
55789 11
79914 17
6974 4
33811 0
91485 35
48362 26
76569 35
23925 15
1562 9
4152 27
98741 9
80643 26
7012 16
40297 4
12227 35
61725 8
8094 21
48546 8
44106 31
44011 24
30607 33
55836 25
24611 4
40020 12
35710 32
67897 5
97122 26
39783 29
78 22
1363 10
95357 2
4490 15
73297 18
91639 32
66031 33
45523 15
7717 9
99965 21
15411 10
31790 33
68351 5
48039 34
32141 16
94728 34
6264 29
15103 24
75011 0
88315 30
95756 0
30020 21
77803 18
52947 7
13369 9
90657 35
14500 5
45132 18
69406 8
63312 33
45624 2
48862 17
62523 10
55019 28
74574 19
24546 29
68558 22
70475 13
26250 34
62599 11
68639 27
70591 32
71047 16
94795 14
58626 30
2629 13
39559 9
99612 5
44953 4
68624 35
83239 19
57842 27
99184 29
70041 0
65436 18
63189 15
58455 27
16938 15
58798 6
33665 11
6998 24
41475 11
31907 8
42291 13
76190 13
74926 12
21333 16
73631 35
51075 15
20903 8
12317 29
48398 20
66735 15
33283 0
35478 27
1805 23
26707 11
47965 19
56732 27
65789 1
85810 24
4787 0
26804 19
94670 11
46231 33
91329 16
19495 0
94193 15
66470 16
4632 26
58378 33
63706 1
58197 12
94573 35
93493 4
66738 36
73690 11
25198 35
24720 30
96210 5
86943 12
47371 16
17332 7
21024 11
15572 32
90309 3
3245 5
79307 12
17863 32
53123 29
41880 21
32251 18
84951 31
684 24
41965 21
59820 5
63386 2
31209 11
52481 24
78325 35
17333 34
54667 29
44942 29
79190 6
71876 26
361 20
26380 3
82575 32
59834 6
84310 26
72702 33
23955 3
95198 19
41794 13
25764 19
47847 24
11810 14
68001 12
51601 12
21410 11
54225 16
32924 23
4707 13
20461 6
69142 35
72089 32
50515 33
45725 1
65713 3
2654 31
66801 30
81468 7
27737 28
8190 22
83780 4
47264 0
87596 5
76851 12
81036 12
56404 11
19796 16
40416 32
90710 0
10856 34
37599 29
51550 16
29305 10
46489 6
4219 1
46038 6
44165 5
68286 10
60977 1
2024 27
76412 15
27230 10
33451 7
53061 14
18026 24
25867 33
89780 23
34044 9
62938 20
6386 14
54709 31
34639 4
70844 27
23619 24
55017 1
96563 34
36620 2
39220 26
47933 14
40489 17
71956 27
69848 11
39232 7
35001 8
82691 22
86458 23
93873 5
50734 14
80834 23
64047 27
44863 11
46632 0
55983 24
82803 23
42898 23
34078 32
36453 23
69063 0
16448 34
98692 20
23265 12
99716 25
86409 0
96206 33
67853 29
86417 22
8836 34
16103 1
25325 28
19660 12
69794 15
26976 3
69427 10
31823 7
21902 23
34594 20
60823 10
48390 28
89486 3
99429 9
47319 20
64568 27
62024 20
66070 21
22204 20
33384 11
80949 31
7351 9
25591 13
7090 6
84654 9
77150 23
58605 25
43763 26
30387 10
11298 21
64973 12
79174 4
77007 17
21276 35
82008 36
47919 24
71355 28
25123 34
24926 32
54002 14
18833 33
55273 24
37927 0
59750 1
41871 8
34240 24
59154 34
37317 3
65593 14
66135 34
57456 28
17602 31
83814 32
92762 5
63382 17
13485 2
84402 22
97517 23
12187 28
66789 5
57435 32
11992 20
35876 2
40197 28
69358 7
46931 27
3298 24
75939 35
20761 0
62747 28
72352 14
20134 24
88030 15
30162 12
94780 8
7737 22
18561 20
7169 31
32367 23
39025 0
53492 3
34147 13
35170 7
6712 14
78410 15
23339 28
41563 26
71399 7
86853 2
15321 4
50416 1
5362 0
34188 29
72430 20
768 0
16252 4
27262 9
11224 28
1271 27
7873 15
51015 0
48426 35
18351 13
85241 2
75431 27
50225 2
9272 5
79258 3
81934 8
58764 33
76362 27
47980 16
94422 13
42753 31
6347 12
58532 20
7554 31
34865 0
89446 20
96022 17
46381 16
67889 9
60095 26
40258 7
68251 15
86150 17
78719 21
58525 28
91694 18
42645 27
38667 28
1181 8
7917 12
18794 19
35371 28
77082 11
59210 28
11399 16
5399 33
39043 31
10717 13
29680 15
9359 12
86205 3
54318 11
93408 25
55851 14
77491 24
15543 23
89196 15
52752 5
63035 3
57864 7
88465 12
29718 19
53711 31
46874 16
51537 27
87446 2
18987 20
89795 29
68480 30
60894 18
73097 33
12088 12
80033 16
20807 35
63358 4
36831 35
65094 31
86222 31
39046 22
99732 34
43443 14
83867 16
11315 8
29036 12
14236 34
64848 7
43376 27
42197 3
14206 34
61720 28
51259 30
20180 14
9963 7
41879 6
66139 23
12719 29
18295 32
92973 13
10831 24
35452 26
29118 11
1352 18
14460 15
70794 29
84776 4
42855 6
88853 29
34999 30
25613 20
31072 32
59551 18
757 26
92638 11
50432 17
20353 19
11662 22
99361 30
92867 33
49538 17
44720 3
90886 25
43200 18
97695 5
94223 5
6547 23
24757 15
27367 6
54387 0
89259 15
45782 23
8315 12
27045 14
33740 18
63369 16
40992 9
78110 19
95958 27
14385 14
40926 35
53731 22
74637 32
33060 36
28274 15
86987 19
31426 18
68431 28
66638 3
2501 13
87865 12
5307 13
29248 2
35551 28
75783 35
60292 34
45897 36
186 17
84050 36
16512 9
18515 15
84184 28
66791 21
72068 18
60333 35
90990 8
5805 19
31957 22
43163 17
50365 7
36037 19
53907 7
88319 0
14396 32
71309 12
58109 1
9940 3
38361 30
5807 34
30121 19
82485 1
23825 14
27446 9
23220 28
83146 21
18241 0
90107 29
3905 6
89029 6
21883 15
16800 30
38275 15
74968 20
76921 16
855 2
96168 31
47450 32
95605 7
2983 36
69288 12
63578 23
49091 16
58760 5
19599 35
67263 3
40110 27
41979 27
52973 2
96845 20
62933 21
96667 32
4936 33
64147 33
84344 34
51897 14
35656 18
76989 31
16556 6
60404 21
74161 7
10848 15
96288 28
39869 23
42877 35
28875 23
49974 24
78380 11
51957 1
58269 11
6943 1
97193 15
75519 11
11525 4
97327 34
21662 33
46055 32
85185 16
69038 27
91479 16
87149 17
65195 13
82367 26
6623 23
44200 1
53096 20
48112 0
92880 0
24036 4
64683 1
72761 6
8675 14
10021 4
91391 6
67256 21
89508 32
35201 18
86559 18
53759 30
5783 3
36944 28
59667 21
55188 21
28058 33
76812 16
7353 28
77287 17
42978 20
63484 10
19885 30
76692 20
39061 31
40210 22
67832 4
76095 29
60476 34
90119 1
65206 5
59026 14
3705 12
29166 29
55950 28
99319 4
27796 33
97428 0
64937 16
88623 8
7084 27
64636 0
18363 4
97433 29
17989 8
45222 21
75522 33
92727 28
60305 10
36091 23
47640 36
25190 17
9328 4
97698 10
26234 15
44935 6
14465 36
48181 23
97791 4
9679 30
26234 17
29720 17
49803 16
10992 7
72222 23
85861 18
75732 11
27763 13
24414 34
55582 1
14911 28
86835 23
76431 20
28754 35
70030 28
36996 32
56435 21
69412 7
50735 16
15979 21
10554 29
55268 11
49942 13
72082 24
47976 19
63648 7
39276 9
83463 13
44577 14
7136 6
47482 22
44435 4
51213 25
38025 8
13846 20
42391 24
8807 16
34082 27
15888 27
17885 23
53688 10
35015 36
59866 26
37410 20
74674 29
51760 24
87503 17
30116 8
11390 5
49260 5
72656 8
73169 10
78226 14
50210 13
44885 20
89090 24
85163 35
42650 15
48740 34
38197 14
56586 20
53938 22
61190 32
50614 3
92973 23
57050 6
90535 17
80800 20
75291 8
1189 12
41815 29
43891 22
31355 29
86163 36
97315 16
33606 13
8562 6
20214 26
93194 20
24220 20
97645 5
10717 5
21574 3
8907 12
60193 26
93372 31
80028 25
70134 2
93200 6
64109 23
94567 34
39252 32
27882 31
87510 21
63782 8
73914 10
14431 28
86235 33
32081 4
3512 19
46343 6
8808 4
6656 36
3912 26
77349 7
33742 9
86066 23
87828 22
16166 28
62612 21
37366 11
53367 7
12449 20
50036 21
49550 8
66482 13
72383 26
57622 10
88755 20
56686 23
60347 6
3115 2
26465 4
53410 25
82937 0
15577 18
11316 30
94377 32
50463 17
23500 7
40829 18
51026 33
23491 21
94952 13
86862 26
10107 32
90119 19
86439 22
29806 15
85426 5
88377 6
58649 10
55817 21
36045 34
3467 6
51958 27
87636 7
98951 26
10677 36
27743 16
62214 16
19134 7
20825 24
78853 17
41231 28
54511 1
48981 11
21875 29
48929 8
10481 29
15393 32
50999 17
46825 3
57710 15
2824 6
97005 20
85521 26
15277 18
42382 6
27487 34
76472 27
61710 12
10054 31
79611 12
2083 8
4232 1
51305 4
87124 30
58491 9
61187 21
19829 20
86628 13
23739 15
18160 26
84695 31
91349 0
15125 31
31445 12
23566 1
58319 11
87786 4
99515 12
51503 14
92418 16
25606 7
32277 3
75475 23
75521 25
77660 1
36978 14
84481 30
13053 11
73798 36
56266 1
29835 12
75287 22
84626 30
62830 36
23876 32
41307 7
76348 22
83061 21
60067 13
75688 4
87670 12
39016 31
25936 29
19060 22
94164 34
37559 5
85868 22
51861 25
62051 11
67598 16
61336 34
99469 29
4493 8
98571 12
51481 3
83628 21
83387 6
83464 25
47556 6
36840 33
46303 34
3643 8
67036 21
94026 36
76590 18
42338 13
76942 13
67786 19
83637 5
46490 22
79675 27
60983 35
83554 27
51120 9
28696 12
54529 2
14542 2
32010 20
54681 35
37970 3
57239 8
42827 4
42643 35
13227 29
71936 22
96604 17
26921 23
6209 19
80917 13
78374 6
84766 21
71527 27
94679 32
68365 33
98679 31
15305 9
52446 14
35688 2
10090 0
67991 3
93946 19
69569 19
92195 4
68553 29
85263 0
61538 2
85254 18
47868 11
23670 13
4001 23
86957 34
36642 18
47414 34
86098 12
53654 21
52664 1
61044 29
5662 29
63711 1
39405 29
20311 3
59052 20
37792 3
1597 11
70582 20
38813 4
67834 6
21239 12
42636 9
92786 13
87968 31
48792 20
37657 10
34072 32
17478 19
15396 5
23944 6
53090 34
88719 14
32015 33
42923 35
27109 18
6515 24
1321 25
74187 29
8518 8
49171 21
8533 22
80911 34
48684 29
30984 36
98034 18
11061 27
73225 33
21935 34
90329 14
91837 21
75547 10
70084 33
15129 10
78495 11
89868 0
43445 28
2108 34
81624 16
4356 16
22063 8
84195 20
11093 26
99876 23
94685 7
71174 27
94852 25
91717 8
74196 2
28726 0
70796 26
97067 8
54585 7
22196 12
72337 14
14430 0
45685 33
48571 13
29140 33
55429 3
62114 25
3305 16
54016 24
5787 16
80275 5
46088 12
59574 12
37971 30
92097 17
29001 16
67474 15
97998 19
88858 21
7847 21
62595 4
6838 35
3434 36
32351 16
21432 12
9080 34
25563 9
23023 34
65249 28
58214 28
47563 7
19698 9
8592 32
66022 16
55477 1
17644 15
86898 20
99805 16
60863 23
18973 4
70760 5
23452 30
59967 14
40135 22
10673 31
49355 1
49935 1
37638 2
91588 26
76269 4
96965 33
24225 8
28201 32
27529 1
73958 22
33075 5
55531 23
44363 33
51042 29
94923 30
71777 14
5979 15
40540 21
54681 6
34577 19
73782 13
21548 9
18836 16
77566 9
83760 16
44170 7
37171 29
99760 6
63812 3
45477 11
6916 13
99712 19
39175 4
15185 6
4834 16
35880 17
5998 6
1076 36
1239 19
80893 32
87160 6
48164 10
82603 19
66056 30
97344 2
47627 11
38220 21
31279 4
100 2
21750 19
62155 36
54700 33
7885 30
60981 36
51646 8
26524 27
74857 2
50727 25
86511 7
80705 36
75998 24
14947 10
45270 26
51957 1
781 8
73254 8
87651 20
56900 27
55485 23
32485 35
20721 5
62585 15
71328 28
99369 28
8609 16
44714 25
32806 1
87699 1
40980 29
75723 16
32851 29
31811 16
71201 35
62162 18
25606 6
48479 2
24779 36
67112 23
94017 1
75195 22
20927 28
566 9
76722 17
40911 4
42776 33
39483 35
5009 7
35245 16
3257 1
13633 15
65390 9
49365 13
3854 31
48076 2
48140 0
43870 15
70331 24
97019 11
69269 35
68353 36
48171 14
44655 13
94552 30
58151 12
61995 17
73334 15
75835 6
87748 33
29221 18
19558 5
61038 24
69728 25
96972 25
39007 36
5979 11
91185 27
64217 31
77931 20
33438 20
93 7
4999 32
27534 18
82405 26
54983 21
82862 17
50819 19
35905 14
7707 9
13437 7
46186 33
88052 11
51208 19
74721 6
78057 21
90094 10
52429 36
58559 3
90152 29
16366 6
68059 3
41731 28
18300 12
88636 18
66796 0
97700 10
28835 17
63005 11
96342 17
84224 13
72496 33
77134 17
14434 19
67037 14
43157 34
63236 5
79447 36
16586 25
12971 36
76613 26
15116 28
33156 18
51968 10
67065 36
19116 19
42762 35
5074 14
5966 23
93795 34
87158 9
64768 27
91457 27
41325 6
13297 22
21205 5
37852 20
22787 32
59451 16
49163 27
4864 36
31400 36
25716 23
7756 35
13725 11
32278 20
89982 33
85359 15
89505 21
14001 25
78464 20
65615 27
71622 35
31194 19
52937 25
2961 13
4484 26
56554 16
80605 33
47515 24
59831 13
20355 14
29797 21
90279 0
53305 7
78198 28
68746 27
42658 24
46999 11
58091 31
77047 1
22644 6
22887 14
83193 5
57787 10
39559 23
89422 16
57332 11
11853 14
30344 3
87791 0
61046 7
16112 35
81054 6
55173 10
71782 33
17799 24
61712 26
43571 25
93868 22
63597 4
9071 18
69391 34
25273 18
64089 6
27759 4
84418 6
27588 12
51074 14
68525 28
30972 0
96537 28
81187 32
57834 12
78130 22
85056 17
94932 34
75941 30
50380 30
21480 5
9813 26
71569 36
17716 22
26664 9
90272 3
82905 17
84310 17
58808 15
80411 26
11923 24
294 31
97341 16
7216 34
82599 1
93284 23
49652 22
97489 3
98457 8
7198 5
10924 28
90902 30
58634 34
94470 16
49494 19
36283 13
76945 23
49823 18
64760 7
2880 14
22205 16
92521 0
36533 8
56669 26
63819 23
64612 6
64634 16
12844 6
79153 17
23144 9
98097 20
29815 2
76208 28
65892 33
53941 34
68225 33
57501 1
66194 24
57244 30
7956 16
33098 21
44077 34
79177 4
43538 12
60546 3
24913 30
24077 11
40741 25
44891 12
77739 25
97295 24
29215 1
86409 14
95238 10
96732 2
6622 29
2567 20
58217 28
27246 28
96418 30
35591 35
36922 22
57637 32
17002 13
42392 34
90672 31
83355 26
18968 2
52175 32
42083 30
36680 26
19762 26
25427 34
9000 9
63233 2
22558 14
46471 9
20805 8
45813 11
19352 32
31153 5
26771 17
20843 10
72046 25
97015 11
92948 30
40423 6
38429 22
12283 26
39838 1
43051 10
22441 6
61197 1
31125 31
65339 34
98356 2
78531 2
79153 27
44936 9
43430 29
7139 13
53424 36
20409 23
10050 20
41008 11
74911 16
61680 8
20311 8
1456 13
56430 2
18161 25
20938 15
91147 29
10859 17
89330 34
68555 8
95835 12
12824 22
77379 13
24519 33
87798 20
97236 7
62212 35
83179 7
43365 0
86413 15
77918 17
44555 25
46210 33
8448 29
16755 2
89740 0
18396 17
15104 10
55308 35
88196 30
90927 30
48962 16
14042 5
51441 2
17492 34
34137 14
47531 19
9163 16
37829 8
29352 3
29461 1
92380 9
89059 36
14396 4
32799 9
79479 18
92039 7
99728 14
31114 7
75777 31
21437 15
96599 36
39140 25
213 28
53148 15
19208 16
45910 11
86781 30
58527 8
11448 34
38725 8
15334 1
83880 29
14225 36
13652 28
41365 14
72105 31
4918 35
63217 24
89964 1
45085 35
46721 20
50646 16
66777 28
7451 31
9413 1
6845 18
20778 11
36531 35
32339 21
40386 0
31537 14
33537 28
75493 1
55132 3
9408 15
92405 30
36822 0
71593 13
93278 9
99308 18
5464 16
17686 5
70400 21
4105 18
56812 7
56435 0
20216 9
40927 31
11118 11
5848 34
6052 29
12149 4
99891 30
77035 13
5982 26
6595 2
57060 27
46626 12
22204 10
86527 0
20187 21
14699 27
32395 2
59388 32
59772 33
36532 14
57576 5
59356 33
74686 8
81599 6
13730 10
94855 33
63719 36
89073 15
20826 29
89604 0
24374 36
68830 6
31356 17
49365 28
8384 10
92863 25
28303 25
35354 26
45024 24
93639 36
45069 30
75148 16
32063 24
89137 10
76722 25
45468 0
7080 17
91244 20
570 35
62982 26
17476 29
30109 1
70727 5
87861 3
25980 15
80681 20
34443 26
71562 33
32947 23
86203 14
93933 10
2765 25
26011 21
65642 24
34487 9
77817 23
53095 23
30115 24
78001 36
83400 27
18489 30
11240 25
46558 36
38561 31
5742 6
93853 34
3103 26
61852 23
1048 22
43499 27
46809 16
6193 10
66852 30
42414 17
28259 31
42825 10
57657 28
70419 3
52396 34
42230 25
77027 0
32741 34
5525 21
91525 10
4305 27
8186 0
7253 18
50513 17
76097 31
97204 19
34687 23
61500 24
76182 26
60515 6
1480 6
32591 6
67903 32
57517 20
53481 12
30709 29
33476 7
39469 26
69565 32
56738 12
32892 23
61319 5
77344 21
39509 22
32688 33
4659 32
77710 30
19315 0
17580 8
39259 16
14051 1
75513 22
91753 9
44955 36
36560 19
117 12
91517 26
45794 23
11201 16
67694 14
50615 31
75945 14
14079 20
3964 30
58247 35
45968 17
95124 8
83457 23
54269 4
30194 3
46428 16
16250 14
42138 23
90953 20
32877 5
38596 30
51074 23
21504 13
6892 5
31552 10
77074 35
15646 2
72680 4
54718 20
636 16
37901 4
31146 4
37173 1
62630 20
50941 1
22374 10
11254 6
19236 11
19991 6
48728 35
22468 33
50895 12
58463 29
1058 4
69777 6
6192 17
84296 27
17047 13
21328 11
1367 27
75542 34
51229 13
187 23
34426 11
29672 36
80998 2
39919 23
8118 20
12829 12
53291 2
39998 32
14409 31
35568 23
57255 9
28785 33
99636 17
83739 33
80052 5
30114 22
50596 22
52791 6
30894 17
57821 35
18262 27
73554 6
24224 4
12773 16
81690 32
81334 8
17508 9
84531 36
39271 2
44339 19
40115 33
40163 1
91607 6
2943 29
17677 36
51309 17
96308 21
52371 29
43937 17
80109 30
81334 10
87052 31
19591 0
74358 2
2547 6
98734 33
449 6
93522 3
32120 36
63823 20
1361 1
34720 19
48497 9
72540 36
35632 30
96149 26
86143 7
8362 24
81737 22
51323 15
95907 13
85164 15
99343 25
19939 1
68263 19
39377 23
67877 10
44742 25
93002 22
35141 5
33080 27
74232 21
25577 27
56282 12
32151 11
68204 22
85937 26
72096 20
17390 22
65834 17
50767 33
66172 10
21410 10
6431 4
21292 24
87468 5
77127 2
48467 2
74324 25
22959 18
96238 19
11027 5
93140 0
16392 19
9828 18
66650 34
54234 1
70851 17
38020 27
47928 24
68993 8
14570 24
42038 31
87331 0
70151 4
15602 32
91840 21
28234 22
58001 7
90985 29
15922 21
77301 34
30984 3
50330 21
12658 23
42841 13
80983 27
89245 33
99952 25
22355 25
52866 30
31315 7
74215 15
60275 21
23648 31
94559 25
57744 21
47114 11
32075 30
97724 8
89804 13
8280 34
4218 16
99247 18
5722 3
72228 11
29257 27
6098 36
46235 19
66812 23
8543 5
88528 35
81940 24
53854 26
84795 8
39615 8
71684 31
72063 6
2588 19
9528 32
65268 35
80886 32
9606 32
87708 12
54016 14
94874 15
21345 13
35169 13
55143 0
74548 19
32883 16
89267 11
81266 9
9713 36
96393 35
88199 29
60805 12
43154 27
32155 10
82639 31
32273 0
72932 2
13191 21
70877 20
50724 27
69619 4
81109 14
47427 1
44731 12
55984 12
97252 3
27945 6
46951 32
72206 9
43910 30
25176 9
74220 32
8898 13
20301 9
77077 21
24116 34
11447 5
48662 16
34061 24
11158 25
34446 3
39127 33
91773 31
65838 26
42707 25
10458 23
98927 12
50305 15
56133 34
8192 32
59478 23
41224 12
85539 28
24072 17
72019 23
73110 12
26212 16
53087 25
49215 3
2240 31
94680 5
77987 1
47260 36
45702 7
87213 5
91994 36
76468 0
52810 14
32729 8
41163 23
53906 7
91601 2
47650 30
66212 15
26965 13
51880 23
78043 16
31218 0
6480 12
4246 35
8697 8
6116 20
93806 8
52125 30
95237 16
35583 16
84842 32
79108 6
36268 35
73417 9
67694 2
12108 15
96537 34
94658 2
37413 7
23408 1
22982 32
20683 20
90846 16
29646 28
49967 11
62285 28
88140 29
22628 0
66940 11
99270 27
10983 15
18156 12
71576 4
23684 35
39288 5
92543 13
47814 3
32801 3
44439 12
26271 6
83567 5
25200 25
74708 7
30042 24
13928 32
34825 30
22733 23
41554 15
77422 7
32881 3
96797 9
53188 2
11834 9
84805 14
41145 21
57208 29
1542 23
35855 6
12219 11
31020 15
95735 8
87838 1
55977 24
79674 22
10274 29
64509 17
6074 35
79019 12
21898 7
91161 19
33002 24
82023 13
37216 34
20491 27
15815 0
66140 3
60537 4
60356 3
19427 29
9475 36
61035 6
19592 31
29657 1
63863 26
73939 17
53106 21
45584 34
26294 12
84574 2
6844 4
78663 18
28425 27
65934 0
15728 3
13157 27
80736 34
33638 2
52981 16
4368 14
38456 35
66524 34
46966 17
11664 7
98238 30
66371 33
82704 20
69486 7
76459 32
33851 27
57134 16
82684 18
40139 23
10664 13
6800 16
38997 31
67379 15
83874 35
81920 27
72622 24
96352 8
49428 9
79547 18
65072 17
46017 32
65965 21
14073 27
36156 35
60385 2
70421 13
33614 17
44490 21
38477 22
67588 32
21611 3
11329 29
80080 8
11708 1
427 23
56449 5
29496 29
42267 23
19233 14
57287 13
8590 0
4696 12
50618 21
9535 19
38596 26
74012 12
63881 0
90716 19
37572 10
21867 13
73919 14
49667 11
71265 29
86374 18
41065 3
84991 12
94789 11
98777 6
85195 27
29097 23
42048 21
62632 15
65932 17
71257 31
19500 23
84991 27
7017 18
48098 3
13882 29
13733 16
8739 16
3313 16
2622 24
50120 34
68208 2
85047 36
4227 1
12030 31
82947 33
82719 14
12655 16
51598 29
59099 27
94377 30
52677 20
23408 5
8141 7
52717 17
63122 3
28143 1
70480 7
27853 36
12819 3
97692 19
40772 14
38133 29
33781 23
25550 18
72781 36
63 9
69672 31
84725 11
2448 2
69989 22
97134 26
5551 33
71705 27
43003 28
45535 31
78652 17
20208 13
41254 29
89804 11
43156 35
20925 31
6458 9
53632 2
20441 25
86110 18
34742 11
67618 12
6441 5
86426 3
21998 23
11770 34
52449 17
65568 21
12587 8
35941 27
87992 5
3276 16
17819 20
51640 19
25430 13
2288 11
24577 20
54812 12
42115 31
12668 1
30088 34
91953 7
17702 31
62597 12
68982 29
37979 27
61465 1
75122 28
83542 31
55995 8
74855 0
5291 16
47490 19
27139 1
99645 35
54868 5
24988 16
72898 14
67293 9
36266 17
74327 8
66033 34
89582 4
74907 23
8111 25
81923 14
41320 18
50180 34
31063 34
87348 20
75189 21
83491 33
20851 35
77527 23
30867 29
99857 36
63951 27
86306 1
30524 27
13635 29
16513 14
75656 34
1573 7
96433 34
46616 28
10030 14
51611 3
37326 32
64719 20
95923 29
34115 4
77483 18
5609 36
40351 5
20742 18
97735 28
33964 26
30307 11
17994 8
56091 26
34327 30
22609 8
16447 5
80400 22
60390 18
30830 35
11120 20
94498 13
56703 33
98777 16
57196 3
76961 24
79856 15
24779 2
57386 7
68543 8
7341 36
1920 21
61992 7
87628 10
68043 8
4997 25
70571 21
49555 11
54155 4
57346 19
80857 4
44210 5
36 12
28388 22
43725 19
5856 2
28179 33
76287 22
91147 4
53267 35
37016 19
441 24
96579 36
99884 8
37420 16
3725 18
10933 25
37063 9
13401 25
19333 31
68058 3
77175 22
17781 14
40022 26
79622 22
63874 23
34271 17
80072 15
78961 29
85144 1
6116 16
69830 18
93692 21
60846 33
12869 15
81725 32
92338 9
86865 4
74410 1
71939 18
65584 13
85231 1
30288 11
37766 27
98447 20
95725 31
74778 1
61496 13
99361 20
94617 35
29981 13
36307 33
6810 29
5149 3
75509 5
87440 25
6911 29
33670 20
65067 21
32710 26
28732 20
33384 9
72560 19
68337 3
32821 0
16597 0
25382 4
90295 25
18188 23
8041 31
47832 36
95947 17
22299 5
50813 6
21362 26
17682 26
57793 25
12479 16
37132 0
92246 1
22670 4
65498 28
29578 5
15478 0
20027 30
11628 33
98232 3
73128 30
7612 11
37708 30
91191 17
94479 35
59669 6
69489 16
79413 5
31234 1
5568 10
98595 18
44488 2
83816 36
97113 26
86233 36
83189 7
31075 35
7002 11
6849 8
22793 25
45597 34
17509 36
77524 1
39790 35
2327 6
87653 23
86250 31
56379 2
98081 7
64571 1
2780 26
13004 12
49728 5
78536 16
75402 4
71623 11
63792 31
34347 21
62876 26
17341 28
67478 4
9616 34
26884 7
4445 26
45744 18
18220 14
42097 18
6215 7
45533 27
97700 12
72537 10
96464 22
37321 6
25790 22
91719 11
86372 14
83684 15
21125 31
94791 14
98047 10
96117 6
59983 4
29441 36
29115 13
62090 24
44878 6
76112 30
94291 16
73394 34
58572 17
34956 10
44705 18
44164 29
14066 20
41775 36
36419 6
22777 15
14947 8
47379 8
74317 1
14368 4
44632 28
94385 1
81319 34
70624 16
73078 0
31752 9
88247 4
42884 36
65375 6
68519 13
72666 18
54041 18
43321 6
70452 25
9697 7
96843 25
93336 1
67257 13
79863 0
15053 9
79803 31
63973 32
29667 23
20352 24
83084 36
99172 8
21037 16
24490 10
90930 2
71942 6
72410 13
53609 3
82103 7
1496 28
54438 18
52222 6
4682 24
44693 1
78527 26
67821 26
29127 3
50467 36
11119 20
19825 14
48573 13
14715 31
74131 30
68293 13
63711 9
92080 4
60704 27
56559 24
67646 34
30780 26
14431 13
61582 27
37032 1
98131 31
48506 4
39402 14
9798 11
85262 26
83432 9
55555 10
56328 0
69636 32
55971 34
2186 36
32246 16
65834 10
5372 30
19271 12
18690 24
82799 5
50480 2
56387 4
74213 25
56686 5
42149 28
73637 10
27417 12
11557 14
68812 32
22433 33
23403 17
77493 1
71619 27
15529 23
31546 5
47225 17
11807 26
18773 36
65626 12
11585 27
83207 28
44132 8
18008 11
49679 6
83810 28
84532 34
13214 31
36839 8
809 29
19368 24
65437 19
62474 10
21327 0
78032 4
54092 28
45972 25
77397 33
69032 26
64946 28
18924 0
82207 6
73129 2
63890 36
93794 9
85456 9
58670 1
42753 25
68807 17
44798 3
48565 32
20234 20
80149 31
96470 11
2210 15
25304 0
73792 14
78688 32
47841 1
64827 23
164 21
74813 9
10471 26
47314 22
11791 18
67937 25
78058 34
62312 7
95825 20
66761 36
24547 3
19434 19
96533 10
6053 0
30396 34
6960 23
41065 12
7432 26
76953 9
18764 19
86821 25
53748 5
99432 26
75127 34
55761 6
60469 9
24550 0
8970 33
12913 21
82489 16
16152 29
44016 9
62389 13
28920 0
13571 16
55058 31
36043 12
84120 17
60920 2
98136 16
21341 9
59099 27
71155 2
35022 25
22332 8
96022 15
40079 22
75495 3
45459 17
19923 19
96919 14
88515 22
95914 32
17108 11
59358 5
98920 7
90343 23
19456 35
34997 15
90698 13
8851 19
89868 7
92628 3
93919 27
11332 4
35384 17
78436 13
58036 23
45394 12
84884 16
59479 30
1714 15
78552 15
90677 16
4735 29
20328 28
64562 11
70921 7
41771 17
36992 22
33290 22
90183 30
67669 26
50468 31
3011 23
4149 0
43121 35
62304 6
8314 35
52135 32
67825 6
22934 16
65276 36
48245 19
28807 22
99004 11
9301 14
9791 21
81894 14
56816 32
52968 6
26041 7
20340 31
43083 5
24526 18
5464 13
62855 26
71618 17
83619 23
57386 33
44155 27
58 28
21557 6
26709 18
63215 33
88913 31
69227 10
59946 9
55748 31
22511 4
85714 27
76294 20
84156 31
58974 5
68373 19
60752 16
98127 0
97051 24
19035 22
7219 10
95787 28
92172 14
50013 9
39515 16
82112 28
23823 31
93285 23
7933 4
80337 11
86543 16
50589 10
2265 14
19541 26
35758 10
95110 35
38208 8
71956 30
83751 5
98371 24
64024 31
61558 13
4081 19
45562 21
31568 35
95287 36
64875 14
16290 17
69972 2
64986 5
86171 8
8719 35
69971 3
13765 26
66056 24
40281 9
34849 21
30083 25
33757 12
44375 2
11745 17
57497 18
84726 26
19136 9
30813 29
66887 30
35605 16
56230 26
93306 5
28092 22
274 27
34581 28
9066 4
44983 10
67825 5
56217 5
46191 5
95429 33
3753 27
10063 16
12524 7
68163 32
84074 16
21222 32
86557 4
426 3
26832 6
73787 16
7325 0
52428 15
44899 29
38866 21
93374 7
34866 35
75695 22
45659 10
94639 8
68985 9
39722 34
60384 7
89919 35
26274 24
92930 33
68148 30
81127 10
74502 4
12118 9
83147 3
27370 9
59473 16
54585 33
9805 17
72769 32
2112 5
38865 24
6091 29
63379 10
45011 19
93604 6
44342 31
39201 7
88986 27
37963 27
88381 34
62706 3
54313 2
83749 5
53952 35
67088 17
43898 19
32175 1
31862 16
90398 11
63148 29
55699 31
68934 32
64973 0
65945 16
35361 33
39704 2
15278 22
22632 17
10991 32
15622 36
62759 0
94423 14
9228 2
22288 33
19678 0
91051 12
55267 33
44757 21
35164 25
68251 13
84752 25
44728 2
82446 4
72423 17
1291 9
74901 19
98140 5
22059 28
24649 20
76139 31
6818 24
64757 34
40881 8
75240 33
81665 12
29279 22
6403 18
16539 13
78934 1
81951 34
4704 23
2634 14
90531 3
14022 0
93472 22
56589 9
46346 23
33715 7
98201 21
7611 35
67378 12
77409 36
90408 32
73074 0
74134 33
385 8
40225 1
49187 10
79987 0
82199 36
65733 11
41188 15
91585 35
43561 30
27321 29
80006 20
41385 21
85947 32
21588 12
52299 17
42262 2
69569 10
1206 27
31735 21
51107 6
40438 10
10651 2
37377 10
93439 5
33975 9
52621 34
24392 18
55971 16
12477 5
8775 0
88399 35
95596 13
22959 35
23434 15
99615 32
9749 8
96929 24
91385 18
60 27
87344 14
51059 11
2924 24
91765 25
19058 28
19049 33
35735 29
11194 18
95759 15
51051 22
94532 16
89227 21
13255 11
99199 31
73157 14
22278 18
25384 10
81043 36
97476 16
38236 28
11282 32
26558 0
65373 25
9702 17
20165 32
26130 6
17984 21
49471 21
13822 10
23179 2
58249 14
30563 29
79605 18
29060 3
47255 21
11240 22
87247 35
9760 27
80933 14
21529 1
91562 18
20804 25
76243 33
63763 24
50259 34
13879 13
33590 26
24773 2
88615 29
81069 36
93741 0
78737 20
13963 3
42051 28
68033 30
52839 9
23411 22
62669 2
63909 13
46349 3
64715 20
11769 26
73542 20
95502 34
65411 26
96980 3
2766 18
82749 25
55248 18
69951 27
69570 36
3203 18
80961 4
88496 31
99597 13
55850 32
73237 4
30735 9
64603 14
11676 16
71503 18
53962 11
61858 1
89113 30
58499 4
1289 14
30278 22
9059 29
19247 5
32422 2
58435 36
72696 2
68416 10
21341 28
65424 31
21272 15
47634 15
92447 11
35757 21
49152 11
6280 16
79180 15
12222 27
82345 14
86305 19
15204 36
59506 3
78226 29
20436 11
72074 29
39210 2
22404 19
95858 18
30972 11
70496 8
2041 22
35946 13
48279 35
82010 14
73037 9
4176 0
3241 19
38224 35
4575 24
8424 4
97249 4
34180 20
8702 16
6484 0
7537 34
44845 33
140 8
37034 4
13697 17
36506 23
51986 10
51050 6
89746 5
46937 6
92231 30
10707 4
58245 5
62198 34
5340 33
39360 14
49245 33
49455 21
5559 27
84558 14
10196 15
28982 19
63751 18
80954 23
7786 18
50552 35
80337 17
47139 12
35341 14
95025 28
34057 10
14684 0
5339 33
89633 25
75121 28
52685 25
89944 0
4633 15
35203 8
23663 26
72568 16
39130 32
50662 7
9909 27
38188 33
69553 34
85540 27
17212 26
2156 32
59946 23
66896 5
99056 19
42651 18
71175 24
1667 27
5318 8
59170 31
43146 32
32266 3
88834 12
50913 30
83466 11
38685 7
24172 36
53870 29
25738 12
85912 27
86303 0
53002 13
27104 4
84473 1
65248 8
89429 18
71321 27
54762 26
23855 16
90549 31
6586 28
9597 16
20313 13
68573 17
94321 33
26391 35
97271 23
60050 17
75311 16
23429 30
10722 12
2897 19
44566 3
91801 1
2459 30
69936 21
35947 10
4565 27
42620 0
9069 8
67912 25
58031 23
4656 17
59696 29
48689 25
59084 18
53310 19
84120 14
23913 1
94892 4
22981 4
60689 15
70025 24
19136 6
61351 25
24769 18
58921 23
20869 35
24574 22
82928 0
73253 13
17634 25
18371 29
27959 26
14382 1
82298 23
53307 21
58248 0
74505 5
67075 18
23740 7
27817 4
66425 29
92077 26
59782 18
39452 31
28369 3
4257 31
48802 33
92041 31
11530 21
94062 7
43981 1
9637 3
21741 15
90839 28
44223 9
65496 19
2196 20
64684 3
40860 19
34554 0
42153 24
31321 12
17523 6
40967 14
69858 21
21224 5
74880 1
97808 15
83694 5
83570 4
38247 34
14697 31
98429 3
47473 24
37712 8
7016 10
64752 25
18359 10
57049 2
24879 11
14975 12
42419 19
7790 4
44984 28
99890 7
83488 21
57855 34
1463 36
35502 36
30618 9
42681 17
59468 27
7868 12
60589 18
42650 6
73811 16
27992 33
12699 17
73899 31
43059 18
10702 30
62478 26
23907 28
47305 20
7157 5
61449 34
64820 28
75800 28
44712 27
79418 33
46877 32
70425 8
31813 6
7930 0
43337 10
74493 10
57753 19
93440 22
26664 16
44183 28
75796 17
26804 36
99321 11
34298 3
59780 31
89263 13
55735 33
92014 18
90734 17
98124 19
12594 2
10359 28
54043 5
76354 30
19230 10
28276 28
30063 31
47409 23
86193 10
31303 21
76381 23
88088 32
89331 36
28633 3
97675 11
51260 34
63107 3
85075 20
4161 7
98144 13
41476 31
10199 14
50824 14
34092 8
31445 0
13164 15
72300 14
98097 18
70210 22
17727 29
24182 1
62524 29
37351 11
82756 28
63906 27
13608 35
88544 30
60295 29
97631 9
15158 17
17252 26
49731 22
83767 26
35066 3
99100 20
82141 4
48243 16
81793 17
11066 0
39437 33
58547 28
87139 20
87510 12
35763 27
28435 23
90127 35
46202 29
46851 19
4742 2
73513 8
86648 7
85114 7
63905 13
70188 32
381 22
23881 10
62039 11
36213 28
28719 7
5862 22
99681 31
51091 16
24211 28
38107 7
57879 5
76211 9
31152 17
37547 14
19218 22
43300 30
42686 26
43269 15
72021 27
29010 5
76586 8
10894 0
66271 5
8370 20
15794 25
52540 35
63012 16
95679 7
3315 32
98865 28
98736 12
80223 4
9983 35
74011 6
9682 12
47612 23
93520 30
45294 29
50314 21
79226 31
22285 7
61729 14
8098 26
64803 35
21992 2
90963 13
10981 28
68590 10
78968 30
85887 18
26739 11
69123 36
88696 3
59028 6
41446 8
30740 25
85732 4
22439 23
31491 23
59296 9
39093 30
25021 8
7869 4
5275 31
41991 17
76046 27
74423 21
57924 17
78495 24
78055 8
21145 36
49447 6
30242 35
33424 17
50901 15
40284 3
90499 6
91341 5
7957 18
39025 30
24414 9
53403 12
21247 20
4501 32
45982 27
52356 2
70177 14
66187 6
64838 26
11551 11
61113 12
91373 31
694 29
4531 5
88472 24
91310 19
56338 21
60935 10
67166 27
20192 12
30530 17
64660 22
43081 23
69985 15
6279 28
65763 1
15898 30
2176 11
49975 0
97354 14
74963 3
85604 20
667 8
83547 14
87169 32
71909 17
71051 1
49196 5
36298 32
48165 14
52331 36
58246 16
33060 21
83100 11
3145 33
27804 27
7544 13
50258 14
75163 4
98718 28
91267 35
1446 5
57829 3
63539 5
2892 9
78155 3
22238 20
4112 15
81898 27
75554 24
69965 14
32176 20
53480 15
46378 18
54615 15
77456 21
85311 2
76694 23
907 28
48215 12
5106 29
51948 23
23982 19
27813 17
18110 6
41985 35
41166 7
13353 5
46392 12
31269 6
38843 0
81547 13
35853 1
72185 17
26369 5
41071 23
96498 25
11594 2
89192 24
74210 31
50729 7
56863 8
71547 35
87448 22
20709 10
55553 8
76485 1
39088 7
13808 13
79219 4
17196 7
11583 28
56167 34
54922 16
96813 13
49720 30
888 14
94391 19
33151 4
28200 28
33105 25
82685 25
13151 0
49503 26
28007 26
24629 26
73914 7
4217 29
87247 15
64158 3
68861 1
20740 1
4645 8
79626 14
54318 1
27211 22
34098 34
4154 28
5485 7
89607 21
82702 9
82983 21
82937 17
55945 27
93675 31
28818 3
12662 31
79749 21
55407 28
71407 13
47596 3
83517 36
48317 15
88253 26
48242 2
87695 20
76375 1
61402 31
19795 8
89792 15
62417 17
89088 21
82513 6
90399 27
13699 28
37247 13
71453 31
78558 10
59989 27
84362 36
96751 14
74171 12
10013 13
44769 11
20614 27
57051 8
10135 24
