4134 32
82126 11
86531 11
50685 15
52014 0
53917 1
3023 9
50011 17
24414 22
94670 31
38268 5
65991 9
83910 18
39591 1
36893 5
77549 12
89460 16
93830 5
76083 31
52362 2
13920 24
45611 8
80784 26
7937 31
60295 0
85271 29
23565 29
97719 25
26150 28
35912 6
19750 13
95018 20
74364 1
64141 9
23161 16
9676 29
96106 10
73534 0
14792 30
71944 7
56000 14
65229 30
7135 8
60074 6
75783 7
83861 2
35912 1
44092 11
96858 22
38163 19
29526 7
7214 10
5977 3
9131 24
39837 19
68435 23
11464 5
59292 15
72867 24
20936 15
80005 17
47569 4
90110 10
85935 13
61166 17
91656 12
59771 19
66562 26
68652 6
76890 10
28391 16
42528 29
46674 15
37623 6
74253 19
80072 6
32242 29
40725 0
71489 8
54648 1
54856 2
47022 2
32118 3
30732 5
57926 28
44792 27
32961 10
43638 1
14178 19
90267 29
63313 3
37714 12
83077 29
36312 30
7370 24
83638 0
78139 13
33291 17
3309 4
8931 3
22186 22
52440 23
64341 2
70205 27
78371 11
64058 4
98308 24
69939 18
74163 8
37696 26
76472 24
13175 8
12358 25
5209 2
86041 6
61868 4
94869 7
88399 28
33664 12
29854 26
67506 30
26797 31
88870 7
12729 21
12246 16
37071 27
58638 0
12159 24
54059 3
53565 20
48893 16
17612 17
62492 12
4330 0
20828 19
64110 27
2867 27
35595 25
81798 29
47123 19
65729 4
59889 4
48665 8
87960 23
88820 3
79272 1
31794 25
32718 31
43556 28
86498 4
67517 16
2346 13
61875 1
59679 18
9576 18
99978 3
32541 7
91607 6
17619 26
4103 3
87039 5
11087 16
23187 25
20646 25
66830 24
26743 13
81620 11
15372 10
31531 4
35592 26
36051 0
69682 9
91315 25
8215 11
45415 30
43540 25
39657 9
83590 27
81073 28
78483 8
65543 3
59051 20
48885 11
49293 1
91325 4
18146 18
48586 5
16384 15
65128 28
81194 11
4975 7
75707 11
9931 10
45235 2
83635 22
98031 30
42491 16
56959 11
78355 22
99016 20
35817 25
6616 4
56682 11
20748 25
29811 18
50668 1
98193 19
51367 17
68351 27
4739 23
70830 20
26726 29
94658 4
93282 29
89312 12
38745 0
62240 29
82985 11
42857 4
77747 7
64708 20
43496 28
74634 23
2149 12
48816 13
55585 28
81231 10
63321 12
84708 26
73934 24
74382 13
21765 30
95571 3
70044 7
53591 21
55451 13
36495 23
7650 16
69292 30
74621 4
24447 22
74466 5
1885 26
18201 22
65795 30
34377 12
66863 21
52059 11
43572 23
43637 22
80869 23
67394 15
6079 20
29732 21
95503 9
28755 18
56679 23
77905 11
16601 27
85713 26
22770 11
84335 27
88893 13
81236 23
49602 18
90021 28
80489 27
24995 22
77301 7
58403 10
95907 6
42571 30
33206 18
96027 3
14222 20
79525 22
37826 22
29642 21
76580 0
28972 7
3701 2
20541 6
4653 24
22885 18
59946 17
3076 31
98774 25
15621 9
52633 23
25568 17
60179 26
57234 23
41123 29
27060 22
841 16
74713 0
83806 8
50611 20
8677 22
2787 25
71047 9
79374 1
39416 28
45995 27
66978 1
64724 23
82143 4
22147 9
26836 5
17032 19
61083 17
68874 5
74395 19
46968 30
24191 10
76206 8
19561 11
4314 3
33896 31
39163 14
61559 4
16634 4
12763 15
99220 4
47545 30
19922 22
49147 30
87519 15
23948 18
78421 3
20940 10
68336 2
37276 18
70808 20
23529 15
14917 22
56637 2
77843 25
92769 20
5770 14
69153 24
38885 1
58615 31
8945 12
9115 24
62879 1
91473 4
90697 22
24552 27
27580 3
84411 16
43830 2
42395 24
57522 4
63544 28
34506 23
23695 10
4706 6
53815 16
46721 17
93314 23
17298 20
42374 22
84768 23
33783 15
95019 13
30828 31
5857 8
11954 22
78699 16
76064 12
87720 24
44586 18
4131 23
24831 23
49735 17
45110 13
8704 22
14181 15
58841 22
61474 6
77340 20
71774 13
31790 16
61562 16
65948 22
45809 14
38511 16
59579 8
76115 12
12812 30
96438 17
56775 3
4059 16
26344 16
22261 11
17606 28
19110 18
28196 12
35794 5
91180 31
82843 2
67767 25
59630 10
8710 13
71813 0
92379 16
94478 1
65313 6
60635 31
59407 25
74444 21
32403 21
79349 15
30253 16
21839 23
67896 2
92057 19
62265 19
44765 25
44476 27
21008 11
36737 9
63992 28
13358 25
81358 26
63467 27
3017 27
65236 21
73555 3
15360 28
70181 31
1210 1
34257 18
67983 1
56613 2
12227 9
69351 15
73303 28
13336 16
22738 28
30330 4
46795 9
47304 18
16890 0
90889 31
29922 31
77283 1
71198 26
88114 6
38663 30
13726 1
16474 7
61214 4
56858 23
43278 6
23813 20
99830 17
93718 9
78094 25
64677 29
57454 12
3667 22
34329 19
73085 22
48393 24
90178 15
51276 11
87522 11
39057 28
84176 6
47550 21
18997 6
41106 4
67799 27
779 22
74275 24
72190 31
58751 15
82151 22
17126 4
25726 22
44176 31
24100 18
63689 16
10107 6
22802 13
58058 21
60850 20
45364 19
22027 11
35596 7
4126 19
12186 6
1122 17
53453 6
37443 22
92486 22
43697 13
59840 20
12701 19
82238 22
77856 8
80841 29
74249 16
5450 15
6657 24
469 12
33642 27
31398 8
7726 15
59175 22
81990 29
28029 15
64478 14
69044 17
80020 11
4890 17
400 29
82509 1
11743 21
19649 22
28370 27
44207 10
91542 18
36266 4
17156 19
45541 20
96201 30
53383 0
4717 26
12070 4
71093 18
55098 10
55782 30
15922 2
41176 7
71602 25
58120 19
95538 10
94522 18
57081 19
73393 16
45727 2
36959 24
20938 29
85122 7
29797 9
87513 0
73811 8
93062 28
15324 15
14600 6
44358 31
30387 11
39500 26
53996 29
55069 5
34639 13
52393 3
24157 7
67968 17
5117 28
19164 11
81533 14
32858 10
70160 10
86224 0
85693 12
86264 29
30285 18
89600 25
79638 18
39921 14
51565 16
74271 13
71897 31
98693 5
81528 22
96804 21
22433 15
37159 5
22099 7
57960 7
13088 26
6623 2
40651 8
22869 21
71104 31
25133 24
76110 10
48992 23
8194 6
59662 30
53472 9
54366 13
53771 18
47964 7
21978 14
34431 16
56927 27
69401 31
63103 12
65128 1
15688 15
87673 12
57820 13
61260 11
25384 7
14526 15
6017 2
80790 30
33160 5
15077 7
16052 11
10366 22
80087 17
25546 15
10352 12
29313 8
74614 19
88996 31
88961 26
93342 8
72485 22
83249 19
88730 0
65848 14
55456 1
2915 6
15643 4
3853 24
56871 5
20254 8
39011 1
12110 31
27191 12
16231 20
95862 7
83110 5
58391 2
36025 4
36116 19
96626 10
48716 26
4426 18
42331 4
41994 11
74630 28
89938 20
34754 17
78543 0
27584 14
9266 8
4906 29
39907 5
6645 26
33794 8
46585 7
3102 3
2779 1
33955 23
83148 5
69328 2
46681 15
24080 14
76170 21
83347 22
23015 14
38644 29
60946 30
34492 10
18325 21
94679 17
95944 23
31664 5
26544 29
1556 19
26100 20
22136 20
19853 31
69925 3
79894 23
41697 20
61471 18
33727 11
56104 3
56164 28
26648 13
52267 7
98164 11
92975 9
44746 23
62767 26
70547 2
2636 20
33800 27
69815 13
70744 14
21360 12
59854 12
41516 24
14573 1
32628 9
21916 3
43319 1
61857 4
68074 24
2678 4
32913 6
35167 31
26883 26
48213 26
22558 6
55732 10
16682 31
11502 30
92248 11
29680 13
40410 13
35522 6
54023 0
69342 3
52825 23
13230 14
17137 24
46860 17
44338 8
97345 11
97709 10
8532 29
82023 10
65143 23
36922 7
58669 0
3931 15
38215 12
92829 3
83755 11
34569 24
35806 15
50622 6
74338 16
23857 3
48961 13
94679 28
7800 31
53641 14
1411 21
36528 2
94102 30
886 22
75274 14
31142 21
41629 30
91399 14
50970 11
16806 29
15209 16
77034 7
4110 16
43705 14
11523 6
44491 25
55114 2
36074 31
76391 8
22913 6
15130 11
84463 3
87801 27
28535 15
11625 18
55730 21
16494 13
90836 28
48465 14
31610 6
8792 15
19270 8
7299 6
791 20
39428 6
59507 21
79769 5
11649 20
91174 25
98826 29
53893 30
55694 18
44157 1
29983 13
62641 1
23435 28
94967 30
59098 25
57303 27
57434 11
96466 13
76046 27
47907 31
2483 3
34902 12
84061 26
47373 22
9967 30
84951 2
3236 2
75529 4
40123 31
76869 0
57369 9
26811 12
27672 7
69326 1
51259 24
17247 4
75103 30
78173 9
12994 22
24700 14
78688 4
40919 25
67740 4
3668 30
33605 1
3175 20
39814 13
1240 2
32023 19
50054 10
34906 17
60571 14
17973 24
13467 4
10222 10
44498 22
32411 1
93608 10
21504 23
22268 20
42866 25
49524 26
5253 8
37820 27
5969 15
1692 22
67642 24
27648 1
22641 13
1421 9
56140 16
32422 18
59320 17
36278 10
12236 24
70438 31
77544 29
42112 14
63543 8
23623 8
30789 25
39844 22
79714 26
72194 19
3965 27
27874 28
39390 3
11868 9
12126 14
11323 15
46661 31
58892 28
95993 31
72315 27
86930 27
12617 7
60458 20
22195 4
86999 23
10755 5
64651 1
32683 6
46443 24
75242 11
40136 15
43678 24
83172 29
84233 2
56983 8
89290 5
7085 14
31606 22
87375 15
70871 28
61835 12
93754 14
45814 27
56375 15
61638 7
28995 2
43854 0
33277 6
76116 18
74609 8
54341 27
34299 31
82000 18
46734 8
62466 15
70469 17
4317 5
40067 8
994 20
33670 7
26156 27
86896 13
20399 20
85977 5
18681 23
33820 22
47484 0
78026 13
20988 11
7542 18
85615 13
36533 31
19150 17
64804 17
15999 13
15592 11
33451 6
7515 1
30547 3
9687 23
44705 0
73500 3
72396 5
59914 10
92318 27
60537 21
97144 31
86210 1
7822 31
19153 29
86523 20
5625 29
71666 4
85950 28
76434 15
50675 19
69615 29
32762 14
40399 4
37615 16
19718 27
34037 24
38089 25
89686 1
29210 25
86094 0
26315 1
94180 10
12873 17
59785 25
47448 15
72695 20
52567 6
65562 12
5868 9
69840 13
92604 7
89893 5
38209 2
58015 9
57965 1
46159 23
99590 27
84146 6
69086 3
55675 23
78386 27
50063 5
93596 2
89468 6
34020 6
42242 22
30864 0
69651 31
85273 31
36999 1
26035 31
41249 19
72784 6
58366 23
98862 21
87862 6
99623 26
90517 6
57266 31
58274 8
18701 19
79438 11
62815 19
77426 0
21277 14
58518 30
68395 4
54859 4
76563 23
23251 22
27482 10
5351 12
30830 4
40108 31
5344 3
56380 16
58616 30
82043 24
94895 0
15350 23
22479 23
76834 18
37178 14
54135 10
30317 13
69967 18
27450 25
32174 24
32234 29
71393 21
3873 29
60897 6
37937 15
1661 2
6103 14
91305 15
2005 17
33734 20
36888 15
86041 19
56828 21
99694 17
19103 2
65954 9
86428 26
16000 17
59234 3
70060 18
89623 6
74487 2
67286 1
41260 22
99898 4
16868 12
58722 4
83272 8
41527 29
89622 14
19460 10
66843 9
57178 2
87431 31
19499 27
66062 31
37763 23
40881 16
84576 11
44452 22
47962 5
50096 27
69063 8
22288 0
49295 19
1567 18
56178 23
82048 31
89275 31
86631 18
90716 5
98138 17
6924 2
92232 6
98949 21
13046 13
42241 30
41757 2
80714 0
31657 13
56304 16
4114 30
18941 27
91896 3
61266 19
40671 29
73424 19
46396 18
86063 18
61846 28
1323 24
81514 21
81331 23
33376 21
43800 31
6376 31
24795 29
1712 13
69921 10
18472 10
75216 8
57554 20
21473 8
22168 4
15840 6
76362 11
48624 5
63168 0
50904 16
80799 2
5519 11
55957 29
41060 23
30402 21
76212 20
5690 3
3319 22
21195 29
41604 15
84224 2
45991 25
48719 10
34 10
10571 27
60430 17
47389 3
25998 30
55274 22
44115 21
24653 0
84968 7
93463 4
31400 21
38743 3
42640 31
72856 0
58147 14
60712 25
36725 12
66951 8
58130 15
53847 5
23065 11
55054 11
45218 20
7291 18
74296 2
4377 5
19931 28
81026 18
61423 6
20564 2
98455 0
83484 22
41765 31
46330 15
52943 26
53644 13
9067 3
42419 29
48769 13
91147 29
19156 12
17805 2
8390 11
99960 8
56648 11
97566 20
93800 1
53038 23
41467 7
39162 1
97682 6
28469 27
26428 3
50539 2
26533 31
72340 29
7798 27
17832 21
68088 21
95062 2
30678 23
6125 30
14045 22
82414 26
78955 15
34857 1
14516 0
64590 10
86583 28
11585 1
20165 29
99175 22
36080 7
57490 17
80676 24
47426 26
14192 23
20086 1
45228 14
86973 4
88090 17
60375 28
94198 22
4170 15
97816 0
76330 3
50998 3
47746 0
86581 13
43031 0
74490 3
41433 8
39255 31
72039 11
11667 21
13860 23
7043 4
60858 0
83533 12
62728 7
3242 25
13652 21
83554 22
59980 14
4877 1
44211 22
30178 20
28670 29
54001 30
32263 29
78317 3
99429 6
4088 11
8375 17
34684 19
39040 2
33845 22
37386 15
39998 3
22957 29
877 30
53878 31
75561 18
80087 29
59438 16
36476 12
19365 7
91362 10
51963 9
80899 23
63730 20
89755 13
72555 11
30120 17
51457 13
32504 23
33092 2
26199 12
12704 23
33235 14
11639 16
39454 0
47464 31
65591 14
44753 2
23404 28
62215 10
33152 29
64770 18
44113 14
36815 18
96139 0
97231 28
56878 11
22030 29
28373 6
91164 3
53824 28
19118 8
70045 14
7741 12
42942 3
63844 29
97352 9
35061 4
75945 5
31433 25
60732 30
27308 3
85708 11
5284 25
38897 14
12571 10
42835 20
39112 19
33756 9
12992 17
31206 19
73649 12
79488 22
37384 31
87624 5
9446 21
29050 8
53442 2
21612 1
79059 30
32867 1
18037 19
10206 14
39333 22
11133 19
12272 21
21858 2
70908 28
84595 28
59760 21
35600 12
55808 20
65913 14
86504 11
27519 9
43004 17
28470 7
51312 23
67714 5
43714 8
38412 26
87681 24
46950 21
21608 16
56324 14
84890 14
94433 21
12885 9
3313 21
86716 18
48865 17
99289 13
15140 23
19388 28
12931 27
8164 26
38351 25
57872 9
69769 26
74359 28
3438 0
76619 16
80026 3
55426 7
15288 15
9556 12
54643 6
28810 19
85681 28
67970 22
41051 28
20017 15
1457 28
81445 1
44433 6
12005 29
4111 28
26331 19
33321 8
68847 0
93665 1
89336 4
13877 23
40333 2
55266 22
90497 19
96339 14
70375 14
66579 26
42740 17
39906 8
70495 14
65763 16
11984 2
81912 11
81471 18
23533 29
12171 5
67304 28
56728 26
26746 22
88618 24
28570 23
52020 20
92568 15
56421 28
76522 25
41354 12
49906 18
53522 27
31061 19
95464 14
47360 10
72549 15
75603 17
42870 26
9657 14
94089 10
94629 29
49679 20
76775 16
86006 19
26413 14
8276 10
84856 3
25271 1
7388 21
16185 25
41099 24
11221 25
53572 7
25447 27
26432 7
43627 10
27642 20
58689 6
90845 5
94838 18
14675 13
6393 14
51790 30
11816 1
59258 6
83374 22
67699 21
15996 6
55247 28
16585 17
13903 2
20488 11
81587 30
17493 22
8448 4
83462 6
48418 1
41932 15
9619 15
74147 1
89958 30
39229 26
7493 5
32106 0
12726 3
61825 15
12175 20
58207 29
8191 12
21128 8
23349 24
71300 7
41114 24
22722 15
83777 24
30321 4
12174 26
63653 19
8119 30
78276 19
8975 10
5468 20
82952 25
55508 14
29736 5
8692 26
96822 0
50505 7
34200 6
86543 28
22228 31
12154 22
65172 7
82720 24
45010 6
84188 16
78438 11
98147 6
27984 20
88954 3
36917 17
7320 14
29518 24
61408 20
34300 28
63825 23
54360 17
64610 11
79901 0
4499 8
46229 11
79603 31
17025 28
2894 31
86691 11
16880 17
43896 21
79930 11
74890 6
75104 6
29067 22
77050 6
35946 22
35914 25
80524 0
28695 31
45046 3
53022 2
57455 15
3644 8
90125 28
76795 20
56368 28
41535 30
78341 15
75854 14
26101 23
36535 22
17442 6
97460 3
65681 18
76691 27
84259 30
76928 25
46022 15
10790 24
58614 29
46541 12
62609 10
32301 25
29275 11
10504 11
37564 19
8969 6
1702 8
91558 3
31145 17
96552 28
42388 9
49626 5
11223 4
81079 18
57787 10
32055 16
79271 25
64892 19
67492 10
34712 21
65374 22
28605 12
9224 25
32463 15
26384 27
45478 9
43591 26
13221 30
17151 11
4691 2
93234 21
63369 10
25140 2
21960 0
26687 12
56394 21
79072 15
63554 3
22627 15
46910 5
18264 13
99736 12
3734 20
13155 11
64888 2
23528 21
47281 28
79600 26
14677 26
77049 30
96451 21
76223 15
36840 3
55337 18
99756 26
62433 7
68679 3
32718 6
33638 6
77507 15
4596 29
39579 15
22528 5
66502 25
81439 28
39567 13
43846 29
50081 13
84460 19
10372 5
89453 21
413 11
61289 28
85717 19
47524 8
59980 8
89884 24
70194 29
79074 23
22322 27
56453 19
21445 17
83320 22
59314 15
51299 27
85420 23
59404 22
11869 28
15202 17
19603 30
55161 9
58686 23
30187 12
31904 16
36099 30
13326 25
41283 22
24744 25
67977 28
2182 28
61655 0
43753 12
38317 10
84101 26
25171 18
11619 11
10447 4
91288 17
70720 25
87518 13
45945 9
18220 6
97973 13
65324 21
69494 4
69396 26
71316 0
79584 4
92993 14
23180 7
26670 20
58155 10
18960 27
4728 6
19910 17
20511 20
4501 29
60806 26
84966 21
46184 7
4549 24
49105 11
8824 11
22133 17
58794 22
19131 11
94630 6
48855 0
89478 30
93074 30
65980 21
74228 28
26981 7
94543 18
79430 2
16726 5
8314 13
83005 20
30858 6
75330 26
78488 29
13474 9
52145 0
52332 8
87611 31
21057 26
30573 30
54798 31
73349 12
64110 28
98828 6
88289 14
3125 21
99556 21
33195 13
10254 1
35157 11
94757 11
87277 17
46685 14
57610 4
80647 25
14462 31
55031 17
54975 27
95304 5
34938 17
4706 24
64981 15
61764 10
42507 21
8538 12
16383 11
96973 25
72044 16
68354 1
87406 5
269 7
77643 16
23331 5
27777 21
5417 17
29269 11
15942 16
44148 3
62095 30
92813 20
14524 2
83197 14
25609 27
71849 17
37856 31
81891 5
93856 4
96814 18
9576 23
2303 22
99267 19
13666 18
65175 13
19363 15
74926 5
90115 4
19599 24
17511 2
20562 6
3627 5
95603 14
24703 21
19294 16
64516 4
15225 3
93057 26
45 11
68509 14
48740 29
2478 9
66556 18
18320 5
74198 31
72090 23
78120 29
71069 19
25283 23
44027 3
59728 8
4909 24
92881 21
99695 9
89409 8
16082 27
42222 7
33202 15
42370 1
83459 18
93929 2
8758 9
45277 31
36843 14
99240 25
36330 12
99984 3
44176 26
72222 1
23758 26
6404 31
96897 2
43183 29
7630 25
58021 18
12020 15
84648 31
51636 29
4340 23
4879 5
25158 14
67366 13
32275 15
96153 1
98794 29
79941 4
55227 17
70601 9
76249 1
47120 2
3689 5
88861 30
79316 10
20433 4
55846 17
15349 29
76700 27
14481 26
2011 25
85278 25
487 0
18728 12
19753 30
96679 2
64523 19
5788 1
11001 22
3487 24
12995 2
17371 18
5647 12
66061 19
8320 2
65209 7
5113 13
22654 10
66139 20
27331 14
90763 4
53186 23
41536 25
22325 11
49662 7
5689 22
48994 4
9943 2
56509 22
55570 0
19317 9
76744 21
38182 28
22095 29
89282 18
43522 28
44882 0
28462 27
18727 15
16069 14
18002 11
57247 31
47870 16
22684 21
5891 2
22775 14
38628 20
97047 2
30761 23
98218 17
78738 31
41945 4
61263 29
50283 30
21185 20
23333 26
53219 25
57246 0
82865 20
8378 7
16040 11
87634 8
53329 7
11369 22
72767 20
4106 16
11958 9
83604 10
61063 13
30749 0
33209 24
49418 3
42706 29
64346 21
31517 8
36296 27
64009 3
92303 15
76367 11
6082 17
82590 10
12531 28
87212 28
39928 27
62440 26
38145 10
92856 1
70519 12
17112 27
22452 12
95632 15
94322 2
44263 22
40599 9
18568 18
54778 17
96347 26
641 6
76184 28
44015 31
40148 22
45791 5
54927 19
27013 24
86418 31
75785 22
16947 17
15327 26
31585 1
44331 18
36357 15
66381 29
16700 5
68149 27
95621 30
46106 28
25712 15
92103 26
2520 4
1238 0
72949 9
59414 0
42643 23
66313 25
72552 3
47023 22
70727 21
20956 25
86806 21
98172 4
9794 29
25354 13
70402 12
69755 27
23586 8
53696 0
97475 9
60417 31
90348 10
77116 14
67695 26
17851 28
82112 2
20016 31
66151 10
96043 0
41889 6
97233 14
91511 15
69985 11
68181 7
27651 29
63485 13
57905 15
88370 1
51788 0
41227 27
76555 24
12277 3
52489 5
84164 19
87500 12
89245 19
73372 28
65011 20
86473 26
75308 31
54351 22
94802 9
43151 19
21681 29
72471 28
42572 27
64228 15
98704 20
48608 9
30922 13
20950 25
22537 24
48149 31
69411 0
68793 24
56008 8
73768 20
20590 24
90887 0
99752 31
77194 1
10769 2
70897 14
39415 3
77842 17
54774 15
92789 23
22236 22
77148 25
53853 13
46751 18
45109 28
83214 5
2481 1
20389 3
48880 11
51399 14
31751 5
69978 25
5092 14
55723 28
93741 9
34876 8
27720 29
35297 24
68121 28
29168 28
94842 20
15477 23
44225 12
98562 2
79012 18
39868 7
26048 14
92477 27
62879 28
86068 25
97158 12
5476 19
36236 12
77382 18
92451 4
44883 24
48128 9
93102 23
51051 2
29474 29
32373 21
18908 8
70922 28
31448 1
39695 30
9470 4
5447 24
98223 20
47438 13
188 29
10295 6
60304 16
20365 25
58773 10
93759 8
86707 18
92222 31
52436 1
64900 19
47974 21
40761 29
21805 30
10257 21
34178 0
69074 8
53453 16
96615 25
26303 31
63222 17
68570 3
14823 20
55444 10
22052 25
31644 17
60137 14
7184 17
21783 11
41784 28
8253 16
98720 1
35062 13
43074 10
40684 16
4753 20
22207 22
54579 14
36531 13
46543 30
43642 27
97134 9
59733 19
9270 21
78604 0
28230 23
46240 30
56843 15
67291 12
70699 20
15100 19
20480 5
32774 30
2023 17
18241 12
82384 27
89796 4
50878 6
6016 17
79787 30
18632 9
92385 27
86272 17
18916 3
66896 15
88524 29
4482 7
11861 6
33411 19
86881 12
22367 23
31194 3
18670 8
67083 15
36956 26
4858 18
39385 18
72960 16
92515 7
71905 22
98483 18
83217 4
65614 7
31499 8
10547 5
68776 27
89912 24
94775 17
17829 21
59893 16
19239 6
24004 20
59725 11
34774 21
53959 23
35867 15
20690 17
74113 1
54156 6
27483 29
61716 15
79893 13
28796 5
69430 11
72281 15
47443 1
93860 30
24241 21
42180 12
66615 2
31388 23
87052 24
48369 19
72782 8
29054 17
88519 24
1927 23
20928 7
70760 14
28792 6
87980 17
52510 20
73162 25
62662 12
29911 7
34372 15
56534 21
34946 8
52432 8
29165 0
5858 22
77335 11
83355 12
89419 2
26775 20
52753 19
30825 11
81436 1
68642 20
88380 30
52174 27
91429 2
7241 30
81847 27
37274 15
59864 6
83725 24
54780 5
91633 16
49097 10
43100 9
12991 30
9117 7
42464 30
72674 22
169 6
98795 22
11789 27
76394 30
26360 4
54914 29
20693 6
93775 29
70033 11
37460 7
74546 27
85531 8
84266 0
40421 21
58119 18
43867 16
32246 6
86510 19
51888 11
8510 1
3590 24
36769 16
3785 27
57583 4
1307 9
20812 3
90181 4
31386 17
18627 15
88810 3
76619 26
31788 9
72473 5
78943 30
7407 14
47052 7
48531 15
32731 23
14514 19
81130 24
69206 11
15566 2
53207 19
50381 21
74206 0
29195 17
62213 12
25079 3
74680 6
82178 20
2135 1
1266 10
39771 20
36791 17
35346 25
63616 21
26294 10
81960 1
23802 21
24016 8
46895 24
27541 7
56724 11
64510 21
38444 8
73013 27
8483 13
58590 19
21748 17
48527 23
29552 15
84474 24
35055 0
80785 4
34105 28
9140 8
92649 28
63777 5
49964 2
46669 5
62042 3
91677 19
37051 10
63236 21
65416 27
361 3
73065 4
62334 0
59308 10
51310 10
23245 22
66531 2
43591 7
45742 23
59817 16
8976 3
72008 3
50306 29
59067 1
66542 20
1508 21
8192 30
65065 17
44436 25
94592 11
20952 29
45317 7
66226 5
30668 22
70256 24
54251 7
28658 22
14990 5
66003 29
47015 23
18422 21
91300 4
51394 23
20524 15
60765 13
17692 10
85369 8
19636 0
82233 14
84733 17
29458 11
10370 14
2496 1
25441 6
95749 23
22661 13
6279 29
85513 26
32141 4
70216 19
28056 27
28931 29
16110 17
96092 8
32211 23
48466 21
13628 22
57211 3
25731 19
39153 12
76238 20
23538 7
43894 25
36942 9
41696 10
26086 10
30151 14
50422 4
22653 21
14103 24
55053 21
65941 28
15335 10
36917 0
23390 22
36550 17
21113 28
50739 23
16019 6
71437 13
76816 11
83919 14
41635 19
80447 11
18106 28
14607 16
85117 12
12013 15
5136 30
13666 31
55228 24
14494 7
5210 12
97602 1
55015 22
47960 15
66689 3
14443 17
89421 0
75690 17
70334 11
72652 0
78808 8
44496 21
65628 3
64939 31
71058 20
26043 19
2497 4
86199 2
69489 4
26167 21
84458 15
73686 5
64014 19
75762 16
11718 24
36480 27
61139 0
80743 1
56213 27
94445 0
58525 9
55165 23
34327 28
39964 0
46931 17
7928 24
27605 0
88223 29
98153 23
37545 13
22598 22
74079 17
45471 7
26118 24
12994 20
81836 14
9727 28
35229 28
97768 23
97121 16
1968 0
38549 30
74434 8
26244 8
13564 0
54457 2
30700 13
53797 24
37227 12
57441 28
92867 0
30670 30
87518 5
73422 18
57459 6
19158 4
59148 17
27670 31
97221 10
58355 17
10732 10
91168 1
52486 17
95762 26
33385 12
88255 10
36524 12
80224 12
29125 9
96610 25
35532 24
322 15
67674 24
8279 11
61943 28
13858 23
4419 25
66255 4
24536 8
62400 21
78887 4
40932 2
75535 22
29534 22
35115 27
20093 21
91107 26
38343 13
71876 29
32995 16
16911 2
90414 1
10908 3
96927 9
15585 30
49539 18
71844 24
32708 24
11261 22
50431 21
99354 10
62456 30
85894 27
98014 1
76954 6
84140 31
84348 1
78826 6
47605 12
17639 14
64039 29
69926 2
77856 12
56652 30
62342 22
78404 14
21577 10
20428 1
14152 16
63612 22
93918 3
55711 17
48702 27
94273 27
90620 24
9441 25
46106 8
42761 25
14732 12
82918 0
28764 6
62134 13
49623 22
69080 19
4606 28
98688 29
33719 27
54468 23
45073 12
43101 20
84251 28
15233 8
29118 25
25028 6
66230 8
72121 27
37282 30
71421 3
28998 26
48944 17
34545 14
42436 29
97147 6
8232 17
96104 7
87052 9
52795 23
36911 29
4708 8
71333 31
26860 27
51004 8
14862 25
71347 28
56804 30
56924 14
49652 18
74879 1
73543 5
92046 31
41958 9
65412 4
66154 22
85566 18
90132 17
28570 17
99430 25
87824 22
8020 8
52403 2
34853 7
68734 25
45849 28
46604 19
20278 8
38771 17
91494 9
48822 1
14165 7
91372 18
66104 13
32009 1
89599 9
75008 1
28338 27
85559 13
5018 9
77668 12
24061 28
84992 13
93034 14
19495 19
31322 0
12200 17
42580 21
52399 22
58931 21
30333 29
7958 10
73272 13
13832 5
87124 25
92578 23
41783 24
92668 7
87136 24
80747 22
85445 3
41950 11
91514 11
72659 9
66418 9
62643 21
69375 27
46715 14
13934 29
67795 23
20931 24
23478 19
22570 21
27951 18
64091 27
14518 19
62738 27
69192 20
44656 13
69465 6
18808 23
36373 6
87687 20
94239 30
43782 1
41546 25
33100 0
81040 2
35653 10
50508 8
70706 20
67068 28
95941 13
87599 3
28149 28
89691 14
64977 18
40528 10
92560 17
33182 19
27987 1
77882 9
1405 7
71868 1
11061 31
49123 1
45923 30
25882 27
9144 9
46140 31
3487 22
33766 28
29533 21
25613 29
30979 21
15405 30
10517 15
98887 1
77832 1
20310 8
11768 26
4463 10
62009 11
51307 16
62215 8
31219 5
6404 6
60902 28
96389 29
37013 23
10342 28
79721 13
62166 15
44295 5
92253 25
18442 1
46722 3
87601 19
51163 13
43255 24
99741 16
31647 5
94566 7
76282 6
69442 27
7406 10
86435 28
13699 29
70637 3
3954 6
60359 6
26217 18
16262 11
95632 31
89358 14
73271 9
63388 7
95667 26
45535 21
66708 23
90615 22
83173 13
11572 17
97820 27
79352 21
87048 7
13017 6
87711 4
51583 16
25359 7
33066 7
28826 4
57495 0
69867 25
7924 29
79717 31
42199 22
23168 13
13860 10
32064 19
3033 14
8289 8
46865 1
20390 18
23984 14
49132 1
85306 8
54955 9
88429 3
65146 6
50697 14
95070 14
10638 2
37407 11
44259 10
74994 25
86411 5
18649 21
11810 10
68948 21
47924 18
79167 1
44183 10
51968 14
50627 26
7468 5
89295 14
85699 18
93333 29
49626 22
42777 31
18024 11
75449 1
85607 25
9317 15
16358 10
48121 2
54981 29
65933 31
15662 27
88135 12
22367 23
53798 31
46829 20
30744 0
52882 5
77169 2
67118 11
23202 2
26934 13
24383 27
15261 18
15586 26
55 25
18605 5
61496 10
17223 17
61994 2
30247 2
46175 2
13433 4
54918 15
41724 22
90689 20
61189 30
83950 18
92229 6
12408 20
24812 24
49828 6
10873 10
98512 13
13153 4
11347 4
59365 13
18595 2
9924 14
67552 0
83910 25
13361 18
12062 29
51155 5
52961 5
95619 31
97147 13
70693 2
28149 9
88487 16
31157 12
96159 31
92923 15
99507 0
29888 17
80637 17
64299 8
26211 14
72113 16
14393 30
26199 24
67203 31
21898 22
8386 25
62248 19
35662 7
6342 14
51440 17
40663 12
29104 1
15222 6
47583 2
82784 8
24090 5
57979 11
3094 15
23704 21
4550 23
18986 14
74021 6
33429 30
60146 4
65669 24
20298 1
94306 7
49600 11
94950 18
49876 0
92489 26
72193 17
90555 30
90679 25
515 2
69712 26
97620 13
23288 29
70371 11
719 30
72807 13
76528 19
22197 20
97427 7
65331 12
57689 14
79892 23
4347 19
81978 8
42823 11
87351 29
50134 26
95824 25
50226 10
96156 7
22101 24
30208 0
4847 28
29424 7
24685 26
36526 18
22514 23
6569 18
41742 4
12314 3
12199 30
60244 5
13983 2
7053 10
10639 15
54942 7
16340 19
49810 23
77961 28
37993 4
32204 4
33557 2
20025 22
43752 30
26394 31
33491 25
33060 8
31654 11
97331 9
19412 19
23612 5
42610 19
44266 5
98577 4
24448 26
317 3
90610 20
40757 14
28933 30
72049 22
14108 8
18050 31
9119 15
92770 21
6466 6
47739 21
56230 14
96254 14
19311 0
81489 19
5571 3
51186 8
54017 31
98422 22
63999 6
24516 31
83580 13
99481 22
68324 25
79821 4
95126 23
52874 13
12608 31
34288 8
97103 12
70723 24
43914 29
50865 2
32989 13
44904 18
51226 11
22482 17
65903 0
97639 28
12083 6
93103 22
88498 10
83970 24
47952 10
34540 8
56592 25
65499 21
23033 18
31638 9
19219 1
8822 24
76724 21
59014 2
37198 14
278 19
36437 19
44768 6
61910 25
34056 15
24559 26
75728 10
37391 30
50754 28
98671 19
30349 0
59540 1
33379 2
28096 4
27022 4
25344 2
14714 30
7544 8
59537 13
41670 29
86168 14
5835 0
73470 27
59366 31
36399 31
8391 30
58424 24
45166 8
81910 28
93465 26
71341 9
29965 10
87007 23
36281 12
37027 9
86001 22
36172 26
16521 31
7808 30
16320 24
17251 28
75791 26
77699 25
91374 11
1652 5
76529 17
97588 20
79740 23
71413 12
34756 22
98323 12
61414 2
28003 20
5449 21
60978 3
17923 17
36523 27
73109 16
63988 18
23379 21
73432 8
78002 0
39277 3
82888 27
41143 26
19140 1
11367 25
41141 17
43756 26
66192 22
28923 30
11404 30
19550 31
91633 8
14337 14
83898 9
49607 11
75566 17
9789 30
21157 22
48256 8
72464 27
29991 22
92862 11
96198 24
49545 9
79740 29
47368 0
95800 26
29010 18
79817 17
76061 29
62744 18
70002 25
47601 6
44226 7
5600 26
55825 27
47567 25
36445 21
8709 19
25776 23
41826 5
86386 30
98699 7
58121 5
30525 6
75066 12
70262 5
32924 0
1115 16
11003 22
77506 9
63419 17
48227 8
23560 22
23575 17
47090 27
45512 18
53068 19
6042 25
49848 12
87196 16
4521 1
23010 3
67844 20
16834 14
46243 12
66359 4
79852 15
69103 6
66 2
83591 28
86082 4
23339 10
75266 7
28496 17
95414 28
43786 27
63431 12
33926 29
26633 12
93103 31
42151 24
73510 18
11122 22
27964 24
85778 25
63211 19
75654 26
53862 25
86900 8
85569 10
19571 9
95247 9
51859 13
19894 13
1576 7
90327 27
49137 12
104 15
17651 2
25311 29
95979 7
82776 27
44729 20
14525 29
82210 24
60632 3
37268 14
27985 2
15651 12
62357 25
3468 31
10824 4
18914 22
20868 0
24554 19
15072 13
64151 17
63475 9
54904 30
87631 4
15004 8
23319 13
89946 12
36015 12
29215 4
58398 18
19947 26
85671 25
30138 8
91097 25
38157 22
61135 7
62223 27
18169 28
68952 0
85126 17
44504 23
7527 9
17390 5
54536 27
47860 23
68324 29
61492 26
77887 12
51324 30
48044 7
31423 25
48727 7
44042 31
71910 0
77297 30
60173 26
42101 31
15579 9
10874 0
85553 9
42946 0
36919 13
16685 27
35377 10
4704 7
27465 30
64721 6
96381 1
37979 12
64149 11
77050 5
12429 18
29827 26
69999 22
35797 13
33575 12
43975 20
63823 29
58045 8
46858 15
58475 15
26522 14
16010 23
96692 18
25323 11
3935 13
31926 14
49676 9
15510 23
3615 28
48139 4
40188 13
99257 8
17611 19
86193 22
52768 12
34453 31
73088 18
70652 16
85656 23
12362 6
28472 11
40698 28
60816 18
81925 5
85480 14
8134 9
85404 7
80645 11
15907 1
47556 0
38468 25
77614 0
13146 30
30887 15
7629 29
50178 25
19000 29
5930 24
97952 12
78072 29
16041 2
62597 10
92647 24
88479 9
24641 0
51747 31
26348 26
89259 4
49581 14
85841 22
33614 23
92055 28
63816 27
85128 18
86901 24
96966 26
36995 19
22757 26
21661 6
28908 31
18996 0
65821 2
99574 7
75788 0
14408 16
19559 0
86671 31
60306 20
45999 4
97190 3
42443 27
50718 9
71890 14
86931 28
96489 0
15492 13
19773 29
41243 25
77393 3
42881 1
74902 24
68371 6
49468 23
53802 13
15576 10
59703 31
32529 23
99071 0
79768 18
18351 2
32580 15
37419 24
91230 12
48814 11
59198 25
86069 10
23453 2
3000 13
40241 7
5006 18
89957 26
43426 28
74419 15
17897 10
21548 23
17122 20
3012 29
72323 31
48243 20
11144 25
22547 8
7859 22
48738 7
96595 5
23648 5
50843 17
43277 6
39296 20
29672 15
89060 26
82671 15
9560 12
96723 23
23972 22
81838 30
5190 13
29803 4
77348 11
92907 13
25646 25
1004 18
71743 0
21000 30
99214 3
22270 20
99243 0
4953 12
29425 1
33236 24
26985 27
27480 4
20523 21
59440 21
8373 17
14559 11
39762 12
84506 26
20003 7
93736 5
26469 15
29811 27
92972 10
94401 14
38112 9
43818 7
56001 4
96355 22
19049 31
58625 10
43330 0
64487 30
82541 13
88555 29
69032 21
6598 22
10564 18
33398 29
129 9
34186 16
30190 3
20878 8
64450 8
18987 8
50956 26
10791 11
9827 27
32739 24
64332 12
61602 29
6577 15
51590 19
91170 4
13108 12
6658 14
35626 23
29111 0
86155 6
49587 22
26328 25
64142 24
85718 24
84192 4
70020 7
69263 9
70140 20
33625 10
32126 24
66247 28
23098 18
19512 23
26355 22
98704 13
16024 28
30281 9
84844 24
56250 17
90163 18
33049 26
77683 18
52593 20
28437 7
28456 16
23759 1
91571 19
9428 20
37180 1
82745 3
6801 1
89988 9
44054 0
28990 7
75813 8
86032 7
77734 6
78 20
35826 23
4219 13
83122 7
55733 3
34928 0
8970 2
4992 8
7852 27
13640 16
94132 31
43540 0
93595 9
20376 20
61564 23
3119 16
10070 26
69764 19
99833 3
52057 5
97484 6
14193 1
18679 19
79082 22
5393 25
71539 29
70249 25
12295 18
32816 23
81759 17
22494 25
37224 21
19528 15
32655 17
23222 29
49858 9
55284 9
3306 14
51163 28
63915 19
49790 2
156 28
94245 23
54370 15
89943 3
35648 15
48440 13
79422 25
40046 24
56380 19
15153 30
85846 31
4978 20
21695 31
93307 7
58745 25
34529 14
6830 27
87816 5
71617 16
68660 9
82681 6
14658 14
20512 19
64797 2
95778 8
30014 31
2576 22
27959 11
19352 9
80650 19
59999 8
86595 11
75974 29
83029 26
64368 17
19004 11
76495 12
65457 31
20789 13
82104 28
8523 22
18834 9
617 9
73536 6
61653 18
51528 18
66091 27
55293 22
15114 9
9712 24
77787 16
78663 14
43834 8
55420 30
52985 16
40883 8
75848 0
49031 29
8783 16
3281 9
11627 12
17257 15
61299 17
77248 19
79967 20
38126 13
63072 23
64749 5
36610 17
49231 14
75303 25
60024 25
85213 16
56897 15
65351 21
88292 13
65139 1
61551 12
17859 7
71335 7
53337 2
93115 21
48328 3
75519 11
52804 27
31658 12
93716 4
46162 25
19567 24
39712 6
22854 9
77979 10
36664 29
44899 23
38095 15
97663 0
72425 22
11380 1
67756 31
92287 15
77858 13
79549 3
13401 31
57677 7
70795 2
98902 6
99526 7
81845 25
87113 24
81390 4
91193 3
79055 28
83391 9
48012 2
74848 0
65818 18
19641 18
13730 6
66236 30
59852 2
21093 8
59635 28
73931 17
81882 22
66869 19
54203 31
4475 9
90482 10
8082 4
71978 24
19980 29
20802 9
46078 15
14143 11
56155 4
97982 4
17258 13
91689 31
91268 21
67616 15
50752 30
37427 11
88903 13
7975 21
91463 8
38948 27
73052 7
49578 21
55943 17
25758 20
83858 25
25173 17
48701 0
40934 17
82261 24
94779 3
61103 31
21546 8
63419 24
28566 18
31041 9
97600 20
7466 18
33213 1
7284 4
30999 1
44529 30
26379 2
51116 10
90495 8
15749 9
22666 30
39378 14
85027 18
56885 13
20736 11
94077 14
23954 4
16006 11
61154 14
6414 23
77376 29
36408 8
38830 27
6212 22
99119 16
57944 6
3929 26
44937 5
64308 6
40672 19
79282 20
36762 4
21944 3
21311 8
43977 4
12025 23
26198 2
60355 21
94477 3
47920 1
93385 21
36788 0
48475 16
95634 3
62175 31
10475 28
64181 25
94385 7
72973 27
65655 21
17972 12
99252 31
33708 1
61093 2
67113 28
2353 24
26389 1
19292 16
59513 26
24320 17
25755 13
71590 1
56859 28
76599 1
88364 29
1502 18
48229 22
51823 17
85956 2
1815 22
55616 24
91221 31
43852 11
32945 22
24574 2
54997 28
25918 13
90511 23
21039 8
96239 27
74357 5
16536 27
85878 30
23914 7
34656 12
64098 10
1690 10
33902 12
94517 21
98118 1
97797 25
11282 20
67158 4
93495 25
38126 31
47312 27
84167 10
92998 25
21348 9
54785 1
85421 4
3092 3
9884 22
73915 23
33650 11
39401 29
57980 24
18066 18
13288 9
55129 17
94505 7
5415 29
84856 22
56753 21
81789 2
69322 15
85828 11
86131 4
95049 2
88432 21
13615 19
33274 5
2480 19
61417 2
80607 9
55608 10
47663 7
90861 16
62618 24
29960 22
30294 19
17906 13
19818 28
27342 4
57932 22
62000 11
2229 24
14685 5
34851 21
30060 9
34752 23
94818 12
47163 18
62999 15
78128 8
9465 5
37407 20
42386 25
41166 19
98662 7
77607 8
86467 27
24335 2
67602 16
55412 24
6066 20
28625 26
80312 10
9687 4
66101 1
93726 8
78796 1
50137 13
93424 6
9794 21
7158 17
22570 15
30508 31
53543 16
82224 24
93923 9
22071 26
4182 4
6383 29
85672 0
50338 23
49361 15
17837 22
58593 14
34439 6
42876 17
75419 30
21810 12
21763 29
93179 27
39733 0
71555 9
79325 7
94899 0
29303 0
19669 26
92682 1
17107 24
41174 30
44828 30
67618 7
2098 26
38059 31
81198 23
58147 4
12688 22
72497 27
12304 19
33943 18
43101 22
78964 16
84300 30
59598 1
38169 8
91209 14
49329 30
22791 1
83516 25
21297 24
2321 19
54126 28
5947 12
9241 19
31369 20
25148 23
23619 27
73711 8
13630 7
87431 15
77101 2
69739 13
51633 25
61555 17
20257 6
87964 20
56037 7
62852 17
92009 19
8509 17
17025 23
22013 25
96032 1
2912 21
4170 0
58257 17
54565 5
68314 6
1388 20
91538 8
70494 30
29975 25
71047 16
21105 4
65859 16
65760 5
87938 28
38067 10
59967 27
87831 21
92313 20
59818 28
33992 13
53491 14
39890 24
84834 23
50403 7
80585 11
91132 0
79141 2
28031 16
93092 17
44531 3
32838 17
93102 18
76719 27
52450 21
94255 20
27139 3
92301 12
29042 3
91088 15
59525 5
2159 4
47243 1
91744 8
85069 31
93855 15
80333 26
26652 13
29529 14
76302 19
31577 1
93017 29
73375 7
31274 26
36105 8
24767 19
70999 30
5057 16
43858 29
23348 8
60276 24
13068 1
86127 25
35237 27
85621 2
92109 15
71534 29
80870 0
93734 1
58386 13
60403 28
2517 10
87907 3
53121 5
18115 17
52108 27
93007 29
59983 21
6663 8
70976 5
99591 19
3324 10
18930 30
28940 30
31434 0
95124 10
5761 21
77112 19
30511 15
17628 2
28746 16
10877 6
29161 27
98664 1
84459 30
10062 1
41175 31
5493 2
98929 3
66461 31
84720 16
78914 4
2632 18
22763 8
66748 10
45179 8
33882 10
78977 13
84331 18
39702 6
8891 0
95203 19
89984 22
99681 4
8191 16
81530 6
6749 13
79497 21
16470 12
50391 18
21904 2
1225 26
60439 26
35630 0
13904 15
30005 17
64269 26
79481 23
82759 2
4777 22
46899 29
38830 30
44619 18
20139 17
88879 11
87835 26
74905 16
53616 15
27882 24
92496 2
32397 17
9120 13
80941 6
19575 22
61987 2
86910 12
69429 25
81345 23
6328 6
71092 26
99252 7
88817 15
83601 8
97979 21
72569 2
72469 12
30111 22
87589 2
76195 17
38536 19
32970 30
68438 15
35081 6
92893 9
79142 15
78466 27
31865 12
27219 15
97713 29
42713 3
44468 2
33156 15
60584 5
4689 9
88025 3
67773 17
55879 17
21628 25
89191 19
95840 28
52981 13
15223 3
77396 26
11535 6
46996 14
89358 5
45971 8
40473 13
20678 5
8635 4
81669 29
21895 13
18296 9
94282 5
51511 6
53269 16
44080 16
11384 12
80184 1
90500 1
98384 4
3689 2
77796 1
27676 30
27115 28
83599 0
86950 17
8942 18
79495 23
93879 14
51488 20
34013 22
40086 3
26008 21
92219 12
18926 14
21188 17
73451 0
64320 22
10992 3
82411 20
96473 14
21322 7
63535 6
11694 27
13330 2
91431 13
42543 24
63863 2
21489 25
2599 20
49705 16
45653 6
62505 9
38514 1
77804 3
56046 0
45325 3
65608 27
33314 10
94795 22
16601 22
10263 25
95400 11
17425 1
