579 22
90977 4
43614 12
73917 4
37230 21
82133 8
54360 14
34165 12
81700 21
35095 17
33970 3
7205 15
17629 0
74763 7
29118 19
59161 6
60687 18
81431 10
96345 12
81243 8
2167 15
61617 15
31720 9
9453 15
8722 6
8278 1
47518 16
11548 9
89105 11
602 14
20970 0
40414 11
567 1
12488 13
53736 13
28490 15
43513 21
29887 1
30920 1
35379 7
92566 17
21956 14
88244 13
69220 14
9333 19
1623 10
17882 7
90010 17
87290 21
82346 21
78388 7
6945 20
83311 4
91403 17
35822 21
87825 17
33082 6
60736 21
47802 5
56993 15
40665 2
56549 20
32062 15
7062 7
45944 6
30841 10
79228 5
24815 8
75803 12
96371 14
48415 4
15414 10
63401 8
61208 6
18102 3
64508 19
80739 6
43982 4
99765 8
30486 0
44303 15
44513 20
83992 11
12550 20
17886 0
54804 18
23850 13
18124 8
63857 0
20297 15
50995 19
89326 18
49029 18
62775 9
5251 10
99150 12
78002 9
32110 13
8676 2
85835 0
48503 15
79377 16
88884 10
22577 12
68066 15
91488 9
31505 4
87251 15
73563 4
56073 0
93380 5
30310 10
11124 18
49916 13
85973 11
91417 17
71735 15
76933 8
87829 16
82878 14
79335 19
76132 6
75078 4
14205 20
15933 6
53319 3
59843 16
80349 1
42317 13
93598 11
10706 17
49204 4
3557 6
48386 15
2347 11
51803 3
91991 13
10819 8
90581 21
13698 19
69182 10
4161 15
23952 18
47893 16
12477 0
45505 11
81087 21
21021 21
72918 2
29874 8
6107 4
56935 12
81751 7
87666 13
25705 0
16725 0
81579 2
94267 17
64638 4
45815 7
33413 0
29225 5
61627 3
81063 10
30225 5
65183 1
35868 17
45962 9
96990 10
65595 1
36775 6
44595 2
92838 18
98425 14
2714 21
71935 16
25001 12
92961 4
35592 0
91397 5
95504 4
82553 5
64715 17
29231 10
7367 17
64669 17
87082 11
5738 3
77163 9
62008 19
41241 3
83560 9
83374 3
99120 20
6385 13
39576 6
1809 3
45226 4
1312 6
45939 9
73725 2
86052 12
20978 2
15808 4
94069 11
83777 2
81108 18
7180 1
31895 21
25930 14
6205 12
70575 11
35463 3
55264 6
99113 19
6992 13
32970 15
567 20
19831 16
86057 17
24927 14
30727 10
16814 11
59682 15
29482 1
22676 18
33536 3
93267 2
64210 4
4963 9
16501 12
9864 6
69082 15
5243 1
7018 5
32385 3
6189 1
40044 2
16351 11
15080 16
83975 20
24269 12
78780 9
48801 9
53121 9
96238 7
77244 1
11825 12
91287 3
59692 11
77748 6
53371 16
40226 9
74154 12
15008 8
44428 0
64033 3
40151 13
69975 17
71606 10
38427 14
8643 19
4877 7
32465 12
27131 18
79912 9
22328 1
39717 3
79677 3
70188 15
6985 11
25107 20
45093 17
289 17
67675 14
85978 11
80562 19
78161 14
70485 14
22444 8
14938 18
40913 21
29712 10
86691 13
16281 9
86532 8
99643 1
6828 11
70080 12
63431 1
78013 2
21845 15
96968 14
27790 9
4976 0
28698 18
16633 7
33538 21
96864 9
76376 10
49596 3
79635 1
13759 4
32272 19
21183 17
18424 11
63394 10
33346 16
76174 3
21102 9
34234 8
28738 16
31240 17
67949 15
28636 5
71591 6
75118 4
50052 1
48544 3
34723 9
68030 19
10823 19
71815 3
24257 10
97850 21
87535 5
61409 3
82018 9
48147 20
56886 3
48599 16
8172 6
96900 18
50004 6
42910 20
26368 17
59083 3
87248 20
81587 11
30251 11
33657 8
20224 19
24772 15
57482 10
53475 5
57337 13
48498 19
25970 3
19738 13
27695 12
5376 8
35350 1
70327 16
35564 2
19436 6
70619 9
15122 20
13950 15
67145 5
92886 6
13436 9
8685 0
45302 8
6061 10
13901 21
7979 21
63508 2
36666 8
22937 13
37559 19
21869 4
46958 19
68585 18
40498 17
86639 20
26211 15
4197 11
71932 11
6897 7
30507 10
22915 10
19545 0
17473 21
13781 7
37123 21
83165 6
4544 8
69329 10
84984 18
16886 21
44787 2
9555 15
86570 16
76996 10
42368 19
51101 11
44472 14
28647 12
12922 17
25595 18
8068 1
52982 8
610 16
1070 11
26989 20
6549 5
18095 10
57868 9
13367 6
5276 6
7701 18
35918 12
29471 12
35255 4
27149 21
24274 13
69379 14
1910 20
5221 13
28105 9
87210 3
33537 16
39941 19
69880 19
43787 13
34110 2
79143 12
25220 19
55927 21
8404 6
98092 14
71075 18
87799 11
15228 2
83265 21
64722 7
92574 6
63556 15
68341 0
39419 8
21276 20
62106 15
70061 8
65619 19
56326 19
53299 19
52829 9
53196 18
73205 3
40816 18
75211 10
75023 14
43091 12
61189 0
70796 21
88153 12
80715 12
81906 16
63771 13
69428 12
9404 12
58110 7
80903 7
65243 14
10712 4
48074 5
51142 21
19376 6
50756 6
90760 20
53477 1
71402 8
55757 15
72511 4
13967 0
28670 19
49142 0
62502 11
77907 21
16556 13
95783 5
49405 13
16795 8
45028 21
7734 20
49646 17
90053 13
91354 5
37980 20
45569 8
69771 21
62480 7
19199 20
55481 21
58345 12
36540 13
55083 17
74227 15
67952 1
46580 11
75854 4
97292 9
11386 3
15795 20
41174 10
69456 8
25138 1
80320 12
73472 21
80053 1
30287 11
86785 11
15868 2
9762 14
61439 20
50795 9
88980 2
57653 20
86505 20
92598 17
56009 7
30296 21
82776 6
89970 1
15427 8
50446 13
72072 5
90680 17
32141 19
56952 13
83334 6
45887 6
6794 17
78367 12
61755 7
68758 7
85204 20
65440 21
27757 3
77979 21
9851 15
97103 19
8322 2
51968 2
76738 0
71330 0
5356 0
54077 12
30477 3
86790 12
70389 14
71988 10
51858 13
84605 16
70767 14
4190 8
48557 4
56935 4
6252 17
20640 15
49203 0
94077 12
856 9
76073 4
37047 2
59246 6
2098 12
56076 2
50534 3
70388 19
74322 13
70191 12
15883 5
40708 7
33649 19
26579 8
98055 14
87444 3
49145 16
79842 0
