10000 47
76695 2
83536 42
68489 33
26447 18
53950 46
19170 30
31193 37
63023 0
15328 29
58724 13
75188 3
87346 43
88726 5
18147 29
15857 39
52226 40
37017 6
93451 18
19392 16
29146 33
50563 0
5844 0
7365 35
5600 6
20758 23
27606 4
18096 29
98185 1
7028 9
83488 7
90108 19
9132 43
53108 14
25971 21
73154 7
6994 32
81841 30
68354 46
3177 19
98083 1
16746 34
80700 18
47143 28
7666 25
27237 16
14646 12
19278 22
64077 8
28566 3
53573 16
49951 6
22724 41
33082 32
22047 16
59660 31
13425 35
68958 20
44601 13
81701 13
6624 30
81215 34
96977 27
31266 16
63405 32
75094 41
77894 27
327 28
18209 45
54223 0
22465 28
25145 3
5952 30
53239 36
12185 46
47681 27
7806 15
89661 25
16578 1
90742 3
4027 22
13696 29
3270 23
26673 8
86517 37
33406 3
38503 46
24971 31
39344 41
91637 39
7300 22
98897 19
37810 26
61347 4
16038 14
15212 29
52587 45
10154 9
1669 15
1444 5
87205 10
59713 21
20141 17
94128 18
13937 22
51237 30
17917 22
90307 18
13489 17
50714 18
46372 35
78937 31
39092 10
57178 19
66743 42
50206 27
74421 46
12020 28
692 22
18376 40
20816 6
90374 42
53339 31
89271 21
85298 33
47573 43
2442 3
30248 36
31774 45
81658 12
33518 12
46655 40
84466 25
57302 41
20261 38
61553 17
98888 38
82221 3
14753 26
54121 44
36127 31
51554 38
32001 20
98128 29
58713 8
26520 13
5969 17
53671 15
6891 8
30811 18
48578 34
52684 44
70462 25
61816 42
18525 45
78843 41
9094 4
81785 21
99598 34
72205 23
81852 29
14372 38
83746 9
12357 21
32850 17
86984 3
28673 18
17035 23
56844 0
2149 2
30680 43
63388 39
62543 38
96294 39
84682 6
90597 3
50559 5
16129 8
82003 35
54954 3
45432 40
75431 38
10132 1
80696 29
34683 40
5773 40
89247 33
32593 44
90649 44
22717 46
44997 46
43641 12
49322 36
94296 5
65243 5
78459 3
15519 17
48922 41
26624 9
27827 3
6163 6
32405 0
10592 28
44569 40
63015 7
31002 24
70781 21
68534 10
18924 40
85651 33
78722 41
4661 5
18487 21
75029 1
2799 15
66861 43
99738 14
60606 15
46455 28
73775 36
17700 10
67660 26
66797 22
23358 7
90935 26
20976 0
11752 35
84660 18
88617 18
99266 37
86035 24
80576 39
52649 0
50647 22
49135 36
15879 38
85447 2
20056 6
35069 19
70503 7
84772 19
38166 46
76738 18
45895 31
69775 44
39887 38
52194 1
33059 39
96170 16
29049 28
75198 34
83504 15
69663 31
26940 17
66261 6
14096 0
53622 46
32008 34
4659 33
38947 0
19416 21
67452 31
12330 35
15684 1
22002 36
13245 19
94960 3
2562 9
83117 16
67452 6
94667 27
15618 9
37315 32
41037 45
71543 32
83028 7
24783 38
10120 29
98281 10
91472 18
22547 39
27837 43
8074 2
81859 20
19508 11
66088 46
64658 37
3082 32
26942 1
77804 14
50471 40
59139 39
49462 13
89434 9
37268 10
18678 46
96387 39
63116 36
22784 43
16594 11
10547 46
48922 8
6184 41
74221 9
64539 3
19236 26
81263 9
50623 8
49442 41
69497 33
11873 21
65355 32
34716 22
44941 18
32283 19
39671 38
98926 38
38587 27
94452 29
74545 36
9761 42
96922 43
52164 41
86740 38
65213 1
94465 5
80401 14
55968 6
25410 18
78224 9
1832 44
3615 10
49610 36
98619 24
48371 36
39721 44
87470 26
7938 36
94884 40
215 29
44951 34
64943 36
95220 8
71773 42
9535 4
20670 3
75118 20
41318 14
41094 35
85924 26
75775 18
81834 32
90564 34
92731 32
70252 8
1153 35
27142 24
31894 12
70074 25
62555 26
19796 22
97337 5
91169 4
73292 33
17134 44
57489 35
24456 22
1666 35
65145 42
38004 10
34263 1
23840 31
19607 7
41218 4
71640 29
56239 10
67395 0
32919 17
17272 11
49966 1
13333 27
88008 26
20550 45
8641 0
90775 35
29686 8
32748 13
28926 29
33592 31
72142 10
49957 40
70523 0
63638 31
14781 37
43994 46
3442 16
65000 36
27205 12
82745 1
46299 10
12504 36
3579 22
86826 12
55267 37
47812 5
8677 20
11223 2
5990 24
95096 42
70519 37
36187 34
82671 3
65209 41
5241 18
91189 2
9743 26
47816 18
67811 28
63673 25
30544 10
37139 23
98022 5
60605 18
87470 40
25952 3
94059 10
47783 5
9567 10
96727 32
61168 1
51002 46
17705 1
31432 5
64753 29
79730 37
34253 19
79421 38
91553 42
78676 21
7527 41
57804 30
29628 27
19843 26
98872 21
81214 6
20411 12
90405 7
8440 36
40836 21
89845 3
21449 10
47427 9
29032 11
48253 22
9932 27
66218 36
97727 18
78828 46
64655 44
49638 25
9263 27
10269 29
98043 42
20429 15
82346 15
19799 46
14311 6
45129 24
44393 28
42709 5
98251 15
16834 27
98653 12
39236 11
69234 42
18308 45
94084 43
31055 7
61178 22
58384 24
31207 13
13551 21
54012 33
25535 32
37205 2
83824 3
29484 41
30323 23
9277 32
36537 7
13528 41
97689 37
36997 40
69566 20
41309 21
65910 45
36569 19
36427 12
44752 18
52993 9
59530 36
47887 25
18835 8
27327 13
17915 3
76902 5
27103 24
91536 2
97659 13
64887 36
10980 24
33227 15
78306 9
47736 35
13620 9
98066 29
4916 28
39235 46
53396 37
32094 10
23846 21
6001 36
87993 30
6832 12
6638 19
68102 9
12138 24
9201 4
97228 30
83237 11
28299 40
35224 8
92127 11
24392 7
72172 42
74695 40
88443 38
36606 38
19353 4
50609 14
7550 10
64539 10
93690 31
19207 22
46486 1
26289 42
84552 28
21644 3
36139 44
54367 40
62761 9
9357 18
5112 21
65262 43
69480 9
12092 39
58876 46
34227 11
70339 11
48967 41
27701 44
37922 39
30479 21
71949 24
91559 31
70478 39
78454 27
93079 13
9791 15
60072 8
48331 45
77500 45
56181 19
39079 26
76754 22
44651 23
97253 33
74662 16
27577 7
6444 18
41385 20
14108 3
93937 4
18355 40
46810 41
62766 34
92837 9
79923 23
29052 20
73531 13
14865 33
4877 24
13858 16
43306 40
80718 36
55775 7
70469 26
62062 1
10149 20
47365 26
88830 35
54377 35
75063 30
46886 5
17151 14
57790 18
63330 10
64800 33
93880 43
18959 29
36013 14
9367 43
19417 29
87071 22
48006 21
11997 40
89630 2
59796 9
15927 28
35163 40
90308 17
8887 5
12512 11
32753 0
71704 9
73414 5
44973 2
3291 30
10031 7
46203 31
63178 1
48239 38
33374 30
81885 37
52493 7
98545 9
18913 15
82113 5
959 35
24142 42
9599 11
80750 23
76435 24
20815 32
43131 46
39497 41
66678 9
22214 16
69844 0
9460 10
15046 19
66189 40
61380 44
5194 13
87467 11
6812 26
35252 14
14514 32
94613 0
93316 34
94524 5
97379 35
37921 44
62857 46
5513 35
69518 43
22711 29
30736 22
41293 12
43214 42
71734 11
29814 23
17093 25
30520 24
34974 5
21330 36
11593 15
28408 22
43793 9
56967 42
98610 3
79087 14
51119 21
67413 39
88970 23
69188 0
81745 17
81573 25
86535 35
77143 29
65641 20
88847 33
26485 39
30677 13
89756 39
54557 27
84951 25
82624 45
37308 44
84576 15
42614 26
45357 4
71242 42
74514 25
38425 38
51902 32
65767 9
73737 40
42941 43
12367 2
8502 2
30700 40
87720 24
88013 28
15050 36
20947 27
59592 29
3760 5
52747 17
64552 0
42034 16
48099 9
67508 24
64289 42
82732 43
55699 21
72111 5
93816 17
65815 39
44228 45
54972 6
58704 29
63426 29
17634 42
67096 17
41173 19
95784 9
64937 15
28261 36
60665 32
2979 32
86275 24
15178 8
84783 10
29923 5
74328 20
97650 20
83775 28
84289 38
95981 41
17732 18
34332 29
26741 7
15373 19
19580 43
64610 40
93837 1
20378 37
9213 7
3207 39
2801 18
72255 17
76436 14
59236 38
17548 29
24972 35
51628 23
56179 1
31121 30
51921 25
67298 10
40060 14
85183 16
73898 20
90477 37
48499 37
88738 21
14843 37
49308 31
50348 25
43961 44
69686 7
82334 20
96684 30
8632 27
67989 40
86639 4
61015 18
12094 12
15313 12
70044 37
90512 4
75161 25
62271 30
85521 5
21376 32
78209 21
66409 18
81691 19
13454 38
79381 16
16436 11
61903 3
44372 2
78171 20
22258 40
59924 11
47959 22
81380 33
62512 44
49133 40
92694 8
84843 32
45321 38
72396 36
42662 20
4876 2
28180 2
89225 44
74667 40
83362 31
35118 46
32471 15
5472 9
42002 3
43775 15
45120 30
62590 3
75499 46
63704 19
77524 12
95976 36
86944 7
48557 21
3416 12
98793 37
54303 39
47077 9
899 18
53702 46
93638 33
78193 43
50713 44
24368 20
80742 28
62790 8
46127 23
86830 37
55652 12
49172 21
86452 3
84854 12
30742 37
49319 21
43198 21
66986 15
98570 0
86202 12
80165 12
76775 7
26961 5
66991 24
91493 14
44176 26
80967 29
81018 37
96538 37
36772 3
43683 31
52443 6
53057 38
1216 44
42133 15
88122 23
3242 14
24145 27
81058 22
3431 3
49459 25
59442 46
51233 25
92014 13
84722 19
21897 36
97279 7
61151 28
84267 8
79159 19
67255 6
45573 33
4383 24
4609 35
69482 38
40467 1
49413 3
52323 40
66420 27
8338 38
12662 43
68538 43
22084 5
25579 21
94977 14
29427 42
59072 16
37278 45
28043 19
48783 2
8096 16
24308 46
44502 46
31899 9
62126 5
40287 24
92969 46
17443 40
88451 40
49240 11
99494 2
69900 24
4301 19
43773 11
39388 7
61457 28
84018 1
21189 38
86072 9
55730 31
53231 21
26446 26
72032 10
39377 14
72678 9
4676 44
44222 12
80196 34
15688 13
91823 46
6861 30
26812 5
96144 27
33361 19
86260 43
39490 1
68214 6
15346 35
63115 14
44056 28
98358 20
49851 26
4563 0
9994 25
78279 39
60818 1
18890 41
46490 17
42634 21
62034 17
20437 32
68410 25
71321 16
48000 23
73680 11
4822 3
46022 9
7493 41
87919 19
56882 3
58615 31
12707 1
86653 13
39157 19
70433 20
97688 2
95338 25
25889 10
92846 44
859 45
74764 16
72711 26
35554 14
84134 39
16489 5
30915 21
84279 28
35276 12
71283 10
60715 4
24095 45
39079 40
28094 33
35393 30
35098 15
40020 4
6935 19
78576 32
958 35
93808 27
19965 11
36258 0
46398 36
91433 38
663 26
72567 20
57164 14
97079 33
91873 44
89243 15
7676 43
85868 4
2749 10
6775 34
70454 29
11190 23
12195 43
37005 5
70618 11
26045 30
87400 29
21633 41
52864 43
69812 45
2070 1
77661 11
31867 45
26883 7
66026 33
40214 43
61373 10
91621 20
13509 45
13329 0
75136 7
79618 5
34191 9
74720 33
13028 37
83339 1
594 38
71513 46
44150 39
95999 34
55198 15
69511 4
4248 11
8535 32
11326 31
86999 14
62721 0
35017 4
14542 14
51257 33
778 17
86986 43
3000 28
44030 45
43849 38
81658 1
56425 21
10868 19
28959 10
63667 23
13773 29
68740 27
35070 19
80918 6
30628 28
10674 33
52423 22
8430 17
30037 21
95606 2
59943 33
44059 40
50621 15
17669 34
69878 19
83444 28
34985 28
78708 41
43941 22
69160 8
21551 24
56749 2
14779 24
662 6
52923 37
58521 10
96483 37
57320 6
27191 34
95811 10
14740 11
91551 22
4058 17
8966 43
21564 36
5848 1
11479 21
77276 7
9126 14
63281 27
8093 25
6943 3
67921 36
73542 1
93002 38
47112 36
14372 33
89016 13
13762 25
44409 40
39394 28
90263 31
96096 20
20964 26
6799 35
25108 8
84755 22
17148 7
84044 45
80654 45
11698 10
35296 7
36917 34
20265 45
94609 40
40099 45
41129 44
31172 45
93920 10
57971 29
62997 25
55205 0
4441 3
50719 44
4408 33
97913 15
60127 14
506 28
40431 25
834 0
89053 20
84712 14
5464 30
63008 37
65140 2
82778 19
67660 13
78752 40
50556 28
22199 4
28076 24
15614 46
24318 36
54321 32
60692 0
98052 40
15963 14
27478 6
47103 42
3189 27
96204 9
90433 29
76184 32
22747 20
676 41
76615 29
84132 32
19942 6
51692 2
60235 8
24937 0
74692 41
44916 3
49047 45
63355 3
49409 18
52095 17
66315 33
2363 11
57173 2
43431 26
97460 46
11897 1
33487 22
85361 18
50435 30
2095 23
51909 25
52010 25
33655 45
33477 18
72636 36
18668 1
99338 17
53134 11
47311 18
1483 45
78036 27
46157 8
28512 43
83474 32
24014 44
55535 16
72427 42
56089 16
21806 16
3247 19
74155 9
66931 17
53274 14
81221 32
27706 18
55580 17
30079 28
73157 19
91104 2
51498 17
48674 28
63065 39
73724 26
9298 37
1127 24
42250 14
88100 17
27761 23
18408 10
11720 26
71326 8
2780 16
43055 8
74915 34
70818 38
45572 11
6217 14
44965 37
88049 17
82747 15
26958 45
63867 34
54217 15
58643 16
51077 9
45292 14
62971 12
93603 18
16955 35
22395 7
99289 3
92267 36
12072 23
22063 45
52279 0
40879 8
83812 22
57100 20
7035 18
18711 33
18267 40
21062 1
42512 16
83092 25
60488 14
88025 46
14256 2
18118 22
63181 42
88034 34
88297 34
95007 36
6056 19
76023 17
81938 0
42501 31
4638 5
70333 37
7327 42
3442 31
77290 40
60958 42
89495 8
65020 24
86949 28
19781 1
82824 19
43510 6
509 26
12259 16
87450 32
59810 6
96262 4
2972 5
88621 0
43986 14
45241 3
55333 11
6860 26
40383 11
66534 24
84928 10
35825 46
19987 27
19782 3
87369 32
12968 27
1566 41
696 32
79549 10
20627 41
6041 22
722 46
71902 10
46534 18
12956 27
29667 7
92708 16
26500 32
10150 27
60097 26
38073 8
74399 12
49484 13
99722 22
9592 16
61126 41
3186 25
19506 14
94806 41
38635 12
41971 19
59598 13
31175 16
19054 15
35408 30
55984 12
13700 43
99507 34
86122 45
63606 46
20412 33
46942 5
19211 17
88280 4
13199 17
19693 23
33577 7
5034 17
14345 27
93684 6
82534 32
358 7
11499 41
90297 41
53812 12
79413 43
29871 32
35077 1
76316 30
35830 1
45049 31
57233 42
94659 30
11181 3
97244 9
44992 10
36835 20
21304 27
14433 13
14522 19
1138 29
46940 46
60877 25
84981 3
61729 25
97300 45
39799 27
23110 13
11435 27
44198 11
50669 1
73148 42
70729 43
49196 5
70953 14
88297 3
58993 18
30915 7
89727 36
26264 35
90731 17
59242 18
9903 46
85656 35
51013 3
72909 10
49699 39
13360 37
48596 21
14801 7
12335 34
57519 1
90170 14
56815 3
56353 10
10402 8
15546 25
30444 20
72108 46
32221 4
17600 22
20356 15
5338 2
64897 0
81527 26
77078 15
84067 7
24699 13
38489 28
8932 40
51057 35
19812 1
71103 10
4552 27
67438 19
29004 36
31336 5
70267 16
1937 42
4257 26
84504 23
70841 19
65960 12
2847 35
16482 8
18634 23
95502 3
60786 0
81480 32
53493 27
4589 37
67344 19
9699 38
229 18
10830 16
83800 34
68341 29
90265 23
76335 29
66506 16
23589 23
83363 10
77120 19
59307 18
19617 12
22000 10
66015 26
52105 46
25357 38
8157 41
91685 32
82911 5
87280 30
47021 21
52318 9
95747 17
72685 29
24218 0
90125 17
58936 15
62593 29
26684 5
45084 34
25983 33
13154 32
67120 31
63874 41
39714 8
68269 21
94668 31
28300 8
58246 36
31730 25
7332 5
68972 19
45112 17
6078 16
35911 17
58500 20
11499 25
36772 22
60481 6
85095 17
39310 41
96081 17
93 23
12792 7
44447 21
90647 25
26982 4
54607 46
31444 19
56622 21
74472 5
24049 29
26171 13
63471 31
82164 29
30926 1
99012 23
32417 20
69551 35
86512 10
73823 24
1832 11
11136 4
64903 13
44119 35
64796 42
46949 3
91898 31
33140 8
90824 26
52739 9
9672 38
92337 6
81124 8
84571 25
4845 11
13867 3
1807 28
25952 13
99647 36
24719 0
42404 35
98893 43
66474 8
96739 21
65882 4
39735 45
81091 9
33116 44
57873 12
86954 18
22090 6
98782 18
86743 4
38421 4
91312 30
90888 11
87956 33
64416 31
46288 36
17698 10
12248 0
41415 19
89097 22
96112 27
92185 33
54137 18
80739 15
15339 19
53790 37
13892 19
72828 44
5707 6
52916 28
91148 24
31524 36
45164 32
40734 7
4478 27
45421 11
14474 28
43210 40
80976 40
10939 12
96525 31
55736 21
78861 18
60763 44
62547 1
30313 40
46312 14
3647 13
3455 12
99464 10
54296 11
19574 19
18127 22
53069 43
96396 13
76018 4
58417 35
51630 13
26327 28
74099 16
48207 35
66197 7
33853 34
54035 9
76362 27
25599 38
30892 41
79360 10
45963 2
28642 0
83423 37
21972 22
21770 13
62454 9
64231 9
39566 23
30368 25
31462 18
45416 27
17174 3
70390 28
17739 30
95362 31
69458 17
74545 40
29359 39
65003 42
64895 5
57642 1
15777 15
93622 6
54102 0
72000 35
25493 15
73787 38
80608 4
86431 7
89332 36
8045 45
18522 32
72080 9
43676 2
11137 41
76901 26
26995 23
26358 39
89099 20
81890 32
7671 40
21739 3
29894 14
9447 32
99723 37
51391 4
49313 11
66048 26
31110 18
9232 33
96182 5
63104 42
67940 43
50816 3
84184 46
4890 7
3916 42
47711 8
40174 36
81497 40
71458 2
88840 23
30104 32
52033 17
52586 35
46485 6
86027 4
53969 30
80219 24
85461 3
17626 24
38229 2
71478 38
98792 15
64651 0
67487 25
66276 18
1682 46
22063 18
43847 35
12621 14
33990 27
33469 8
57311 0
18534 42
22080 4
40199 22
79474 14
39222 12
24004 28
98305 11
45660 25
76276 36
504 4
41941 8
52625 44
11911 11
13804 22
46455 32
18362 4
22869 38
33503 44
83319 11
11161 12
77922 32
61035 27
9454 33
67932 21
81938 45
47077 17
12028 6
96522 37
5899 45
81339 28
87424 13
44878 42
62741 21
53713 33
24093 32
18767 7
71434 25
97182 34
43121 14
77789 15
93194 34
4942 9
83603 3
42801 18
50103 2
69015 19
22341 10
70017 17
24636 24
38929 24
74042 30
18643 0
69091 39
16885 7
93290 38
42036 25
85261 25
78709 33
85431 30
57724 22
40681 8
44560 46
82152 21
76124 32
57120 6
22177 7
65177 31
97949 20
49633 7
62665 42
69336 14
54861 22
10312 5
87992 20
30741 45
54859 17
14125 1
41481 30
80078 35
94648 33
49454 38
78797 35
16640 30
47890 12
4190 45
98331 35
58820 7
77216 22
15749 37
85045 8
88952 36
75688 35
18348 12
8022 36
35465 11
70034 40
71884 46
54682 6
96853 41
1047 1
82961 31
36185 9
98221 9
30250 18
77458 24
10988 38
44901 33
90794 6
68691 33
56653 31
13029 43
21268 2
12226 29
77545 9
30841 25
73993 24
28742 22
11656 17
82142 40
65913 0
99403 26
74770 24
30824 14
57484 11
68790 24
96184 37
68045 12
61687 33
65075 43
1998 31
58774 26
31444 30
48091 26
35858 5
72097 22
85638 15
17285 41
7768 6
46356 46
90421 5
74428 9
82647 33
93111 7
37803 36
56198 19
12479 24
30357 30
16835 2
45323 1
41487 12
72424 3
30631 40
6976 6
31606 13
69505 41
76074 21
76018 42
29296 27
63123 26
87393 40
67562 3
21613 45
7061 0
52656 28
86555 20
68249 37
63774 7
34466 27
51152 41
21984 16
69686 25
65398 32
77413 14
68363 33
18773 18
60014 9
2809 37
99644 44
57939 4
99960 8
12165 34
92439 34
90236 23
6913 39
2616 26
23469 6
36032 42
32133 22
58145 9
58494 40
38411 2
13650 13
1769 18
84628 0
41233 5
72267 21
99593 27
30455 1
21015 26
24651 45
46129 31
57785 16
99303 45
29808 0
17265 39
84274 11
76797 15
58203 19
38706 35
92983 18
71692 33
8855 38
95429 42
12134 46
16166 5
84030 32
79801 1
27558 5
18050 28
79906 15
68176 11
24354 12
63657 18
85824 29
99443 45
22540 37
20446 27
18904 46
7761 9
32346 17
7674 32
67703 42
92353 31
9646 36
32405 44
55804 40
73667 38
61209 14
7380 3
39173 26
75515 34
34676 44
8040 19
31301 30
53962 11
87128 4
82313 21
65693 26
8744 28
6107 4
51028 2
31332 28
51594 20
75723 16
98882 5
16592 24
40397 2
71505 2
82220 15
55264 46
25746 38
30695 44
69962 11
46436 17
77079 10
34270 46
34464 2
85603 34
32661 28
56111 21
91788 45
81062 27
77410 4
78110 31
47802 21
11324 8
34106 4
97156 19
20700 14
41300 5
79301 21
5374 15
28649 40
73251 24
23846 23
55433 22
616 11
55718 8
56742 12
38598 6
38664 1
70120 11
11590 1
1610 36
27501 6
59923 27
75639 37
68117 11
68409 35
44533 4
13977 1
89987 29
35262 43
49281 30
59523 38
85062 26
6382 32
21482 43
74583 27
13877 22
11401 28
85772 14
7114 7
54285 12
79065 9
55051 23
96184 25
30445 6
80278 36
2764 0
87226 6
64941 6
11166 25
12361 23
13448 32
45017 3
85076 26
98883 23
26673 30
62755 44
27630 34
64207 30
12974 32
54683 42
97376 26
14070 7
34343 15
73358 17
81077 32
97629 21
32242 45
85368 11
72967 40
2886 1
73561 38
97362 12
71920 25
30462 10
64382 27
97955 26
17074 17
99543 4
28032 42
62798 45
23479 36
79170 37
65176 12
98737 28
36032 15
33743 45
91608 25
99838 39
70843 0
60225 17
62919 43
61725 6
71317 21
43198 8
29250 44
39604 23
80098 11
13677 44
24503 6
9823 31
31310 43
80679 33
85915 27
22295 30
26571 40
96782 32
95595 34
33991 33
53042 31
73910 2
27091 13
11428 41
19578 41
93793 23
52147 41
26849 1
82252 16
9719 24
65200 45
50919 9
98078 20
61160 2
70706 30
96552 23
61772 14
3496 42
70552 1
99665 13
27397 0
86438 21
58539 31
27426 37
33197 46
90296 40
2497 24
42173 19
89966 36
32919 38
35363 26
44927 15
18755 35
87262 13
94403 46
84892 28
22583 35
36812 5
27736 7
47600 10
24121 27
10760 9
71898 3
85 9
87602 3
13964 31
66796 7
87074 11
33812 29
45923 29
31499 18
13579 42
47277 19
50589 15
44173 23
12160 24
33789 28
63978 19
45684 40
95510 25
16643 34
95945 9
30884 46
17788 32
7792 46
47583 12
23373 18
91407 42
5989 11
19582 35
50271 35
82497 39
89330 25
40590 1
15468 42
53484 9
28142 22
81150 22
83315 32
57526 29
4508 30
27965 24
94825 29
28375 36
75100 25
92813 42
46805 22
72104 0
42263 41
6154 23
93945 46
18321 27
1666 12
31698 18
67958 17
78738 30
60083 36
83545 29
84052 4
21077 32
84978 13
79883 31
53110 36
9081 21
29790 43
21101 41
8641 19
60429 0
12553 27
23093 6
18619 5
54968 37
62739 37
8884 27
95931 16
25955 27
92677 35
22333 17
10787 41
38617 38
55014 31
28683 13
72562 28
78262 42
86228 32
33582 31
95458 38
89194 16
32551 4
67710 12
53632 7
33897 6
93361 31
9533 9
40041 11
72729 32
41986 3
44043 35
4243 39
30177 17
64016 5
7074 31
28755 28
83588 46
41457 22
76289 29
85092 3
28543 44
98047 30
6867 10
14678 38
91191 30
70067 3
64751 45
39820 11
17750 22
74946 14
52406 34
15390 38
32262 16
32098 32
68787 40
92802 41
2213 7
65141 19
60575 22
60030 28
44063 29
15446 8
55569 13
91003 44
47213 44
10064 4
44971 24
7901 26
32473 14
70453 44
88572 14
57088 30
19222 23
12794 1
19832 0
60706 17
83439 14
96454 17
70194 38
65175 6
63783 21
68654 46
94476 10
29500 1
33007 33
71677 17
68536 34
35811 11
51443 30
69573 22
68308 7
67116 10
11553 20
90804 30
91644 32
53954 31
93311 23
37077 3
25017 34
13912 27
19121 12
68100 38
47371 39
306 23
79699 9
64284 20
7549 44
95219 1
31813 37
25988 1
98377 32
57194 14
79176 32
18149 35
91230 13
20958 5
18490 17
35220 22
63819 10
19227 39
79498 16
74593 7
37440 23
46895 5
24845 30
23820 31
21963 23
76265 21
12642 35
12897 26
42669 11
60483 40
65641 8
18844 9
50953 27
33142 34
74560 8
27529 34
58131 8
89961 13
47740 14
21975 33
88349 31
3980 11
21999 38
21053 17
62640 6
43704 44
43926 12
57118 4
52736 32
68684 43
10809 22
85929 15
54309 37
79902 1
86236 35
52199 13
64427 17
32502 44
90875 32
20475 44
87346 31
63613 39
83910 3
91566 2
91259 25
73555 4
7695 17
34515 2
74152 41
49210 40
57596 17
61879 3
74526 20
8729 23
25608 9
31026 14
24739 6
4724 17
600 36
51591 42
59705 18
16955 1
7266 33
91918 1
42866 5
76618 15
14283 11
43970 8
40680 16
6253 42
57006 23
91113 0
20151 37
71819 13
59418 20
65253 26
54486 24
76718 33
15682 13
67725 40
56764 36
23813 19
50295 19
46244 22
53179 27
98454 44
26114 35
68117 46
87232 42
51136 8
60281 44
4205 27
60992 6
97863 27
17812 37
42695 27
56954 2
68762 38
50866 7
8063 42
72018 26
37417 24
36926 44
99946 15
91888 36
16858 20
57788 4
4976 21
25751 42
77105 31
2491 39
84219 9
71675 23
89735 18
22623 41
4269 1
92356 46
37719 24
89391 7
5377 20
46434 31
86454 31
35563 12
98131 29
99942 13
63000 24
12253 7
79463 38
28840 38
91105 34
77425 16
56954 4
47387 37
41868 5
65282 14
92989 7
91113 34
79301 3
4978 17
85688 14
10173 11
96184 19
46778 22
54419 10
63833 20
83008 31
20631 36
18446 42
93006 1
31589 29
10911 2
20946 38
27063 6
52749 10
25629 23
41152 20
43597 0
86625 8
9626 30
98411 44
15602 41
95935 11
8188 9
14871 25
76941 14
16376 21
66691 11
5438 6
70921 19
13736 1
62231 22
88762 22
93546 6
59275 17
35900 30
42475 10
69007 30
21523 16
28323 5
2799 26
58482 21
16337 4
2223 43
68914 43
23252 12
17149 37
83803 46
22688 3
72405 23
29266 19
45540 24
1294 11
57309 11
23113 24
64589 8
97105 32
37201 35
1127 30
37492 3
98917 40
7612 42
6820 46
11634 38
27677 0
47963 23
80316 27
27786 22
21950 22
71740 44
80609 33
57995 43
18487 0
65019 26
35024 40
81156 11
84134 40
27643 10
42549 27
33638 24
93627 8
61783 2
54607 1
31746 21
89215 15
69159 30
18468 19
21926 22
60779 46
91654 36
24454 2
12421 9
18325 24
93907 25
1127 30
49617 39
39428 43
62157 5
65004 2
54021 13
78448 28
9230 27
72943 34
93465 36
22800 13
88236 11
91051 20
82817 16
59667 30
55374 8
74296 3
25562 9
74276 1
1865 5
7198 39
41766 37
86925 10
56 8
30077 9
87751 9
53990 20
30504 0
24066 0
2695 37
61868 36
79095 33
90335 24
7954 36
6048 43
99464 14
2949 38
37009 6
71125 46
84087 15
29786 13
17712 8
55149 15
16444 39
65959 16
43764 21
2564 20
19358 33
66875 37
38891 32
19203 6
16939 15
46616 36
90714 23
99534 28
1310 36
52144 35
52353 16
23626 24
84325 15
9828 25
80319 21
8242 46
38767 4
11755 30
82304 33
86254 14
35914 40
63802 6
34016 4
42846 39
16707 26
61200 5
12934 9
95622 18
29657 29
40627 39
67286 22
50454 2
54733 3
71759 19
97611 14
8612 42
70820 22
35349 46
25905 10
20267 0
24228 0
69152 14
64284 18
38970 26
91582 4
73048 25
57472 29
53930 38
26390 7
28569 1
4490 38
5622 25
69203 2
76372 31
85153 25
83314 28
89206 4
37738 34
17617 10
98073 19
50852 10
98161 26
96798 4
56399 30
88711 29
39753 46
64396 1
13627 28
33385 25
23496 13
82007 13
26802 39
38695 29
688 42
88919 13
97879 8
54424 23
78229 31
29658 15
74849 33
62033 1
62373 1
91433 3
68037 4
77504 43
94138 9
57054 26
27064 14
16027 14
33869 0
69034 22
77248 29
51971 0
36007 20
71578 36
47097 1
92780 26
28008 39
94505 2
94518 20
34581 44
84658 26
99099 18
40657 25
95495 29
88728 32
66524 44
64249 0
45143 36
80743 4
10437 15
54250 36
4520 7
57010 44
20849 0
43428 40
33314 3
13076 46
20563 19
36143 45
99640 29
24543 2
67991 34
20425 33
75559 12
92302 23
29428 19
49969 25
62725 36
12107 30
37932 22
37433 18
75380 4
60072 32
48139 9
70504 19
25632 32
36104 35
48104 11
82447 37
22631 4
88000 24
67010 5
6731 12
44507 7
55326 40
75808 23
50790 35
65697 4
62936 28
82512 36
50307 18
80090 11
16099 42
153 44
45814 21
96037 16
79624 0
26888 20
16965 28
327 3
72817 34
72838 2
89982 17
41617 24
55071 12
89293 35
93831 35
39848 40
63791 39
39291 30
68850 18
67578 28
88912 28
33103 3
19381 21
49834 29
55024 39
78382 5
92650 25
76080 15
79558 38
31427 43
27865 41
51751 46
69244 14
47521 30
78615 42
23880 44
59103 11
34655 42
71470 0
40108 0
93194 34
98902 39
63209 6
86223 42
8924 3
13034 11
39489 4
19228 34
92502 43
81367 26
52289 44
25889 21
57019 8
78957 5
53593 16
59619 12
82236 43
50267 43
73641 36
71351 33
62515 28
58744 5
5911 35
66202 27
86727 5
47725 0
76406 39
10662 24
60722 36
99484 9
7184 3
9926 23
34018 0
120 6
34879 39
92504 1
91751 34
97043 24
9250 40
10573 34
46420 15
25416 3
14289 9
86037 38
41681 1
56113 22
60417 22
95209 12
26696 27
33855 19
5653 3
42416 31
53635 33
58563 29
14143 41
40706 35
53293 38
97345 0
78246 39
34558 45
93273 13
29086 6
36792 43
55628 2
54926 5
86980 20
44036 2
92552 3
99941 28
65185 44
35903 11
33499 0
29894 6
78663 38
43572 25
87558 40
89500 30
18649 10
1474 11
7778 32
52449 41
47035 10
29041 9
72840 27
60905 4
39547 41
19611 10
60213 14
7494 42
44756 33
47510 5
54046 19
67892 26
81680 6
77138 18
93239 23
91413 31
2935 43
25344 27
76802 17
35039 31
29268 32
72230 41
49003 6
55004 0
423 12
1687 12
7009 18
77413 32
73398 19
60966 29
31314 2
83579 44
87428 16
3360 35
75787 3
94476 3
41424 28
16143 42
97114 15
42423 0
10403 13
58967 25
59427 1
23122 31
39871 25
58132 6
75223 10
22710 20
26555 24
93612 3
64683 33
93934 35
9510 13
7879 37
23760 23
75177 27
73865 44
83215 13
32972 46
57178 34
24555 12
29913 19
60716 16
19839 6
86630 21
94636 46
78345 44
70244 16
76294 0
30497 8
58555 40
13929 15
22843 18
93747 17
34818 6
35398 0
12853 23
81702 20
26169 35
90101 13
13005 23
49184 20
33423 33
29804 19
66606 2
91182 34
72303 25
26893 37
9681 43
62555 14
81276 29
60444 17
9067 10
5361 10
49812 13
44555 6
52965 36
31544 0
49919 15
25547 0
43805 35
81533 42
28346 0
92724 45
7670 40
93903 40
61707 10
49603 6
43864 24
22286 14
5734 35
58355 8
25190 16
84618 34
62919 31
33976 27
72836 15
60964 43
69221 35
24514 23
397 46
75024 30
11351 7
52606 9
296 15
33996 33
27082 3
55478 29
85915 41
32497 7
11448 4
51463 22
77005 33
33439 20
89017 44
2243 46
17716 36
35325 15
77468 10
6095 30
25013 7
44033 6
17721 36
70682 9
78447 22
50081 7
7813 19
88980 45
83867 10
27335 14
64456 8
53818 7
51112 19
7063 44
29273 2
88910 6
3102 38
87953 20
53108 4
97066 25
37190 45
2645 1
79228 7
94384 43
15917 19
98983 22
44178 25
33234 45
60529 40
90050 13
82880 22
24004 29
67535 40
15878 11
25505 32
66347 2
4830 18
775 2
73044 19
65360 18
97285 4
73497 16
88500 21
48494 18
12157 18
21438 13
17748 41
47249 0
98335 38
7656 41
81390 6
38413 6
55530 22
79828 46
16437 27
61127 42
51566 10
73434 4
52955 21
84876 25
31391 40
54197 42
69402 17
29695 37
67769 29
1339 0
65330 41
81968 28
26430 37
3706 33
83608 12
74770 34
77922 22
68574 25
86678 24
19961 36
75312 18
13950 30
20977 9
53245 46
7566 30
69886 38
17392 39
1356 2
41391 46
79631 18
15892 20
25580 6
39425 19
12596 43
77402 1
43680 5
96509 19
72219 9
57029 8
7262 18
4765 0
63587 7
87735 13
66607 1
97219 27
6376 15
14121 38
55266 17
61849 41
60107 26
34212 5
65941 6
17976 41
31772 46
11546 25
84210 7
48751 45
22377 29
81616 3
11477 45
46995 1
81937 0
51871 17
17081 24
42970 4
60267 27
61898 36
18628 28
38098 11
59364 0
43652 34
67464 28
98805 27
85528 3
98984 39
57499 22
23007 21
55845 12
19654 0
11673 39
21828 20
95794 39
54397 43
93857 2
9058 7
22732 10
45529 11
22834 18
25003 12
90980 42
93227 44
94701 32
23156 27
19524 16
72191 33
79330 3
46196 1
46312 38
61338 5
10381 42
15818 30
30263 29
769 18
7901 22
78681 22
6763 37
23545 12
51106 34
572 21
76244 27
13614 36
77607 44
3193 11
91880 1
4182 24
17911 37
61445 22
90078 2
29075 11
41195 3
23093 40
90078 39
23004 30
84256 35
42100 30
74019 33
40799 12
79624 40
88096 9
76053 23
35945 20
59353 37
30365 44
46570 21
86089 22
93301 45
90374 12
38759 8
2025 46
34275 35
5681 0
79594 10
16112 4
59383 3
80919 36
13254 45
1172 10
24169 11
87404 20
49084 33
52348 4
5986 44
47519 8
22412 21
58100 42
17179 31
52700 28
37059 28
16631 1
91889 43
35609 21
87602 32
24229 40
16220 22
73430 8
37503 45
32015 2
34111 25
78944 19
77364 10
32861 45
47581 16
3138 34
44762 28
77756 11
67724 9
89631 28
59043 10
47768 46
26097 15
1180 29
63063 32
39525 23
17161 13
94272 19
33151 32
69224 17
48733 17
75835 35
64976 1
29531 17
27460 26
39229 46
95996 24
45275 39
39070 31
63765 7
41058 39
28755 45
89227 32
82466 29
75592 3
13822 16
28742 36
17266 32
53854 13
98082 44
66082 29
24148 13
34184 42
33669 38
51538 18
27993 4
77218 43
82787 2
50215 37
39457 39
19916 22
16120 34
94420 41
21879 33
7049 6
97277 6
39099 13
60352 36
61371 18
76890 37
14343 24
89382 1
82508 14
19298 12
57814 43
84250 33
16839 14
69483 10
24294 37
24432 43
22739 40
92913 2
76967 28
22474 13
26720 41
99823 4
14382 29
86466 16
26961 38
90715 3
55543 2
99252 32
51172 8
15036 33
10437 15
27897 34
86620 19
39442 7
35802 20
11653 17
47158 28
33216 10
73192 2
89811 44
87960 9
10178 11
2280 46
96869 6
804 4
11310 22
2707 37
53269 3
34459 8
76388 22
65674 27
31242 36
6392 46
61277 0
24031 6
59776 20
46903 28
33676 40
76116 1
4625 34
68633 10
71351 3
78650 29
99971 26
75982 27
92636 7
28279 12
91223 2
78911 27
7401 15
97597 42
53217 4
61365 13
20091 33
35045 16
56291 20
47819 16
43835 39
82511 25
79193 6
86599 9
49434 19
99417 22
92886 20
10040 11
86235 18
26189 11
56001 7
63961 35
10863 21
60733 4
65332 26
19427 12
67420 27
31552 25
2352 17
5682 3
40535 39
48238 30
38407 20
71902 16
74036 23
96183 33
1475 8
39674 38
94942 6
37231 12
30230 23
36829 45
96388 29
58998 1
79911 45
90868 33
42982 41
28896 18
19176 4
69827 23
92147 42
4643 0
10532 42
72669 0
19378 39
38900 10
81119 8
369 3
39838 27
86923 19
71317 37
26113 10
68527 41
43578 33
57044 15
31070 7
45537 22
88773 15
40313 18
47294 31
99065 10
20720 16
32529 10
5366 8
2297 33
59687 33
28428 15
53467 18
64586 5
80143 17
98481 40
89323 38
96890 39
65891 10
92660 18
88579 36
75794 17
72220 10
94379 45
54621 0
4511 22
13609 29
43867 1
35898 42
36562 16
12848 25
38061 29
46298 10
4625 30
92917 34
4307 16
85198 1
53650 0
98209 46
57498 2
89157 1
99554 14
55498 18
99800 35
51527 11
19819 32
56723 40
69001 7
67256 0
95869 18
65913 40
70169 46
59857 7
35824 35
57892 27
3314 3
65125 10
173 29
77767 9
30479 39
78724 31
75491 33
38038 26
64238 3
27924 44
55007 13
12484 9
50839 32
18790 0
82694 11
17628 29
99057 7
58545 25
74893 0
35344 38
13435 24
25806 31
45405 30
47941 14
66018 41
9009 17
5878 42
81376 45
81162 26
33420 4
39375 6
36678 4
98368 16
98901 4
74305 8
22835 17
67187 46
59555 23
16167 10
92037 6
51976 25
84105 41
91682 26
53281 10
66936 20
88705 28
84333 24
63239 31
48879 26
28963 6
25490 5
92467 5
65714 8
73803 29
58584 16
13318 36
81007 37
28274 41
74896 46
11537 27
75814 37
93075 36
83632 32
34808 33
24807 41
43335 21
40927 24
24714 34
32422 24
11664 41
76287 28
86167 8
21652 17
47119 20
35151 25
5172 0
44122 33
6963 27
5508 0
96989 45
36274 26
75025 19
89691 4
49056 31
666 5
8371 38
86373 4
15449 28
24621 12
36326 34
55420 19
49393 28
82789 26
30085 24
62473 7
76320 45
32361 22
86924 39
32624 34
38477 33
32084 6
8899 40
75252 39
90524 21
26330 27
61746 30
97597 30
89803 36
83232 2
76755 45
5958 5
84672 35
68452 2
5193 45
57337 7
43230 33
15276 3
82144 10
80379 19
59200 23
2543 32
19635 30
29801 1
50881 22
20025 14
28159 30
75566 22
76391 14
3120 45
63728 19
32204 29
60215 46
6111 9
83349 21
84232 14
23541 40
40856 22
38259 20
44613 10
53572 28
3537 6
97869 20
82492 38
99132 6
33984 14
25561 25
69045 22
65685 44
6900 16
73900 39
46029 13
74378 38
70473 42
14834 33
58311 39
66436 43
79943 41
76278 15
37514 20
85654 44
27430 8
76192 25
21448 44
31970 4
29777 22
69377 22
64297 28
70922 0
67153 15
18408 44
59090 19
84616 40
64631 26
55163 29
83155 34
48399 18
59744 10
97770 31
259 36
80552 36
75551 20
46849 22
69126 27
2486 37
42337 43
31757 20
29723 15
77980 24
7634 16
68356 42
9090 37
71833 4
98605 23
99410 7
19188 28
23572 37
87704 33
7122 1
54229 22
17029 31
36072 42
87303 6
99940 23
17407 22
51936 19
47104 33
5691 34
7058 18
47416 20
1241 43
47706 25
49811 18
86760 41
95205 11
73056 41
18409 17
41782 34
53463 38
42687 46
80620 26
84095 42
78677 12
3515 38
2097 26
63876 16
20975 3
87940 35
56330 18
32761 14
85297 25
40020 34
83787 21
82827 23
96877 45
7486 44
14935 18
87522 30
1434 28
81950 1
84663 12
34570 38
94272 4
50891 11
88658 43
26747 35
55536 16
1841 35
63288 15
35443 29
49961 38
22555 14
54806 40
35756 41
73378 42
16928 21
70058 20
80155 18
24866 44
77366 42
50673 18
3197 46
80906 13
7144 29
92011 39
10247 25
27871 3
81575 23
37667 13
39521 39
65201 29
50521 16
66021 39
39277 27
8898 12
95451 39
33622 42
69021 0
47023 6
11304 18
18287 1
33521 13
72 24
3030 1
53193 46
55132 34
29769 43
9389 41
64414 18
34311 35
19561 9
33304 7
81032 40
82001 20
49075 43
96499 21
34416 12
25121 28
34979 44
99648 19
37268 33
45076 25
71527 30
63857 25
67632 32
2035 19
66527 24
88120 7
69359 39
90207 4
32157 10
76842 23
13190 29
51302 20
66217 22
77526 38
3576 44
49563 37
52884 44
85230 15
93164 19
13792 37
47509 9
9243 45
82959 24
40202 16
5020 21
29854 7
90163 35
91104 1
89080 5
18978 33
21404 1
68542 45
16583 16
20643 38
41632 30
60681 46
73954 32
38425 45
73188 22
76092 8
76419 15
40024 33
36436 21
95305 14
70277 36
99399 28
42034 34
68659 2
26212 15
51458 24
83934 40
11120 12
46537 5
35408 43
34209 17
46061 11
38076 44
82901 45
77637 19
19418 40
60672 30
14861 7
18791 10
23148 1
77253 7
36798 4
45712 41
37458 19
69225 40
8486 6
34834 30
77745 14
95095 40
50739 15
50504 35
91593 28
75060 11
73152 16
33655 0
46695 36
14391 9
18735 27
57094 18
73187 8
88287 41
81617 42
20212 31
67687 20
91935 3
11771 25
95872 34
29136 27
37913 8
90761 27
2156 17
83106 45
86581 3
89100 19
21048 22
68234 14
38277 16
6895 30
71273 27
20867 35
9853 11
96462 7
11766 46
75937 40
13379 12
50816 13
5333 40
31675 18
76464 37
7999 3
29499 37
12118 25
96243 11
1288 37
11436 29
52526 4
15985 8
29916 20
74195 38
90564 9
46263 35
37862 9
63376 45
47270 5
65259 18
396 10
16279 30
14491 10
10184 33
42314 30
60608 43
40726 11
20047 7
38858 31
44151 23
29248 17
56578 37
66393 43
19562 37
77403 29
25269 4
13778 36
86419 10
31669 32
97878 29
92992 18
89384 17
69432 20
65572 41
47829 15
65939 2
71000 6
18088 32
68056 45
70845 25
57848 11
53764 9
77039 15
98471 2
57645 19
51879 37
93589 10
26377 2
33663 28
94985 4
59578 27
91151 23
94236 28
61142 19
44526 5
93717 16
84622 10
41595 20
35868 34
37585 26
74150 20
31413 34
56036 35
93718 26
27048 28
52342 34
68942 27
44468 0
66573 25
73471 28
33708 32
76208 36
3055 8
59254 27
87303 19
18245 26
40529 37
29439 33
69933 18
52662 30
21058 9
73888 39
23046 39
50098 14
12203 39
36865 16
80638 35
12487 36
60305 23
75101 16
83322 11
24443 5
48030 43
50310 21
60248 6
7857 22
60090 8
20815 15
46414 38
85803 21
74076 8
73553 25
4186 31
63374 21
89626 32
44037 12
83259 13
21468 1
85332 29
40111 38
96818 18
8749 41
1857 21
71411 17
48817 36
63968 1
9532 16
22691 44
72835 14
99118 7
53636 26
79109 20
78444 11
15177 31
8746 9
74911 34
98438 43
96300 36
58896 5
15143 33
65395 34
29798 27
53894 31
3334 0
85541 35
28302 14
87482 12
63428 31
12787 11
91986 10
31393 7
98965 43
67013 24
49896 0
65934 32
89433 25
1173 4
61559 19
95121 29
55573 15
95631 13
66797 12
65406 21
37301 43
50772 26
39656 20
86402 11
97512 13
93323 1
71537 20
98040 21
34940 1
21651 8
66088 35
51912 46
5616 26
14053 38
85227 41
28894 19
48672 38
40164 10
8205 3
29029 7
25437 16
97637 22
778 18
7487 5
1369 9
5162 37
4422 38
94748 30
21347 45
75847 12
25933 19
43832 11
9577 20
91814 33
53212 6
43675 26
26023 30
58370 31
53200 11
42984 13
64191 10
76714 33
51957 3
49415 18
4747 33
72803 43
83922 33
21739 13
89345 27
82528 13
16330 32
54000 29
93163 41
27735 41
96747 35
15418 41
83946 0
52156 35
74504 26
91297 21
21995 7
55365 44
15716 32
2963 31
2163 4
8643 34
58361 16
29993 11
66239 24
43331 35
69006 18
24179 5
72656 15
53825 4
87376 1
49940 26
52786 33
79192 3
58641 6
54559 18
78625 18
69097 15
30291 46
90773 31
75006 17
89154 13
87946 42
85638 6
87838 1
90055 27
12145 46
34668 5
43741 19
76972 3
94394 26
41718 4
67939 16
29059 41
21970 38
40414 46
14230 8
70946 20
38883 31
95520 38
40736 8
84580 16
66166 6
1510 31
65432 6
38589 17
49471 42
95306 14
25384 2
87603 43
32308 10
32684 19
72430 18
15812 4
29557 18
32219 6
89931 12
20348 7
45545 41
42191 30
13635 8
56598 28
94043 6
8027 0
44579 2
14013 32
15027 28
63941 36
17020 15
97735 38
51865 14
19377 35
53368 5
30966 18
26278 4
57304 36
12305 20
76127 15
47273 24
25089 32
92689 41
10526 29
3152 19
18848 30
38706 22
65367 27
8005 10
76682 20
42902 7
55313 23
19532 32
76753 32
23102 19
83131 44
49107 37
12736 25
73382 25
92731 34
60 0
27611 37
1786 39
79892 31
53676 30
69310 9
25012 16
49302 17
77377 45
85175 26
55523 41
67529 38
22543 41
56995 35
51610 41
12696 25
27499 25
68687 26
5660 42
22399 36
19916 2
20594 21
63097 21
84847 22
25507 20
52137 15
14286 1
67932 30
91765 0
52374 38
8794 35
20694 35
12392 43
75311 29
30518 13
48502 2
72861 13
70141 42
12808 18
53885 19
3357 15
60591 13
59468 44
41538 31
18540 31
4632 46
30342 37
73596 31
54745 42
96721 19
55276 42
16237 28
83980 24
65300 12
55609 27
62593 1
30229 42
83084 44
24921 13
53675 3
14513 34
31255 24
87289 0
2087 13
10839 21
35121 4
76550 8
54809 4
8703 4
98157 6
17986 16
5483 15
33122 43
23290 18
88367 1
94963 4
92140 0
21374 19
70396 11
81583 13
80572 6
70674 1
39332 39
85313 30
2708 31
81472 7
42858 15
87748 36
45983 14
8047 41
67308 12
76059 12
5717 42
52493 2
86133 7
58854 42
93747 19
74499 35
57669 28
4255 27
83226 32
12633 2
30136 33
38520 14
34896 14
29926 7
15396 15
7686 40
70636 13
21679 20
94688 31
88311 43
33922 46
84601 4
55187 5
95671 41
97607 10
43430 32
44903 32
95442 32
23989 45
37645 6
21689 6
47379 0
61738 3
59375 6
44508 32
27843 40
32017 22
60134 41
70838 9
66284 2
57701 21
58941 31
9291 18
66418 12
57465 39
56123 4
92580 14
72107 37
89545 46
64840 17
26236 35
7869 28
64560 44
16372 14
21353 39
27329 28
74944 13
4243 17
3099 34
95654 3
91898 45
19110 32
55115 35
70124 5
86340 41
6795 44
20259 21
40330 2
93768 12
45342 7
36403 25
23749 29
75378 28
93139 35
50651 32
42398 0
42612 30
1974 16
73952 33
31382 12
16146 12
6324 22
37723 0
75523 22
59396 12
24901 32
81357 21
93065 26
58981 3
92993 45
93034 18
44912 23
39860 17
60323 17
59229 44
18160 25
91710 13
24223 35
84474 34
536 29
96557 16
73125 45
71037 28
82303 27
76185 45
59728 29
95145 26
40307 19
11667 18
56644 39
22296 6
57385 23
18688 31
56286 40
54228 5
70006 16
58612 43
60045 18
18357 13
33893 11
87532 15
62601 29
44203 29
76218 19
39023 10
85832 25
30073 35
59963 20
44316 27
79455 31
88750 3
32133 40
84715 6
67289 4
53003 8
56688 20
11526 45
72869 8
60467 24
94862 2
52543 43
44232 28
94548 44
46931 1
78085 42
9293 9
21552 37
30037 0
27274 40
66383 46
45219 46
19792 3
89626 35
91209 5
54136 18
54468 43
62836 30
75106 28
84984 22
33355 45
24156 31
51836 32
79226 6
21767 2
40932 35
27233 46
18992 31
10346 41
82186 2
15302 4
85605 6
26787 31
62620 45
34296 43
12909 43
64710 30
90527 31
87928 27
52747 0
25590 15
65847 16
36755 12
75426 8
18693 33
9618 22
52166 25
4153 40
69218 25
1282 18
47686 7
81515 38
64078 38
12746 42
30333 0
16562 23
58222 46
3506 15
74851 20
87490 43
61521 8
31266 5
12511 38
95597 12
83414 34
59661 15
27000 44
97327 12
30922 42
69272 7
616 41
53672 46
93687 0
62252 2
29814 11
91560 13
32032 30
22930 7
7275 4
4199 30
38922 38
76166 33
97382 44
80611 40
77384 13
86940 17
72307 4
98259 40
43703 15
42054 19
45966 46
35295 37
67683 16
53678 33
29968 3
34959 23
71245 19
58386 18
86582 29
58400 45
30296 3
28877 9
60877 32
2814 42
22987 32
38696 34
73628 16
14867 2
81169 38
60498 20
48739 25
35734 45
86358 30
19078 3
28492 36
71947 11
37706 4
26399 42
65585 27
88509 38
95814 14
49615 24
2655 30
61910 14
10032 33
35446 31
49005 9
46851 35
4005 20
69879 40
89660 28
15023 20
12792 34
2196 39
30554 45
84266 23
2286 21
48669 34
53737 6
4687 32
19193 6
78059 8
71243 38
37502 35
70275 36
22728 23
77403 11
29276 44
24645 37
20844 28
43145 45
22406 35
72253 16
26329 45
48211 1
93164 1
43912 31
85168 23
9210 40
9900 46
75128 9
36012 40
94473 1
25883 32
15977 30
84146 18
91872 2
99130 38
35623 2
125 32
27919 29
96909 11
57982 11
45641 20
36909 6
44106 33
23918 7
51278 16
41024 23
81861 7
4171 7
207 9
71666 29
99687 2
97969 1
30211 8
85801 8
35875 3
4974 40
7269 35
84935 35
63705 43
66722 27
59351 34
91241 0
42526 12
4476 36
3672 27
52334 43
61816 15
81018 31
90171 18
97518 6
86020 39
98376 35
37413 1
10896 23
76065 22
31046 26
54177 45
84362 5
29334 30
29915 39
19059 8
63864 23
55529 27
84387 27
80648 19
52657 45
65961 4
30492 23
44743 23
96627 31
2898 46
43295 39
95750 8
7568 20
39960 46
84888 34
78445 7
86933 40
46349 42
94661 30
11321 9
66868 7
59958 10
21951 18
80476 45
70125 10
93083 46
55367 26
39738 41
29044 28
63553 20
91611 31
74602 21
52983 22
18975 31
30629 3
2000 34
55927 38
37253 26
92201 42
25095 39
4978 42
37187 8
19211 12
74869 40
93169 20
96431 44
5114 11
66677 17
96583 22
15920 12
86281 37
68968 12
66698 43
3487 6
63117 21
82701 11
3905 31
61486 24
5585 45
89854 15
23729 30
39792 31
25762 19
49023 9
75552 45
23529 38
28763 7
55736 32
83123 22
45581 45
60801 10
54909 10
50714 14
50896 34
36796 40
6226 19
48370 7
54924 15
46709 18
76942 43
14768 34
29602 32
47833 9
8334 34
82061 21
76495 18
45023 4
53924 32
53863 9
99984 41
86369 18
75932 28
18281 26
39267 28
22626 12
50363 19
70688 39
8791 37
74836 28
28430 25
15716 5
62769 42
58905 2
42472 30
55609 29
37242 12
98679 34
52451 29
49369 17
96385 21
45278 25
70638 6
64198 0
22731 31
9702 16
52434 19
73600 45
38210 25
7354 11
69531 36
82524 39
14579 42
58531 3
1790 14
21533 36
51980 21
6276 0
46718 45
82213 36
62974 19
47773 0
47727 21
68529 30
88334 41
10850 42
25792 39
99291 7
37877 40
90752 26
52763 6
98666 30
75069 6
52248 20
68702 34
73829 25
50443 4
61963 32
25053 22
3028 0
12002 14
32313 17
1651 13
17778 41
85652 2
19824 3
38470 32
87936 22
62394 44
16091 27
78058 2
25551 11
78653 9
77127 2
65708 30
5984 40
4075 39
11930 46
72339 41
9675 2
41770 1
976 20
15853 7
33624 25
84190 44
17280 31
23793 20
78016 23
28862 19
74603 10
27931 46
75192 36
77937 3
65211 22
15625 20
80269 5
42868 17
35980 10
96230 9
46650 6
6739 44
14712 13
41655 2
78296 8
79859 7
27164 26
91126 26
40216 15
93191 15
40666 25
4949 43
5929 29
32455 30
41378 13
24092 0
64064 6
26036 28
39538 37
45324 28
98866 4
37527 0
39232 10
55215 34
34038 30
39871 24
24634 20
55572 16
36649 35
55798 34
231 17
92757 32
30189 26
21665 22
1022 22
24828 35
91482 9
91035 39
70010 12
94589 41
48828 38
18891 1
70636 5
57412 24
28789 23
91841 32
49358 20
60711 43
33515 44
91184 42
94170 42
830 41
56761 21
11340 37
21749 16
55165 22
29341 1
58043 29
63400 3
30654 39
62709 24
65212 27
78617 36
77953 4
88356 17
85388 39
90199 38
92871 37
30309 44
22233 10
58780 33
47949 35
54914 38
71766 22
35607 23
86856 29
43677 25
70968 4
38684 15
33458 34
69076 41
27830 37
19060 3
25565 14
66708 16
59300 40
91328 44
63671 18
68498 41
37466 8
61057 18
92071 25
51944 2
69264 8
3723 25
95960 30
32702 28
34688 5
62499 3
40302 26
54055 27
89310 23
11767 15
13667 11
18004 4
97076 28
35642 17
69822 34
58065 6
62775 27
78874 28
70994 7
82757 45
19281 16
67117 29
39996 15
41250 22
78654 19
91042 45
80807 23
5638 22
78364 31
14582 14
93946 30
33802 7
84655 45
77411 16
35351 29
67724 19
47558 9
38214 31
87134 15
10752 13
15660 18
42740 4
44319 46
1272 29
31339 36
49706 46
36439 30
15496 27
74801 33
37538 6
54257 11
17790 3
74830 19
81346 24
21658 22
57331 31
88841 9
40312 22
21984 7
73290 40
16499 36
10302 6
51758 36
93260 42
82198 42
14795 5
46113 25
72852 21
13554 3
5627 42
73441 1
43837 12
62896 13
55559 1
81665 33
51340 16
71145 30
67077 38
27739 14
35763 22
29539 20
53807 28
61805 13
99034 24
8603 2
11818 5
54855 46
75342 14
30536 20
93882 28
46599 36
20201 7
79122 28
24749 40
51990 15
49367 27
4979 22
77971 17
20251 42
25199 34
68163 34
25874 20
19455 16
970 3
70877 23
35620 23
11141 33
25380 4
83048 0
4775 6
31113 19
77345 41
96955 18
5524 6
87941 20
38014 16
62077 5
53688 20
65869 2
94770 34
53642 43
55755 0
97381 3
98066 33
92754 28
22498 32
46147 42
90628 8
56487 44
83093 32
67493 3
17418 6
48933 34
88953 4
87688 15
76098 9
37009 2
63729 45
52710 45
1430 33
50379 32
88535 20
4969 20
94050 10
20459 18
22351 33
80294 18
22348 16
81733 27
35655 17
11365 42
24981 24
42622 38
25047 42
85470 38
23146 27
81483 46
71161 19
21954 40
16427 19
28965 21
29127 7
56853 12
74114 31
11770 45
1589 44
74621 40
31676 5
23583 46
48033 44
25531 6
9855 27
10343 2
6971 17
77654 21
40621 12
95687 13
32060 8
79376 38
50278 33
23843 20
87561 0
56411 39
69297 3
66652 4
91103 40
75113 20
40258 30
9018 45
63397 31
80028 0
11139 19
80639 28
131 13
5241 43
65034 11
48454 45
39693 36
70463 44
98774 39
58536 7
23938 31
63953 15
26680 16
5460 38
22338 27
62575 6
53074 33
71704 23
488 35
76753 32
83802 22
30810 25
92182 28
80950 6
41289 18
82102 29
84126 25
57608 23
64799 32
12939 41
89234 41
76175 18
28823 2
81710 45
57830 1
85215 19
59813 36
32926 3
89463 0
11864 21
19968 5
42822 15
18455 44
89519 13
87804 4
3132 28
33364 16
48738 21
97511 40
30897 39
54120 28
60731 38
47540 45
46613 45
60833 32
2137 43
22837 1
2733 41
59344 44
30891 35
52660 35
43493 30
67238 24
98105 37
71745 42
76059 32
80685 22
48525 45
37503 30
92671 31
78070 4
9398 2
31806 9
66368 3
42292 23
9829 23
28739 36
85154 9
55844 44
31300 14
78268 27
12349 44
7051 5
52777 41
51001 25
99689 20
29236 2
31197 36
99590 14
76414 17
24123 39
29457 6
44525 34
16241 34
89507 33
59082 3
93174 34
22546 8
83808 34
93708 7
78553 15
78320 5
73596 29
88312 13
39554 7
50908 22
65850 22
89175 28
67832 22
12222 4
16680 13
10199 8
98557 37
13896 23
24243 18
75420 45
76325 46
32386 43
41709 28
21049 46
93455 9
60739 32
42003 14
47533 18
71337 32
90120 44
39263 9
40484 42
28478 35
52520 0
2386 38
7873 43
85728 29
6062 39
19702 7
38557 27
42605 44
29304 27
41338 0
59369 20
76515 8
36259 9
86299 24
99891 8
50573 22
99446 29
84872 41
71801 37
47006 0
36612 10
7302 21
63420 23
70615 4
77756 1
20370 0
42699 20
17130 34
33218 21
58664 20
60692 43
30809 40
74341 37
7896 7
50201 30
74574 44
12969 44
53880 44
82975 2
50214 38
40017 46
95494 38
85703 38
21038 20
33571 38
74904 6
58247 36
54208 0
98768 2
54083 45
52847 13
42605 33
43657 31
45023 32
19444 40
93326 5
67769 20
43015 3
7959 38
35072 22
82232 14
94161 23
58344 13
89180 37
24625 19
61872 23
7537 46
53817 0
99702 12
44774 9
86968 35
96795 5
28251 39
21790 26
55993 3
95122 27
28121 23
28161 34
55414 10
92204 44
99400 46
90086 33
97546 21
64451 16
12445 33
68178 14
31197 0
46663 4
33967 14
26470 24
59156 39
48963 43
42358 39
55843 33
47899 32
38244 37
74391 10
24106 40
23138 2
68901 14
58572 35
25130 31
83797 26
52785 0
46525 40
3863 5
92778 33
86229 13
22551 26
88480 7
78912 21
45803 4
2123 0
44439 20
45405 36
15708 29
43802 31
86609 39
5815 20
74294 25
58884 12
53842 27
54691 25
32178 42
71752 23
30423 1
94523 33
1415 22
74266 14
10251 31
21286 34
3509 34
86256 20
52076 0
2843 17
32455 11
11127 13
63782 15
34573 19
71368 33
25334 17
63517 13
13801 11
8365 40
7487 17
5428 16
91019 26
39639 18
74149 18
39052 36
88322 34
1499 36
7628 32
35156 10
59498 29
93009 9
85847 14
54006 22
73259 24
31629 33
72825 37
32334 25
38042 9
72084 6
25472 29
28490 30
74582 16
45724 44
83062 10
615 3
80193 14
20182 24
58664 6
991 4
28628 13
24225 31
81204 46
44992 11
36813 8
92403 11
78948 23
30849 15
40191 11
51907 42
98394 8
33190 10
54218 46
42417 14
89428 3
74816 25
14307 22
1534 39
86121 36
86221 44
65773 26
33022 27
95427 32
89458 30
90697 4
12909 19
26071 11
8324 0
47342 41
45876 30
95004 37
58020 7
24454 21
76459 27
63340 36
81401 37
37026 4
5522 18
5836 17
26671 46
90913 37
93853 32
64714 4
96963 8
97741 2
2464 42
33975 22
36926 5
18679 20
57130 33
20680 45
31527 33
7821 38
82880 3
79657 31
28508 26
1215 19
81192 40
27289 12
5004 30
58362 35
24120 14
7211 14
60662 34
19278 27
48406 44
36874 17
31412 4
88620 29
72655 35
70258 29
28292 15
27192 39
7858 2
56697 9
61617 31
60349 36
64532 26
54867 20
80796 22
81981 22
66141 9
84798 12
6690 18
34329 42
20242 15
56353 22
91694 0
34540 30
26393 27
45705 36
75406 6
17540 17
50129 41
4534 14
26273 20
28079 15
73680 11
22157 34
57480 3
42516 40
28010 22
15035 43
32028 23
58377 2
29189 9
87475 20
21191 40
44791 44
12661 11
16366 9
53389 5
5423 23
90860 5
6264 32
19431 10
70057 16
47947 10
23321 37
54414 31
66056 20
28912 22
57028 37
65441 19
93863 39
47110 20
58637 31
30556 3
70964 40
64819 24
26635 14
13825 1
20771 27
58072 25
27489 38
85499 42
43581 19
82218 22
4129 14
36628 16
72425 19
52748 23
23077 19
57837 12
74572 34
58513 13
45941 40
16636 37
75128 40
73968 43
30430 12
59893 7
69347 0
5930 42
92826 26
60870 2
77292 30
85080 40
51352 7
95763 41
7135 16
14275 21
99407 32
16986 43
82617 6
95114 42
40482 7
4988 23
1725 10
14879 40
81510 22
54502 27
47708 23
24492 23
13580 25
40194 20
80285 10
53988 4
33955 42
81334 0
93676 32
79969 16
27693 35
58424 40
94456 30
93912 44
71594 14
71806 44
20164 10
69945 6
62151 22
66096 29
69373 35
44386 16
45197 12
200 8
27179 21
24937 24
97276 31
9368 5
22575 20
3383 18
1069 44
88357 20
16482 39
88575 7
41599 23
19066 44
58622 11
45422 10
61093 35
59878 21
8482 11
53812 34
87885 28
93298 40
42262 42
50850 0
53707 25
32049 20
77268 11
3531 28
49418 8
58542 2
62363 43
11805 7
46892 45
17557 8
8944 43
12415 11
53436 36
46141 46
96113 40
65952 8
44767 26
75154 24
60753 36
49520 12
18266 1
45862 43
68079 14
53020 10
49860 19
49986 9
20952 10
92209 18
75141 19
55167 16
13191 22
19941 21
19862 9
89797 17
40755 30
97684 9
75608 15
33976 39
91354 15
86316 37
53445 43
255 0
74602 8
47068 44
82913 28
61778 14
75804 45
92669 27
5107 28
44416 34
4635 25
35177 44
89752 45
94992 43
59699 43
23074 17
23854 35
83652 12
42954 19
41501 45
9227 15
10090 7
6281 43
97064 9
18739 23
74562 10
8840 3
38531 7
94861 36
43337 38
84588 43
9815 32
95082 19
81230 35
40820 34
20986 34
29192 43
19361 1
51752 46
92743 44
57829 26
65275 14
49411 33
91657 6
25818 2
54590 12
36722 43
2756 9
58019 24
13936 35
34932 7
39554 29
67373 35
41825 10
89161 30
71523 40
5692 21
70248 19
41471 9
81281 0
20830 19
71223 21
51932 13
88482 24
76533 13
53155 14
4488 2
96040 33
12034 12
8180 9
75733 20
924 17
93543 41
53070 7
13393 41
71530 40
77964 9
14656 30
72077 10
90813 38
75790 44
58876 41
92151 40
61953 7
55875 4
61116 21
58811 35
18698 10
54682 14
34842 14
26141 0
93452 33
36436 39
16243 31
95536 1
44186 11
69662 37
95606 25
87720 18
35277 29
74534 41
29661 12
26512 38
66250 45
19846 25
59279 19
3992 46
21673 17
46118 11
49640 39
89788 41
32411 20
13625 28
29510 14
60423 10
46527 24
72112 13
41541 12
47661 16
72878 38
56069 44
17948 45
11835 45
23963 18
6423 40
25534 39
50370 43
35826 28
3803 17
46760 2
21534 5
40751 2
28105 10
79022 30
78574 23
81340 8
21422 33
15272 12
45214 18
42493 28
59457 3
83137 1
81598 36
70053 3
38322 36
44471 36
2704 36
49154 45
70597 32
10094 21
9210 4
59188 14
96918 40
24828 13
41631 3
1138 30
48401 15
40103 5
429 46
38141 19
14879 28
66310 27
64705 22
89279 41
59594 45
85044 29
38554 32
97018 21
55607 40
23195 31
47201 13
27687 42
64559 36
77773 6
23183 16
85694 30
6678 41
62064 0
52068 44
93938 46
69028 41
96302 40
4780 3
89002 20
24273 16
63083 19
87058 9
40913 17
83661 15
8866 16
12959 35
52456 15
47389 44
82652 40
56342 14
50599 8
45983 26
36416 28
78513 19
87897 4
34005 5
63221 31
40201 18
57437 27
85944 0
27019 35
10730 6
54166 21
7659 26
5715 42
98401 19
8016 3
48170 2
13177 26
44056 44
56168 30
67578 24
75830 26
44402 15
75236 22
52069 22
81426 32
1833 45
49486 15
68177 43
52350 11
34482 46
57940 25
78299 16
89471 19
22822 34
46078 7
41214 31
15063 9
62596 44
77022 30
48820 46
28513 42
6882 10
46965 43
8303 27
64318 30
95172 18
70070 33
45819 33
72704 29
89497 40
3 4
84276 9
98888 4
76459 11
41132 24
87340 16
37920 17
92995 43
83891 15
57932 26
42586 37
75120 3
31773 9
40688 44
83152 6
76952 27
9349 22
78638 29
67025 15
60983 2
14451 16
52136 40
36535 26
56303 34
58108 43
13077 36
59516 41
23516 12
23202 0
9544 20
49211 19
55088 9
51911 23
99711 13
15351 3
12202 40
43232 29
49226 1
91908 9
45076 2
47627 16
10826 26
9369 32
46266 45
37888 20
53256 3
23651 42
47894 5
69985 36
44182 10
79632 6
49432 33
73678 14
70865 44
12027 35
27419 1
60535 23
14384 43
30139 24
53663 20
54671 40
8936 39
71656 13
16506 1
2618 6
57461 42
79543 20
53365 19
88692 0
36196 17
96529 36
18921 46
80369 40
22384 46
55200 39
86210 40
34106 40
27118 30
52875 18
24422 29
63486 33
16919 35
55715 0
84139 12
3212 18
38088 39
70502 36
85928 10
56646 43
16121 23
62461 33
62479 30
53561 32
74051 45
14443 31
58899 35
69014 20
98177 41
58181 34
46825 31
23559 3
39411 6
25500 22
89816 27
96217 40
88861 3
38460 23
82294 46
29916 10
99883 11
83193 18
56558 34
50705 35
79935 14
21597 33
94673 33
63399 39
68715 45
23294 42
12396 2
11117 23
79738 26
88146 29
44951 7
12808 45
30256 13
67270 3
47156 31
90726 24
1595 30
61358 31
50547 20
13276 1
49421 30
19356 35
67874 14
90212 25
46576 40
33249 19
19545 15
7669 27
46703 1
16401 35
5028 36
87304 37
60320 41
51744 39
55456 10
95331 19
28937 2
11749 44
99827 37
44574 5
42259 36
55402 29
27363 45
55650 4
82773 34
81055 45
79855 41
39450 33
20343 22
18125 27
5483 45
31558 19
76561 30
26120 2
49409 14
66710 46
67999 19
29453 7
39460 12
55984 0
71361 39
40263 45
54069 11
98589 35
45108 0
32469 21
76364 32
49870 41
61481 45
23570 19
52 3
31919 24
74243 25
78417 44
82756 22
5091 12
64188 39
69980 38
85253 39
74716 4
18574 17
23516 45
14550 6
93156 9
24539 40
28055 44
59804 28
54868 31
69851 7
69412 17
17232 30
36532 31
54685 10
81750 39
29550 8
49828 27
44595 40
957 26
33492 42
13391 17
40841 12
9421 1
48884 16
81810 18
2896 16
58161 5
45740 17
14610 23
88834 43
72907 29
98253 35
54496 38
49784 15
20367 46
34954 20
68210 17
86453 45
45438 39
81397 21
65834 16
10626 4
9640 18
15210 41
1237 10
69465 34
28603 27
36669 43
90443 21
13203 16
15521 46
91194 15
69208 43
56996 3
27036 36
82492 31
71102 39
88696 14
44828 46
96879 23
17302 32
60651 23
64416 34
40717 44
13590 46
60779 14
45573 22
91240 28
58277 32
47823 17
89164 0
57643 9
22105 14
42408 36
44654 3
51806 21
84599 1
64877 14
54295 31
67686 36
2744 19
64842 11
58430 12
93897 25
97091 4
28740 4
92487 0
54520 4
75731 18
92065 0
60635 7
32098 16
76427 24
94047 35
87565 23
22999 25
19389 42
94206 13
47023 34
86517 15
10820 30
53321 14
18599 30
71035 14
55266 45
41426 19
52780 37
18048 19
81722 35
58514 0
46299 33
29103 46
20815 11
46804 17
33846 22
93175 34
99183 40
47539 11
91860 39
33855 40
21206 45
24308 6
23869 20
78429 27
27650 10
93895 40
67652 4
8691 41
3552 17
22299 12
83820 16
14531 38
73783 26
44675 10
82493 38
68047 46
28140 39
9056 5
34006 19
13248 0
56391 11
89202 8
84703 28
89143 27
79218 0
78849 36
22488 45
47171 25
8731 3
73420 22
30242 18
77077 32
87945 11
55494 1
86613 33
73072 29
73136 7
83831 40
11989 12
35843 44
3178 37
80767 44
58803 29
51134 40
84563 10
46022 16
41942 32
87838 23
10080 2
46149 11
62698 46
90645 22
43073 44
98741 7
78430 41
40787 4
98067 9
18587 26
46330 6
35754 25
12499 36
28782 42
97366 30
25453 1
35673 44
72407 7
78336 9
11082 38
60694 32
89151 11
1031 23
20845 15
87342 20
64495 0
63139 38
652 39
44658 38
87631 3
27348 45
18217 12
7992 34
2894 26
48817 43
71120 17
76418 1
13706 21
58542 15
95431 5
37213 43
69839 14
10833 28
726 44
60499 13
6596 24
12885 31
29090 29
29837 7
79899 10
23072 40
52021 37
43291 34
94904 0
18145 7
1561 10
30781 20
68915 25
65852 18
53085 10
41328 26
53849 21
86321 29
66324 17
87205 2
45505 41
55888 14
84361 6
12430 6
35840 11
11288 4
59067 8
58789 33
75897 5
27172 32
42301 28
9953 33
26562 41
51593 41
32300 45
82033 38
15214 45
85803 30
71628 5
24585 37
58155 13
71929 16
71257 36
72192 3
30643 35
38232 25
38068 6
44114 35
1132 28
5721 33
34466 7
39436 2
78468 30
70810 17
22216 23
70688 14
1071 5
24895 40
74815 32
92031 1
71740 2
61164 22
32911 27
44202 9
64510 15
8212 0
87347 32
79805 0
45828 30
18557 24
99465 9
33423 31
25645 10
51387 13
24835 10
88330 9
60485 22
49766 18
71102 0
70963 44
70142 15
90586 7
29628 9
37999 2
83311 38
47984 14
25574 16
64132 31
11066 13
93363 5
30282 0
47469 10
24503 19
92705 14
44347 26
33591 16
42118 19
63388 43
27972 6
65043 18
63220 40
90949 20
27383 26
58268 36
45601 37
50833 19
97619 31
71979 41
74273 32
74682 5
99003 37
98375 21
55437 4
97378 27
55886 12
80302 23
22987 33
20617 20
96457 44
25963 19
8459 30
59248 30
17016 34
14144 28
2185 3
95736 31
43643 44
17241 17
43776 26
11036 21
56143 14
30403 26
242 8
87713 41
95908 21
3772 24
12198 5
67807 31
7174 25
21713 18
91255 26
14683 18
91451 12
52084 21
9701 39
5853 18
43739 13
46542 17
12187 9
18010 9
6639 12
5880 1
7472 41
56160 36
77612 1
7890 23
13260 23
34732 24
99659 45
30635 41
75325 37
77062 8
75120 37
41267 42
27352 35
58543 29
9198 6
98389 8
73720 41
73065 22
97096 46
38973 31
28756 12
33440 0
88288 24
78265 39
68154 43
24167 28
50695 10
47803 4
41132 21
82127 20
43831 43
18798 35
54329 16
49930 2
28134 16
36633 29
93598 44
87717 45
67405 33
78414 17
30165 2
39035 34
87598 39
16009 14
30778 6
60078 10
71545 13
8424 9
36823 17
63106 10
29359 20
15129 8
46154 20
83227 24
70437 46
7003 28
6537 18
92223 36
49739 36
47743 24
83691 32
73097 0
11746 25
54923 46
35060 9
85356 40
28406 34
98700 0
39801 21
87927 11
33161 23
6003 40
20336 12
4946 8
61302 33
39480 14
14396 29
238 29
77468 17
98472 7
79891 17
80331 32
69442 39
81559 2
26277 16
6692 27
27299 0
41360 9
90927 29
68204 3
66066 41
39891 20
29836 38
14565 33
45939 41
82046 6
22005 44
28513 31
37744 11
91422 39
36285 22
66284 18
30847 10
90900 21
29043 41
94387 2
20048 22
55414 33
2022 34
29005 26
50438 40
33087 29
94902 2
32287 32
97805 24
18401 18
99604 24
97721 25
93422 38
37415 28
89641 29
92210 45
43795 6
56324 44
50844 7
66198 25
9803 46
45876 35
48768 9
41659 40
89797 6
46862 10
25740 14
72563 13
52211 27
71633 21
98055 9
97901 31
73949 19
33439 33
87836 29
79955 42
45036 25
28325 18
13045 18
86895 34
94936 30
88494 37
46789 36
29210 27
70511 29
9508 21
24020 11
26288 37
40717 2
6215 14
81288 19
23310 9
88985 34
76294 46
56264 5
9362 40
13373 46
90918 6
78766 32
24254 3
71028 35
53357 27
38566 0
43277 5
55958 36
52312 22
28747 44
19170 40
97950 44
72827 32
53621 46
87943 17
74636 28
60693 30
49136 2
10342 11
93035 2
32656 39
85405 0
17515 13
95261 31
90276 4
25264 19
24042 26
59298 35
88972 40
78230 39
55263 41
29975 10
71365 31
58332 19
27086 3
4472 12
48932 45
30398 35
46437 17
15498 21
32341 13
35237 17
69886 15
80207 14
235 42
85552 38
82152 13
80995 26
9508 38
55019 38
3910 12
55412 46
4015 40
2076 7
34939 12
99377 35
44157 3
96729 29
76372 24
22103 40
10174 41
74727 1
17492 2
28175 0
82722 30
35593 8
99267 13
1514 0
79520 10
16841 22
58638 20
64147 30
53495 14
40352 23
90070 33
97660 40
46275 16
70380 41
54671 35
29341 14
71736 13
68595 17
91384 36
15036 30
71668 36
11636 11
78604 17
63361 35
31901 42
67882 30
45203 40
2389 25
2769 13
12459 3
46693 0
10402 10
89639 38
51662 13
86450 17
11351 22
41393 11
70536 1
32908 27
21213 41
39569 2
42405 39
4811 38
66450 38
71692 17
66956 26
23032 39
57637 24
17623 40
89024 23
84052 33
36517 29
27185 29
30366 25
32136 7
73303 13
34302 32
42213 31
15068 24
3653 38
86593 31
75007 15
76125 10
11955 25
5484 31
44520 22
83619 33
72972 4
38245 45
78882 35
38905 28
45510 46
55284 33
24311 6
20182 2
59041 11
51222 31
16885 22
23186 43
75606 10
65477 33
64355 3
14107 43
44053 32
21575 25
51829 36
63349 6
48638 40
53286 27
61103 27
53537 6
95072 26
51877 34
52934 24
77587 15
3352 31
10533 22
6701 11
42495 28
31441 14
33987 22
77388 28
58541 9
14461 36
53718 35
17601 21
3587 42
70702 13
11492 44
98905 9
88834 44
25474 38
98896 40
10403 34
90515 17
61772 7
19689 1
61390 44
74087 14
4213 16
50886 24
73984 1
62722 5
19592 32
85151 25
53948 33
31739 25
76809 28
53117 5
19372 29
50046 3
63035 12
41404 15
97766 43
97086 24
36002 16
70478 35
52707 8
33149 11
62482 34
70415 8
46948 4
8408 37
47468 22
7830 9
1621 35
24349 30
80814 24
43833 11
61087 6
25863 28
49337 22
55802 34
79268 46
63630 17
68295 43
62883 19
88458 33
33665 13
76422 2
25723 1
9990 24
56438 18
86450 18
6158 21
84088 31
29128 17
68616 14
31959 9
68169 30
62844 18
68214 27
93306 29
80124 17
45643 29
71107 2
12378 8
72042 32
39957 2
71072 19
84877 7
74526 26
73356 37
76719 46
62496 10
88058 24
32842 16
81711 41
72089 8
18394 37
22261 3
87413 44
41221 20
77109 14
23156 18
57567 28
97242 22
23841 15
24224 8
77447 3
43385 3
28152 3
69643 14
32620 39
35130 31
63124 29
37791 34
85263 12
25728 46
93363 46
32600 36
94550 21
30505 32
70424 29
38979 15
76532 6
38664 13
41360 13
58577 24
5226 33
13308 18
49248 11
19784 29
18152 30
95616 10
2755 7
4256 16
43515 8
29121 6
99259 7
14043 42
88653 1
30443 4
10565 39
6361 33
66069 40
30332 0
9827 32
96751 37
84516 21
3381 23
5733 15
7184 35
98600 7
76035 4
99541 36
37326 17
99815 34
88227 43
7626 36
26264 24
58890 25
24094 42
34849 9
14891 14
48810 25
46638 14
39491 11
84578 24
17434 7
33818 7
79051 12
71264 40
6983 31
2453 30
23665 0
51769 33
91003 5
64345 11
3886 40
83134 39
93267 5
99161 33
1360 42
14113 5
20787 27
50438 16
68613 35
64384 43
33052 39
69142 32
96611 46
51924 4
21794 17
77376 23
5583 45
43584 7
78973 9
3710 34
76492 15
18583 9
35085 34
76681 32
98180 44
17447 30
61945 4
56250 45
8627 31
92877 6
42742 42
93150 39
76646 2
94667 28
22300 18
68377 18
41191 19
11440 4
56424 24
18360 4
96034 3
44663 29
5018 34
45491 30
90965 7
87767 2
71423 41
56685 14
71926 36
83528 17
96287 8
98374 26
21150 39
41222 36
97794 14
17045 7
92734 41
24167 41
88091 23
62539 5
46319 33
23089 6
86803 8
32779 43
65465 19
27458 27
18769 10
35272 20
78430 5
57509 34
29400 30
99777 37
82295 41
79027 3
90196 14
74006 10
25009 19
42730 41
75451 17
9403 42
48646 17
37119 44
43522 26
29140 42
23302 6
18234 41
66139 32
22992 18
82607 38
10129 2
83449 33
38674 35
28475 3
28834 16
47757 24
31855 21
96464 11
93542 35
19700 27
683 12
72026 45
33890 1
93230 30
63455 16
42847 12
98943 35
78651 1
65190 34
68967 41
39878 46
55480 29
58526 46
7201 20
78235 30
27461 9
65083 27
29209 44
84744 16
86467 19
68221 12
91266 30
878 29
9802 28
18823 38
65673 2
80646 22
6111 41
55281 31
53902 4
87628 19
9457 31
1941 40
798 14
68930 18
47010 24
71033 39
56388 1
79504 19
33251 20
5471 23
50940 30
79879 40
9729 11
58339 32
44283 38
81010 15
56230 31
38942 11
5481 32
34042 33
39630 41
23683 26
7676 35
20130 4
35670 7
89233 10
48273 45
15199 45
53243 2
89159 42
60359 15
51984 20
4483 6
95170 44
80783 34
93677 2
12682 19
50562 5
36518 37
2773 43
81716 40
81473 31
18179 14
68589 10
81668 3
15589 10
90585 35
24584 43
36594 17
11602 42
24955 27
5947 45
65390 43
29673 33
80482 37
30976 29
82444 22
48911 41
48437 39
81902 15
82257 8
55277 39
65353 7
75139 31
71829 14
93282 25
88057 9
86911 24
31118 7
57353 35
37830 32
31992 38
79350 42
56598 38
46215 32
45189 6
14115 24
6682 27
62557 27
83290 17
16762 17
88495 38
91823 37
65464 36
96469 9
50050 6
21623 28
82490 11
6928 27
73150 35
58685 26
98289 12
28899 31
47070 37
22366 16
18280 6
54348 18
95115 20
75339 17
14845 35
6432 42
78571 24
58279 8
65773 28
65599 29
65715 34
90511 5
83452 40
22551 7
75390 37
91815 34
37652 18
20451 2
48700 1
21324 10
33520 19
62202 11
73876 11
81208 42
27436 23
88097 40
31518 36
92423 27
12784 18
12781 9
65998 13
12155 16
21992 5
44668 12
18955 13
11971 17
54695 11
67072 32
54266 4
68000 14
97077 33
80836 15
42554 11
52633 17
39906 29
70178 41
96371 14
15521 14
39078 11
82298 31
69687 3
36913 28
53447 35
29659 35
81346 4
82918 0
93212 34
43659 27
91054 5
93725 41
29803 10
66660 46
70810 39
88024 7
16011 19
86565 29
10065 22
54463 14
52011 39
33340 16
15614 12
1751 18
82614 21
7268 37
47 17
91065 19
58634 30
44042 45
28465 12
11053 46
47132 26
35684 24
30450 7
20360 0
29917 40
56092 45
86100 23
1066 5
12754 45
73686 6
76467 0
5263 18
71007 8
17308 35
3104 13
38119 44
99172 18
74395 6
56043 10
79708 25
53556 46
41379 21
32607 25
85080 43
91596 35
27968 45
80093 28
12520 28
21831 35
55591 32
74810 16
16415 31
34834 29
82212 18
18334 0
19850 9
19167 5
90430 45
37687 6
26264 37
11528 16
17789 17
27775 25
59763 40
53418 45
63464 33
3346 7
3509 9
44452 18
58712 8
75102 21
28431 38
29907 23
25437 38
48692 30
12861 17
83504 43
91618 12
69352 36
46153 10
95274 4
61705 13
29555 39
22141 23
28865 46
20649 43
48066 17
92789 28
67732 39
75731 22
35821 37
34902 46
99526 23
88949 46
90323 31
9132 24
88466 10
2942 10
10198 36
64792 38
62283 24
69616 41
5074 13
54236 26
30848 40
58114 39
51561 20
93057 35
39804 46
22466 21
77358 24
38683 24
28048 34
76923 30
81240 35
25783 6
15462 20
64067 43
45876 22
81709 42
69210 7
43452 44
66113 29
45797 31
16128 17
15245 14
23239 35
76195 33
50397 41
53220 37
80070 4
14773 46
61910 17
43750 18
97954 35
21475 17
26458 21
73221 44
58026 42
37407 32
38735 25
96071 3
84608 16
1651 2
8645 7
84370 11
90317 32
64933 5
88315 45
33210 41
46028 38
49173 14
1869 29
31295 37
88121 30
41392 2
60414 0
65788 8
82775 10
96378 19
8055 46
4441 28
57198 40
656 39
67419 12
93121 40
30316 23
72679 33
96271 19
46379 18
67868 36
65734 23
71753 17
29198 33
70046 28
56993 23
3520 24
14045 4
93599 41
32011 30
90666 15
76171 38
5998 15
32486 25
75835 4
57423 14
97807 26
27433 12
75734 18
29767 31
68627 10
14136 24
68163 4
50716 43
81954 4
67016 7
32171 13
82331 25
98253 23
17263 33
77018 20
80938 2
49493 7
85493 2
4333 30
97396 42
55952 28
4729 20
35922 8
59374 8
28107 14
18769 26
70558 15
62563 5
59932 38
82709 33
91222 36
77493 25
21509 31
68537 40
91877 10
32128 43
85782 4
24030 10
20927 16
76237 18
64693 22
79926 26
4362 46
17273 37
24465 44
47251 41
85098 9
74282 27
85644 7
55162 35
86754 1
93961 27
3115 27
26371 3
8588 44
64645 5
84287 26
67182 17
66229 21
49534 24
61209 2
60466 14
74563 31
22422 26
89758 34
60933 24
33182 14
86854 20
92387 18
55271 35
30411 21
13461 31
86397 39
46395 44
79309 25
90340 11
45922 12
82698 26
58524 46
7484 9
38870 1
39378 4
91319 28
17511 12
71961 26
98414 2
65414 23
73030 18
93690 21
7654 2
20775 44
99212 33
21104 4
15146 16
48026 5
53405 37
24136 22
62080 7
32076 17
61003 34
15933 20
9763 14
62237 9
20150 7
50945 31
72687 22
63105 20
52763 9
11008 11
30069 42
26223 11
49103 15
36638 44
98925 23
36547 21
30727 3
68738 37
45690 38
47069 14
80510 44
32281 22
61467 11
4929 33
18194 34
38364 11
27510 10
13136 40
23785 7
32254 41
39675 17
2564 11
79145 5
22473 10
16635 46
71831 0
16844 6
79937 30
87570 8
960 24
60857 40
66914 14
94085 22
43014 10
79741 10
22831 39
14617 46
97085 30
18447 29
9520 22
29396 25
7819 9
41558 1
28107 7
58386 23
79508 45
33159 46
11495 39
62146 26
84004 5
86476 34
91349 13
87266 7
64555 7
65176 33
84470 9
30416 9
828 45
93223 3
89587 21
35975 44
58508 3
38474 42
81853 19
14259 44
39869 22
69611 28
97155 30
17577 36
41656 22
75464 13
57484 18
14076 25
11993 33
15128 11
65218 25
9600 7
1043 3
67818 28
39237 43
85577 33
4908 28
3191 46
84321 19
37526 13
95171 10
1514 38
6816 14
72594 4
56025 25
3450 32
98265 1
28483 4
83360 45
80523 14
86500 11
77108 0
12883 15
10734 21
92282 14
61740 31
86389 38
94628 14
80511 43
65692 45
34212 38
76132 25
13483 20
91512 20
90944 45
61221 13
20209 9
69642 16
51318 18
45050 9
94407 38
69348 40
66009 29
92582 46
55201 32
32111 27
36642 39
94870 20
9119 29
1504 7
79517 21
90205 25
67085 40
48427 24
86819 5
59979 30
37554 8
63174 3
61358 16
16475 46
21456 46
35664 26
92210 27
46951 28
5080 42
57386 14
42566 40
34688 11
75275 2
67458 38
9631 27
28050 16
57648 14
40537 4
13776 7
53814 34
54704 30
80928 36
53198 25
86796 29
54171 25
62387 7
48888 31
52767 21
31321 18
26471 6
55900 41
44205 8
6319 10
87703 13
6585 21
39047 15
55875 26
87198 41
80929 42
92141 29
6651 45
19399 45
48774 21
14143 15
48772 46
8545 16
56513 10
20794 37
47239 32
30726 11
72037 7
49050 22
95819 1
58354 30
40382 17
14860 2
55956 28
43899 29
27589 27
42664 11
31822 7
95473 19
33187 46
58008 42
61467 39
9082 33
80514 18
99784 31
88497 41
3979 0
58798 2
65496 15
46065 3
77152 23
3341 42
60368 4
30009 1
93149 7
91861 26
66087 6
83175 24
5026 39
87196 31
32357 36
35934 41
4984 3
76921 5
39118 26
55426 12
5983 41
14149 1
84014 43
15709 30
19953 30
72764 26
40538 18
87311 16
90369 38
14449 21
60208 12
60798 31
53428 23
66167 43
39319 10
85407 1
37008 13
19414 42
83329 36
16081 33
9555 13
4202 23
19464 35
7051 21
43791 31
12206 22
70827 27
47895 6
68045 19
96125 21
79494 34
13286 13
60029 29
13301 25
26251 24
95986 3
36619 34
79847 22
46749 41
87872 1
18791 10
86203 3
88097 33
8442 21
37530 6
78943 22
59435 5
2390 36
61434 45
90265 27
72425 11
30546 13
37043 16
60793 17
59634 24
63114 25
97843 26
30661 19
84120 11
222 24
78868 33
90188 22
94977 32
3937 16
59374 26
9344 10
2676 18
60999 44
72203 31
248 23
28585 3
65710 6
62746 6
32714 3
47930 36
68957 7
55683 20
19073 21
46327 38
92328 46
56450 39
2337 24
2595 2
68220 2
7008 12
10207 46
9978 26
4765 22
64699 35
77116 40
59434 43
70444 13
68737 10
45574 1
96450 23
24394 4
32071 42
93341 3
21766 14
39425 33
68746 13
2959 29
11194 10
23158 4
44817 19
6363 44
25607 29
92984 1
86739 29
84266 29
90644 11
3197 0
34713 9
24297 4
65998 39
15985 16
46806 20
83768 10
22375 0
96968 16
26630 24
65652 34
4080 37
47214 37
75773 18
78490 21
82506 14
22735 1
25271 25
72312 32
75725 7
54340 45
87243 38
65585 31
20875 26
38147 44
86954 1
18816 22
41163 3
39347 2
77824 26
17776 23
42864 41
98009 46
18668 33
54680 9
51933 46
71666 8
59384 40
81671 0
69575 12
91188 7
32644 2
50421 10
79952 4
11459 3
76156 23
96423 26
84305 23
6576 38
89948 36
79756 24
79455 2
61576 37
47504 17
69032 39
24977 4
45872 13
82721 39
62234 41
49907 8
40768 18
58726 2
14371 28
79640 37
30214 26
36143 2
24438 42
44230 40
95542 42
75868 42
82416 6
40426 6
36286 36
47424 10
24242 45
11894 15
585 7
58636 11
6256 9
77929 44
43468 10
61429 4
82983 14
10960 12
35592 44
32425 31
75235 22
55598 32
28571 41
50366 9
45879 16
46047 39
7961 45
16177 19
58936 30
89720 1
622 0
44104 42
30648 45
84110 4
75402 10
41269 2
99636 26
84502 10
60909 35
8331 22
86069 14
80937 27
22 8
40649 12
68532 14
31664 1
40126 21
5375 19
6354 41
32429 12
86048 14
49525 39
18502 12
7302 33
93303 1
61494 28
20373 22
34621 18
94687 2
25960 0
72358 37
74837 32
82582 30
23412 16
99660 16
88104 2
77587 23
84572 11
55091 33
15419 46
56429 17
53318 34
58919 20
7813 28
22413 22
63673 3
3780 30
4740 10
43600 11
25637 29
98275 27
94466 30
39285 9
36141 7
45858 36
49320 10
37582 9
34498 8
46210 38
5974 16
86202 2
42909 30
5626 33
73029 31
4076 35
89452 38
9634 10
23215 6
91719 46
89588 13
40611 27
57914 17
7127 33
87243 32
91670 26
4630 31
13564 38
98750 25
55948 10
50724 37
64220 36
55645 11
22699 6
84821 1
14396 40
17609 25
56135 5
63821 0
37628 21
40261 30
28866 27
57600 19
89828 12
4530 14
46642 24
2812 5
46142 30
47878 1
24623 23
2952 41
49571 4
49117 2
16210 40
835 6
97054 26
22313 38
32160 44
86735 18
15173 23
62680 31
37439 16
96963 46
20888 5
124 31
11256 12
26836 35
2629 36
40297 22
22499 28
27456 36
76627 36
84211 25
75270 38
81420 19
75255 31
4181 17
57382 29
77076 23
33495 27
57161 24
18383 12
29048 44
28713 10
60346 39
29256 1
20106 17
9048 39
3179 2
77044 12
86123 35
98947 42
36864 42
46404 11
41267 22
5047 42
63145 3
81926 26
23520 2
27700 17
58358 22
85259 34
96177 32
66285 19
31943 44
67999 13
47240 41
54232 39
39450 30
10809 1
96340 5
54171 43
94437 20
93640 21
31395 26
7802 44
34897 14
60788 24
56149 16
99176 22
36467 44
17847 10
7690 29
67819 24
32315 22
13527 27
85403 41
81711 45
44181 4
12685 16
89776 17
49837 21
45373 30
3242 31
13561 2
45901 4
16535 8
84023 24
88423 3
93170 28
47621 4
3420 19
91529 4
30723 46
3331 7
11793 4
48579 43
91694 10
88020 38
61461 10
66824 11
6637 19
31667 28
67117 34
993 26
42681 30
12872 22
94340 9
46592 45
20050 16
18188 3
65406 14
39623 32
1145 45
22138 23
21049 4
47017 1
31192 46
91093 14
5479 17
75582 27
96122 42
81590 33
44864 12
68590 46
25243 6
15000 7
33573 35
56131 34
61243 46
84447 44
94272 17
601 41
20317 35
23996 9
69701 22
57606 33
78924 13
41368 30
93831 18
63123 3
33198 28
38172 6
61974 38
17975 23
44092 18
32099 16
74563 26
89893 3
75834 46
37519 43
52762 23
79568 15
60808 4
38120 42
29936 8
88731 33
16489 34
78576 15
69816 41
88908 19
37414 28
82548 30
35692 25
90454 32
92738 42
10514 18
11220 12
59120 5
10957 32
14151 9
76372 3
69865 45
28725 9
67367 17
35918 46
5413 28
2849 17
938 9
47584 38
76574 10
42614 33
47057 2
78922 37
71161 37
28625 43
6615 35
27227 20
26961 18
85816 10
6234 24
82808 29
8819 27
84732 31
61771 18
34644 2
89509 25
43451 32
66868 4
52016 30
31002 32
74954 13
66734 9
40561 2
12336 44
70981 46
60087 42
91253 24
41509 26
61544 24
43340 19
93945 28
93079 25
57403 4
24098 24
24108 15
73852 15
68183 22
93767 35
63109 10
58593 40
89944 12
96439 19
23871 10
95376 3
37871 10
11015 10
62121 24
50733 21
72609 19
94986 31
93103 19
88172 7
98680 41
75303 29
65209 35
19090 6
69862 29
56159 45
84999 12
74203 23
40664 43
97005 6
52518 13
78393 13
22599 40
69433 5
64618 2
99265 35
50950 40
5066 0
35143 34
86365 0
24744 17
84783 37
3650 37
22049 29
5167 45
39117 7
98883 31
8496 30
61145 17
46196 36
80465 24
66994 35
79332 12
73845 36
41703 42
15123 26
46171 39
39284 32
49159 37
53950 21
18652 11
56560 15
73707 45
20386 46
24468 35
57258 46
75595 23
24036 28
67387 31
72660 0
2301 18
87393 11
15081 9
92453 8
94342 39
39280 42
94076 15
91674 32
47489 27
49377 9
24483 9
2158 36
48236 9
55228 38
60288 34
91063 28
58770 2
39598 46
12756 3
94889 31
88122 30
19750 9
19009 30
43612 35
81508 18
76571 18
9142 31
65322 12
31355 25
52344 2
45649 27
8901 46
12071 15
92330 42
83365 2
29776 24
34430 8
37582 41
59048 25
16224 13
50787 5
42256 31
22349 40
99708 22
55171 36
26109 24
47097 6
71425 3
11498 2
62829 7
58158 46
63874 30
79206 39
55081 15
51090 43
9324 43
27954 44
74999 35
83309 3
35245 0
86178 45
19420 23
8956 46
36825 23
59480 10
34051 0
53951 27
68952 43
49305 6
85669 23
41318 40
57099 36
10744 14
97508 0
91308 29
68816 24
49394 9
73558 10
88258 36
62892 8
62111 5
49773 38
65505 17
1929 21
95706 21
39238 30
47495 12
92672 10
59452 15
17295 37
2835 3
3283 16
61707 39
92338 37
92562 17
92235 15
5733 7
17664 34
21409 9
72395 23
23057 14
65447 43
34824 23
86365 19
6647 27
95433 3
18425 4
54151 37
68841 13
83823 23
9068 27
14331 19
49981 26
26943 30
98334 34
38380 46
6092 43
28942 45
26266 42
18449 40
27650 14
55539 17
29972 0
67732 45
44123 22
97561 3
44574 0
73370 19
51273 13
96673 39
54042 1
87098 11
86699 18
26355 8
81662 38
36752 26
55087 41
92949 16
63021 26
20970 28
40421 9
14110 40
36488 37
43422 36
17158 19
15222 43
31347 28
88016 6
12148 40
2448 0
15812 23
98366 21
45383 23
18000 29
55822 15
38022 6
53749 25
22623 1
37782 14
70077 33
79612 11
36869 27
40972 10
94877 40
10763 43
49073 16
97804 27
41384 6
66392 14
34698 21
55178 3
34199 13
89979 23
84114 34
85367 26
22799 22
20503 41
28453 40
90188 37
23611 42
32465 9
92718 11
18288 43
27825 5
30831 25
74003 41
98301 8
18712 17
91672 6
29068 4
76862 6
70533 27
39731 8
66460 6
49877 4
29762 32
49047 18
53899 31
89494 0
41456 14
81610 20
65048 15
11525 11
15620 44
95583 3
75936 5
98518 2
72908 16
93315 30
80109 4
21598 2
94449 46
4694 26
304 21
25732 45
71468 17
7251 7
44250 33
52057 10
25146 41
62936 39
58554 17
94007 25
66731 42
73203 14
72057 23
58393 7
59635 21
23032 12
84739 20
75949 1
76945 6
80859 27
67076 21
86471 30
27273 14
92637 40
61688 2
96731 7
66144 29
76613 12
86686 26
92234 15
98519 36
27547 8
11830 6
77070 27
79733 1
35766 28
88557 15
19260 37
94018 34
65641 34
50225 5
96648 44
27246 6
88804 28
15541 26
77682 17
82287 22
71819 24
11385 16
73487 11
63794 20
94031 45
91502 21
95064 25
74899 46
66609 31
61380 45
37072 35
70130 32
75111 0
38502 8
18921 7
89063 35
66428 45
60923 6
67585 7
14838 3
85727 41
86658 2
2881 13
98222 2
11847 36
89547 38
85059 42
73384 15
50619 17
70935 2
92329 34
35797 44
73362 8
84524 46
38597 25
23665 7
51462 40
56646 37
16506 25
99093 7
56672 12
47504 5
33636 8
60924 8
20936 26
48344 23
51670 11
97865 15
33523 27
42808 18
99094 45
13265 3
55739 30
12001 33
55033 25
63139 6
47812 14
52711 16
91693 0
79126 37
2721 46
52614 44
91361 23
65091 5
80805 22
62466 25
98315 20
32708 8
74164 12
66718 6
84556 33
81513 39
61022 6
15064 39
72351 38
17296 10
38977 30
11093 26
3496 25
8001 27
68177 1
82316 35
1421 32
13147 44
92591 20
86854 6
66671 4
38226 13
73308 35
18981 14
3265 16
37709 20
98732 18
54008 17
91850 0
35811 0
71905 43
72465 26
97695 39
93490 5
77273 12
16913 34
19906 27
54591 14
5073 5
31438 40
51656 10
52749 20
58664 36
9446 21
21088 19
30397 5
55549 24
51957 24
86950 5
83775 34
29620 45
70274 37
89690 7
77523 19
20344 18
59029 28
18901 34
83116 8
81091 45
78987 26
36629 2
88161 33
85195 22
47410 43
6913 38
24899 4
50080 35
9417 3
65242 7
43714 40
38690 10
10329 15
88834 11
98432 15
68423 22
28115 20
76907 30
20665 42
78277 31
37261 16
75055 31
84199 11
17016 26
17938 14
71952 24
98438 17
5629 18
56856 44
37550 31
50304 24
29751 10
49087 7
51215 42
77542 2
13145 45
68720 14
78732 13
11163 43
21178 12
52130 27
54974 24
31532 5
3308 2
17907 32
1397 45
64180 36
61464 34
80962 24
81869 6
64810 34
32510 22
7913 31
39962 27
75236 1
26427 36
86889 4
66453 12
95596 34
28045 36
92624 35
76245 20
55186 35
34097 42
88129 7
76195 23
81099 10
88246 23
34844 12
41758 35
7173 14
96565 4
53670 34
96330 31
27981 9
21608 27
57725 1
42935 20
490 2
8860 19
49290 22
27017 33
66658 24
37697 39
1060 29
43580 18
16705 8
94752 11
85624 13
96636 14
2640 42
45504 33
16455 3
378 0
27291 1
31580 13
20062 19
18050 24
53424 8
35408 45
42699 38
39056 9
35601 25
70993 30
92664 7
62845 28
19295 25
55860 19
92347 35
12110 36
36254 24
32423 0
26473 2
33439 36
75030 2
16455 29
36155 25
51549 28
89957 33
42137 17
76842 39
24770 13
22286 40
23631 32
26754 46
31198 5
56391 30
27181 9
39290 28
56983 39
98733 19
68600 0
76627 15
11776 35
25341 44
41484 5
12735 34
34706 32
79913 35
73253 38
24098 24
39727 28
81324 40
48120 5
38874 5
33306 27
24933 7
23315 11
24792 25
83485 41
25965 33
85650 43
12994 35
72386 11
53935 2
83377 10
85106 7
9836 30
62245 14
77574 14
74789 36
77813 7
34966 43
54220 1
98224 29
12763 6
70308 21
38578 7
29713 20
66948 32
74788 1
4927 17
53152 5
93527 11
75295 1
99940 46
50241 21
74906 38
31750 34
99421 27
97121 13
90996 29
82582 10
81405 8
29283 33
48046 8
73707 45
39571 38
354 19
34071 36
21378 6
97683 26
94809 42
60079 26
31040 15
99404 3
86837 45
37895 27
78502 15
3540 1
48055 26
23300 28
8867 16
98184 18
25824 0
62522 29
2364 28
27217 33
51935 27
90928 1
43783 25
80243 33
29035 24
76285 31
70071 20
63569 43
35583 16
54255 1
15235 34
75968 27
20926 35
65085 43
64937 16
7568 14
60956 3
76031 13
32054 32
6044 39
70869 16
29165 41
67364 15
12870 43
81752 5
35090 22
58485 35
25619 33
20862 6
78888 37
24558 7
23435 16
69704 0
24761 1
74809 10
40370 29
96477 27
71357 40
20372 43
24878 5
14843 40
25152 40
57909 28
78835 36
67736 6
43869 42
30151 13
47790 17
88498 19
89918 25
35006 28
84083 20
77631 35
91879 44
41057 18
18232 6
67498 34
18952 10
60609 33
83929 16
20226 7
80468 10
65492 26
63679 0
86446 29
15022 9
64186 34
20273 26
79279 0
51237 13
13172 14
66491 7
35954 44
3589 17
41460 27
44901 17
97942 34
50406 26
91420 23
72472 19
63272 11
91172 42
18191 8
724 29
7691 0
56745 39
24308 34
56824 29
983 14
46291 22
65376 32
87304 41
24261 4
42681 36
81963 21
69490 5
73577 30
65705 11
7336 46
23984 1
38576 14
5085 44
66750 4
6680 14
85943 33
56853 16
15847 14
72468 16
43158 16
66228 27
18170 17
50310 40
82714 6
15262 40
28344 12
7702 14
45071 39
70449 41
56727 18
55139 34
51050 42
37798 28
88478 37
42607 7
95366 21
72492 39
68163 4
62957 14
62202 46
10985 27
80061 39
11245 24
88837 20
83370 3
55293 32
88725 11
66971 23
93758 25
60809 9
81794 6
17017 2
62469 39
89539 26
20453 21
9141 17
49237 7
39009 39
13509 5
48946 21
7753 26
99793 12
76138 8
94296 16
72131 18
71807 34
49934 45
17414 23
27577 12
457 43
82312 24
4537 37
65610 0
77406 44
67301 8
12692 22
78951 27
20748 3
98796 2
66894 37
20309 9
33598 45
35541 45
77464 41
92471 3
19655 27
82309 38
56505 41
61747 31
77206 25
94944 32
8703 32
96090 43
78907 41
97684 6
61976 28
45657 46
31880 40
37406 20
16681 20
48737 43
69463 33
10289 42
25480 44
20796 24
16983 3
33617 30
1439 21
94850 4
59833 1
8418 29
11948 10
55712 6
6600 5
88249 35
64204 45
60455 33
31432 4
84834 39
55781 15
50985 8
59080 24
84932 22
99379 37
12583 13
43389 36
90660 5
26191 39
13297 32
6449 18
48173 14
80994 37
34295 15
1251 40
37797 26
99317 22
33747 8
89849 23
24269 23
89515 30
17848 22
29819 30
52890 22
78215 30
97058 43
39803 8
22182 29
43749 26
56721 0
37197 6
34665 45
96488 28
38460 16
70087 7
5028 44
98976 15
62964 12
79528 43
55082 27
16650 24
37585 13
66360 19
28035 32
63609 20
53590 0
12878 42
64294 17
96891 46
15169 42
47123 1
79324 24
41537 18
40090 2
85089 15
47101 20
2969 31
46663 25
50776 20
93821 7
27700 16
51694 29
25569 46
16771 28
12390 28
82361 8
61723 28
81219 32
40263 11
37577 35
14881 43
35292 14
69164 5
47992 1
34869 18
89838 15
21614 22
15308 23
43690 3
95614 1
47287 13
40267 33
69290 20
9161 31
45914 19
92902 35
18759 38
47940 26
51975 3
6864 43
80318 30
64919 12
62832 13
81030 40
17049 11
92807 3
17164 39
1406 22
79311 33
46057 34
48154 17
22788 40
17498 42
59968 38
60650 7
42924 10
90208 41
98312 25
3223 6
8822 46
44723 18
66328 21
4459 3
12565 21
34051 7
34383 44
25259 33
74230 42
97554 29
38616 10
70503 29
5443 30
35977 14
78687 32
43029 6
88762 25
80057 29
13155 10
77288 14
66717 10
49948 7
99780 42
63020 16
49229 19
42500 3
81716 24
40749 45
3829 1
24002 6
92077 39
72873 37
90928 26
53656 28
76500 41
26222 9
68006 20
98124 43
75557 16
28173 3
6818 5
16711 3
3970 32
81004 32
45792 22
49677 17
29451 6
65710 15
36772 23
84552 37
39691 37
15734 11
71365 31
66518 3
44238 2
34122 3
97239 16
78250 40
17812 40
24331 46
33542 42
78806 4
64541 38
42283 20
96652 11
22748 44
28495 38
13661 1
94109 41
46074 5
63570 37
43517 5
26581 29
71775 45
19112 27
46861 13
1047 42
45620 46
69005 33
65526 11
70975 42
57630 3
98920 11
87463 19
29209 5
14891 4
92317 20
79552 14
55911 22
27094 8
94876 14
69264 33
44993 35
16376 14
1855 15
28559 27
59421 29
61832 5
97882 14
91136 1
16667 3
46299 38
33653 39
610 42
58703 21
10899 35
14864 10
23701 13
72609 35
62374 39
21507 6
54136 25
43197 0
99942 39
10686 15
49160 35
26200 22
55525 12
26132 7
54656 37
20213 4
27305 25
45471 23
12697 40
90375 15
20970 18
71768 45
54472 22
71628 24
38739 30
8256 9
34658 1
54210 17
18518 46
44620 37
7694 44
67171 31
73934 10
46041 23
58966 34
67009 9
5912 29
23942 30
92308 43
23629 29
35869 1
85010 19
80272 3
83125 37
55255 26
36428 34
55337 30
23608 43
62067 35
61473 22
22886 40
95992 7
16816 28
80517 35
93392 1
15669 19
45805 19
63595 27
15946 6
21795 8
23694 0
13193 11
73226 42
94867 21
19493 6
23629 45
27389 45
98854 26
99380 21
82909 26
13006 39
4361 32
16061 0
7262 38
54965 39
68186 20
58010 7
63667 43
5861 29
76661 22
37126 27
75027 6
19540 11
84014 12
35689 21
20745 6
62049 32
33063 29
14539 33
46682 5
26749 25
77218 13
9311 0
86369 25
15516 12
49044 16
67307 2
7708 5
89995 8
55112 39
54784 4
65001 27
76913 21
73118 3
20715 43
74013 45
19083 44
46148 19
27239 21
21613 41
12633 38
83312 19
18714 11
75509 1
92064 1
718 7
86295 45
70324 11
80734 17
42013 0
21903 26
24221 12
45195 17
63713 7
53837 1
54117 43
11894 18
86311 35
82005 21
76270 0
80006 45
86328 7
10744 40
20237 3
54693 14
84246 42
10959 46
24678 32
89884 23
41403 44
98107 38
41077 40
47729 15
2707 9
11190 20
40882 22
16170 45
18530 32
22912 20
10690 22
2501 6
1410 41
59223 13
3296 42
18504 40
76966 28
23857 44
14337 29
36061 36
19423 15
96041 1
50654 28
5833 38
28637 8
83205 4
58648 45
60396 18
3881 33
87694 4
40031 22
14355 15
25925 31
81495 41
65792 2
37054 22
81831 19
96279 22
52490 6
31221 17
67787 13
43617 36
79651 36
75348 14
50718 5
47609 12
99933 45
15387 8
70833 19
78688 10
26943 23
69739 12
45408 31
17365 10
23191 8
23311 36
92398 14
47080 36
35500 23
17699 2
2639 11
66475 11
23206 20
48214 27
82125 24
2266 22
8112 28
84016 4
39503 38
18321 9
49682 44
73868 46
66341 31
12154 43
37934 10
81671 4
69624 44
23721 20
94313 2
48853 41
91086 44
16660 7
24833 15
31826 10
37719 37
86198 29
29490 26
70727 5
16593 16
58577 12
4055 21
79887 24
51575 31
44287 23
56878 5
50722 33
30085 22
33716 43
73765 30
93184 14
47906 9
95981 18
63309 40
41639 0
17808 25
7299 11
32021 35
39870 24
18162 34
90297 24
863 41
94699 14
5590 8
98656 43
73430 18
19178 35
8898 2
47309 14
45237 45
68966 14
15766 45
49781 40
75202 40
30696 14
30632 17
42330 41
46271 4
80337 30
36386 37
89515 45
2175 22
70070 6
49963 7
45296 23
20573 11
37026 4
52483 5
77190 39
74484 15
99490 6
2182 34
93810 19
58700 9
86187 21
90195 32
75754 1
36838 20
74746 41
60415 1
82698 9
16558 30
41670 42
9363 40
12813 26
5853 38
72698 35
94060 44
15359 4
73038 32
88883 15
44040 28
70612 44
680 36
20840 34
38043 43
36200 46
70756 19
7905 2
48053 21
12160 43
73949 30
9925 22
21262 35
77245 22
33321 6
85389 42
93174 15
23852 1
51373 5
51459 9
81913 42
415 25
57249 40
41328 23
27480 36
7711 30
49070 28
45671 33
82863 17
32014 5
38897 39
8148 16
16219 31
65952 8
49935 32
48858 46
29508 10
25408 35
48699 31
36608 6
81903 19
59167 13
52777 42
42430 23
84520 5
81027 44
49967 12
34745 24
54160 27
48820 23
8551 43
81187 16
47318 32
18134 37
89117 41
8315 4
2982 40
28365 14
25808 17
43100 14
96069 4
51869 42
1090 6
20188 37
98306 20
59305 6
84923 31
32018 20
51682 10
61473 8
51720 2
78720 24
36635 19
46857 46
51062 23
81973 25
69618 20
88795 36
23863 13
29673 4
24902 46
64726 30
91036 1
76746 6
50776 4
78655 8
7988 31
99705 33
99069 38
8829 12
80015 1
17492 13
28857 28
75402 9
13937 40
54535 21
48421 40
35638 45
4429 41
62630 15
6312 44
63134 27
56503 2
8576 6
22698 22
80615 44
7405 25
24065 46
59695 33
43260 44
11075 2
7615 25
30319 22
1723 12
3331 37
18133 6
98903 27
24329 37
11207 11
73434 31
42497 25
21140 28
9823 27
96212 23
85032 16
4621 34
1108 35
77927 11
33766 7
68014 22
48653 29
85880 6
47453 34
74821 3
81187 3
17575 29
86891 32
24727 39
53751 5
91739 40
46145 46
95377 32
57405 33
46969 25
45102 38
18502 28
69980 41
31300 25
58934 37
13492 25
314 2
91929 34
93354 14
47697 30
82371 5
68992 11
64586 32
43412 21
51305 32
67167 14
91114 3
25028 32
4866 12
69291 41
30064 4
71916 0
41208 10
763 2
71011 42
98127 36
16325 40
30862 12
75257 25
4226 17
14229 4
97377 20
77119 32
53906 19
46167 45
55943 46
40263 2
90390 7
73010 4
58801 22
47005 12
79441 12
31036 27
12648 6
34302 12
81628 37
91586 19
89719 1
40566 7
54834 35
87238 43
91323 45
94657 19
45952 20
18791 35
43090 9
98128 29
43163 36
58664 18
11711 31
25575 23
2048 41
81843 22
24944 5
38577 25
21913 0
34638 23
73662 0
30192 39
56133 8
5592 44
1652 16
34668 37
89539 20
83637 22
21930 18
72938 36
77596 19
77281 37
62505 27
5597 19
35101 6
28369 31
98451 24
595 13
39015 6
74657 0
73445 40
60276 0
34468 12
44845 20
8330 40
73120 43
57367 5
90087 24
72633 0
88989 20
23841 8
38027 22
82314 9
18435 45
18658 36
95769 14
30813 44
81248 16
42927 14
4870 29
99181 4
3779 28
53894 39
25319 33
23793 25
94893 2
51619 5
73981 39
76564 46
8831 32
21798 20
45091 1
76744 16
78877 15
60334 40
91180 45
27488 20
43086 5
93068 32
93789 28
30966 21
48683 22
27118 10
11976 19
40781 19
9182 29
60686 7
77577 17
71291 18
56720 45
5674 7
97315 3
23847 27
91799 45
12840 13
52372 35
19326 24
43534 5
40128 45
58713 19
24178 24
72587 8
84876 13
46053 20
71112 19
53331 1
78374 7
7905 42
95871 18
48221 18
19071 46
77384 5
13840 33
93494 11
42257 27
15499 29
4914 13
64958 45
95776 14
31306 21
81650 40
82816 12
80843 35
32137 23
73770 2
76504 30
47347 7
29894 42
52 8
18273 24
13021 38
7348 30
43579 46
15294 31
92128 3
79235 9
