467 6
31635 4
35077 5
7287 4
51926 0
30504 0
49087 0
67930 2
97778 3
67243 2
49930 4
12641 3
60584 1
47869 0
60335 5
1913 2
9097 1
29570 1
4538 1
80524 5
42461 3
54663 3
61931 5
60547 1
58962 2
58064 1
2229 3
4641 0
27042 3
32084 5
44771 1
53558 0
41571 2
88041 4
76753 2
26081 1
90467 1
64407 4
29229 5
68653 4
74010 0
21227 0
73315 5
31141 0
34835 4
25126 2
15359 2
12239 0
26561 3
75942 4
5943 3
57255 3
30129 1
50723 3
44666 0
44732 1
63047 3
22790 2
85671 3
74258 3
53524 5
14426 4
81809 0
24730 4
10550 3
73551 4
6903 5
25748 2
44295 0
41241 1
64511 3
59603 1
4120 1
77983 2
89348 5
4387 0
49768 5
79597 0
8779 4
96248 2
58600 1
12758 0
24723 0
63997 3
95298 1
51035 1
87123 5
52687 2
34305 2
45400 3
8926 1
51687 5
6175 2
79043 1
46572 1
97284 2
68608 3
38170 3
72904 0
7891 3
78871 0
4247 2
1717 0
99852 1
55228 0
28738 5
33412 5
5130 3
38213 4
60655 4
64908 2
8072 1
35037 5
18267 2
78163 3
73984 4
19579 3
12071 0
91305 2
53211 1
23667 0
23000 5
58038 2
30748 4
43852 0
88497 3
95557 1
43234 2
36713 3
66867 5
77385 4
8379 0
33901 5
75672 5
3057 0
70504 1
24415 2
15174 5
48116 4
83340 5
40672 2
53114 4
77054 5
15017 1
72070 4
64047 1
20755 1
60423 0
42973 3
53247 1
78132 2
89007 3
94112 5
90566 4
9139 2
1079 0
84245 4
55384 2
5096 0
18098 0
12499 0
82012 2
61635 5
56444 4
96229 0
55422 1
5363 2
48172 0
14362 4
30340 0
60630 3
97640 2
59387 4
21196 0
97381 5
50095 1
1294 4
51092 3
9083 5
87465 0
80221 3
35926 3
28079 4
6437 5
50448 4
11923 3
650 0
30330 4
1535 2
70151 1
91250 0
34375 4
27464 4
83974 5
88028 5
89981 2
55964 4
10890 5
51142 4
32 2
76868 5
65695 5
22135 1
48763 0
35561 1
85870 0
69329 2
2072 1
34238 1
38544 1
71398 0
21227 2
98091 1
82398 4
73461 2
66017 0
87193 4
96890 5
42917 5
11979 4
5062 3
34881 0
18987 4
44535 5
83879 2
18600 0
31273 2
86402 3
77388 4
10116 5
20723 5
79250 0
38566 4
42468 4
50469 2
96979 1
86336 1
62806 3
62756 1
69379 3
98884 3
51644 4
62978 5
37021 0
58475 4
17451 5
54917 5
45828 4
16228 0
54388 4
76065 4
38118 0
4633 3
93377 3
6970 4
53375 1
20402 4
82927 2
53996 5
92403 2
11606 3
98289 5
81265 1
88932 1
65138 2
18475 1
56012 1
37210 1
44507 0
14937 3
11373 1
83515 1
33007 2
61351 4
15958 1
84291 4
79671 3
82125 4
26133 5
90707 5
7574 2
36738 4
88113 4
82239 5
64395 5
43178 4
79276 5
53515 5
80135 4
99654 5
63637 3
62436 0
57763 4
43106 0
15708 4
70033 2
78365 3
10339 1
16251 1
26012 5
84159 1
45750 1
1113 4
90669 5
85634 1
82760 5
40852 3
80903 4
37188 0
22043 3
86130 4
89623 1
33958 4
20790 5
11047 5
91434 5
19651 3
39740 0
42125 2
84840 5
30817 1
18711 4
88025 3
87352 1
38865 0
83266 1
20009 3
43691 3
20307 4
64352 5
74184 5
56409 4
64335 5
59275 3
83350 0
69175 0
89773 0
59712 3
48055 4
42385 1
98156 5
10279 1
97437 3
55260 4
62075 5
12473 4
98875 4
48572 0
82908 5
90452 4
27889 2
81106 0
816 1
70466 4
4529 0
96364 3
13597 1
23104 4
32526 2
95347 1
93503 4
42750 4
21354 0
77343 2
81030 2
28041 2
45463 1
54943 0
53265 2
65206 5
95321 5
89274 4
18835 4
90585 2
17915 1
73719 5
4839 0
89014 2
73618 0
8740 3
87044 2
75867 0
36134 2
88595 3
56764 1
21656 1
41387 4
74825 4
25033 3
64966 1
78772 0
41431 5
93630 0
19257 5
97106 5
93254 1
3540 0
61750 5
45147 4
64659 5
8678 1
40855 1
99978 5
309 3
48563 0
87547 1
94792 3
98192 4
49075 2
67629 5
59668 1
42250 5
10124 4
98187 2
51070 0
46969 5
84345 2
70732 5
67598 5
80497 0
32638 1
93096 0
41951 5
8061 2
88265 1
67271 4
85335 5
13720 0
48160 0
72535 5
67677 2
7496 5
56261 5
43639 1
84309 3
36553 2
6147 5
31542 4
85008 0
84306 4
53866 3
51229 1
57294 5
2258 3
1397 5
12649 5
48281 3
14519 2
69149 0
69762 5
13875 5
46230 0
57712 4
39101 0
9963 2
97918 0
60448 4
54901 2
14286 3
42455 4
9395 0
62194 2
91273 5
19821 0
90288 0
91349 2
42199 0
52685 3
