9080 40
47111 35
94924 6
82386 37
40166 24
42765 16
34083 12
58367 39
17110 25
16355 20
30636 17
45843 9
45447 35
51324 35
66281 9
1931 18
17096 0
38236 15
27017 27
92514 20
14910 20
62715 24
67194 2
80341 26
91389 31
98105 19
53581 2
40612 11
28195 6
15454 11
49275 17
82509 26
73238 14
91578 19
38638 15
6557 33
61007 0
71846 15
85742 39
77324 29
88106 24
98117 22
73511 10
33358 32
87324 6
40710 35
62046 34
22106 35
6533 29
19691 19
51284 34
803 15
73958 14
50253 6
39830 26
97021 35
20921 23
68998 17
32639 31
50286 26
62979 15
91727 26
93767 12
26557 27
41338 12
24118 0
41861 34
85776 24
2854 8
37909 29
46124 11
95961 19
74478 19
41152 6
83486 28
53037 4
14587 23
80197 31
26006 3
64922 11
3724 15
96381 34
90622 26
25628 5
80528 30
95709 31
36964 22
42460 4
53371 38
77681 23
98915 7
20355 4
34500 16
59999 36
4561 18
23942 27
45676 9
69643 33
81725 28
94257 22
36021 8
83172 26
58043 7
76270 1
27808 33
27380 34
96940 5
53370 4
96050 25
52404 0
49486 30
98128 30
29701 1
50981 1
97240 25
81565 35
47139 29
44317 3
32630 20
97643 15
79370 23
63890 25
58113 28
29094 39
4737 29
26615 39
77747 30
70813 6
9077 31
29358 31
24482 35
38507 39
1907 27
59251 20
19057 17
9759 8
67970 8
80118 21
17750 22
69513 18
31539 32
24380 34
89336 30
74391 15
72940 35
71100 5
55113 21
67345 6
9765 38
12939 22
23680 19
75218 12
1201 19
27788 36
69664 30
24727 12
52129 13
38501 1
35656 15
77995 22
96623 17
26155 21
66209 16
40461 33
9592 1
32779 16
16905 1
25199 4
58753 19
90089 16
32255 15
52361 9
89474 29
46771 8
83434 26
23726 27
92638 4
72168 10
85135 2
65200 4
28373 26
8525 19
33447 39
31268 29
85448 22
20568 6
32721 11
64760 37
81912 38
32953 35
59357 26
44763 5
24043 26
43863 36
6892 6
11887 6
51739 12
39674 33
79175 7
13070 19
14494 33
97114 5
98029 37
96084 34
35146 20
70943 11
19522 8
6800 7
71481 37
16937 30
31141 34
6467 1
29885 34
98630 2
77909 33
70171 14
38878 8
34322 16
11219 22
15690 9
28374 10
16689 19
62768 13
61580 36
70968 33
62219 31
44070 29
97877 27
55736 4
7840 0
23632 15
87729 3
15769 25
91879 29
28207 27
76501 21
45544 21
24813 7
19876 6
38421 15
27774 21
19860 32
86007 22
47765 38
5382 23
5089 6
18968 16
22039 23
18342 38
57096 35
57843 34
60922 35
14862 25
4417 19
49122 35
39085 15
49274 24
36665 37
59084 7
82756 10
40118 25
76215 31
68941 29
94361 3
37664 13
9601 34
30545 24
44387 16
606 12
48671 9
56233 15
20857 23
39280 39
71932 0
70437 32
52564 18
64945 25
35936 9
98257 1
42740 34
80971 12
37151 7
72036 39
31466 34
43716 23
1352 13
28494 11
39156 15
19682 11
17564 31
16031 38
70576 13
77157 26
58034 15
7298 11
90688 6
38049 30
96846 24
62018 0
90401 25
85699 10
745 3
14227 33
62923 11
58710 32
78615 39
63266 17
98867 33
38672 34
76926 17
77470 22
36405 13
46248 34
88019 17
76813 30
35124 24
20990 13
30860 32
99957 20
75797 8
63513 27
80806 34
24326 19
2146 9
87988 8
89121 17
72957 36
83265 37
35013 35
139 24
37271 22
48053 35
80080 30
56121 38
60429 17
62966 12
6785 7
37941 31
47764 16
27622 9
31019 33
16247 29
78556 0
47351 0
31231 19
40794 25
66544 6
15192 2
93455 22
41193 32
23963 22
32589 27
36618 20
77579 34
47044 9
37929 33
36350 36
49719 28
90519 5
55588 29
21936 27
94109 15
2690 11
91032 25
22070 25
92418 39
54830 12
2229 37
61450 14
70939 12
12153 17
2179 2
17112 32
93941 16
71040 22
19800 22
98846 1
47984 15
8018 11
61889 24
65190 38
80693 26
44772 21
13825 3
54212 0
74249 20
77143 19
70292 31
43017 20
4951 11
34466 34
20352 18
45418 27
48838 7
78167 12
48816 13
11018 10
6489 16
23072 2
14292 12
76237 16
66110 33
67179 23
48932 22
40818 26
89700 11
51068 8
57719 29
8988 11
7872 19
94676 25
28072 13
85388 39
45101 3
40733 3
13105 5
24737 22
53754 8
17755 10
86366 33
27669 11
77063 28
37474 11
70648 16
33611 34
78219 38
83482 29
84209 3
70711 17
70008 11
17731 38
11593 33
7213 9
57639 19
2785 25
6138 6
73809 27
17073 39
77592 11
16883 4
45062 38
15326 18
25716 18
43561 18
23380 15
97788 18
72040 9
92008 22
87731 8
13465 23
48143 21
8135 37
60705 10
14463 2
24318 27
67485 15
81127 25
14835 16
52141 27
83263 12
31974 12
17531 13
39186 19
2434 9
68 32
38818 8
40943 31
195 29
68262 33
69304 37
31810 9
15234 31
27815 6
20184 30
17837 15
30752 24
38578 22
42542 0
42643 7
34907 19
95328 8
5786 14
48070 25
91160 2
92419 17
53061 8
50245 12
17864 20
44988 31
82658 34
57978 34
41814 6
29737 23
26118 28
48774 23
46529 25
40575 23
34757 35
8398 25
68048 24
46792 5
35770 25
48487 31
68622 25
38452 23
51812 35
28489 3
55632 37
84894 37
1762 15
35758 13
69083 19
91082 29
40295 4
84197 25
80621 9
46570 9
68027 9
69996 31
42473 22
49766 32
17595 15
20986 36
67785 19
30885 26
25594 13
69123 7
53961 27
64047 39
88076 34
54293 26
46688 21
85041 18
1823 26
9484 16
25294 30
62560 14
42798 26
33365 38
42651 16
19782 25
47422 28
96893 27
19902 32
76406 37
90264 12
44294 5
87689 18
23105 19
48748 10
1679 7
88933 21
55179 10
36198 28
50563 11
19123 31
35474 30
11125 10
74711 32
70499 16
75826 25
58954 1
60028 14
86705 27
43960 0
80197 39
41627 5
73850 28
41261 13
91953 30
43145 39
18882 32
74972 22
80195 24
40025 2
51761 14
99175 10
65333 31
2187 23
38501 15
43298 35
53993 26
7145 32
64409 7
48466 3
44582 10
83422 31
65110 25
22446 29
64842 32
89846 6
40701 1
78964 31
51135 10
63691 10
53266 26
61214 2
71599 29
17083 26
9648 0
61225 30
23140 26
72310 26
76485 22
4602 10
47983 22
54162 8
89345 31
18654 19
22472 32
28591 25
21008 32
73784 31
68062 35
33451 19
40021 36
7280 3
38005 25
23424 2
19976 22
87824 9
88941 25
9663 14
75573 30
46180 31
92736 24
89985 10
60192 23
22946 24
93489 32
65081 27
89348 30
63893 22
58289 39
20810 38
18143 38
66047 28
58130 17
16140 10
75553 35
75753 38
33843 20
45206 39
35600 20
61846 24
19813 5
32116 35
11384 36
57683 17
29794 25
80787 0
21896 23
58527 4
34412 13
22433 3
29560 19
72765 4
93639 20
93508 39
10021 4
25691 13
68227 12
99651 8
76323 33
34203 29
96904 21
12792 29
48395 21
85171 28
71390 27
54767 34
51999 20
98554 2
39121 28
19106 8
23227 24
46144 19
535 5
88145 30
60569 18
46179 15
58075 36
76453 25
70988 33
59788 37
11545 38
57073 8
33761 7
68985 19
51402 33
92447 26
24186 16
43285 23
54722 37
97363 12
87291 23
14810 20
70488 0
30554 32
82204 15
14927 19
23189 26
92155 7
2888 13
50896 21
1987 16
31820 30
1081 23
83408 13
73479 6
35639 20
84396 37
21622 37
86437 20
27049 24
88329 29
57616 14
81318 30
29189 31
75481 4
88708 39
2227 3
96740 10
74891 36
11109 36
87611 16
11654 16
37618 27
65246 19
60124 36
4998 22
18524 8
92148 24
51390 11
3359 17
35755 5
71650 12
44039 33
36831 39
87464 6
75092 35
30974 13
84423 31
63604 24
35374 30
26826 23
17354 27
94797 22
82414 33
19630 3
99084 21
29738 24
55319 19
77823 15
41545 21
78927 10
58957 27
1432 13
86968 28
64928 36
62709 26
29435 11
90961 11
34050 31
25976 35
56584 18
59727 28
43268 30
29741 10
86777 14
51346 30
84519 6
92219 25
32818 30
26603 38
97503 2
38769 2
4371 32
77486 1
73027 9
8944 38
92603 6
98062 15
60099 25
27948 31
16433 31
76286 36
69013 5
52609 23
92672 15
72766 16
98257 23
58188 22
1395 28
82279 36
63409 21
82256 9
64665 4
63467 23
52363 30
95778 10
33864 14
48095 7
71493 29
37726 39
92213 3
20750 0
80721 18
12739 11
71624 6
46197 22
96677 22
81274 32
30439 16
14992 15
84653 31
1888 13
77250 37
20262 1
19025 1
74307 26
63487 30
81197 0
91080 26
19913 33
16344 27
58060 26
74508 28
94962 36
58625 10
45230 10
22939 1
26077 16
18608 5
20881 19
32902 23
64077 24
95998 32
85581 35
69285 14
23114 8
57671 32
90459 16
78412 35
32771 15
39473 39
78119 7
68702 1
83982 27
7562 3
48171 34
72457 25
56157 33
26544 0
88796 16
94173 25
82138 19
39566 11
71411 37
72036 28
55347 0
44035 38
25296 36
9105 37
84511 28
53519 4
46105 25
92793 34
7232 2
9151 39
40908 22
7019 4
51712 14
46219 26
61275 37
17272 1
53983 26
39742 18
40848 13
6771 33
60008 19
86209 13
99913 3
40798 14
1693 0
81739 39
38584 25
58916 36
71383 6
51717 26
95623 25
8884 29
15332 2
34557 29
9233 25
28315 12
74112 6
32385 23
98328 31
63089 0
84611 11
12277 9
42408 10
79751 32
21325 18
54882 32
28557 19
22814 26
64528 21
61162 25
61962 2
57439 34
66999 29
81614 21
36362 19
69182 24
34148 31
85564 16
52937 27
25448 0
36294 4
51445 37
79556 20
37212 39
75412 34
51090 32
1806 3
42963 23
9006 35
83864 28
73819 2
7236 14
935 14
20461 25
97529 10
47858 25
88874 22
6133 35
91617 20
22500 37
70031 19
36678 17
49068 19
90278 21
12737 39
60585 5
56478 20
98323 4
27428 9
61769 37
59312 28
94023 21
39121 31
48592 34
43964 18
95096 6
34439 11
51853 33
40382 20
298 11
19057 37
77971 23
28398 19
43114 35
26200 23
59431 8
6775 8
20219 26
11518 31
54039 2
22072 0
98760 26
32794 38
99468 3
80527 15
57945 7
39406 4
11741 29
11128 36
90489 8
24236 29
68548 0
74419 33
56980 3
86182 39
29992 24
63238 15
49773 30
94377 32
91830 27
82790 39
33068 39
40244 12
13959 14
46920 29
32109 10
93737 12
83543 38
13324 29
74653 25
23104 34
44784 9
81769 9
95426 9
18803 5
91439 32
37667 21
66558 21
1985 7
58265 25
73543 31
47322 33
77359 13
54456 33
56534 27
92026 8
62905 6
60672 9
9173 2
55686 38
78679 39
49298 28
51252 30
25996 25
26591 2
69875 23
86467 31
87495 25
67918 21
3667 10
35029 24
88337 9
63387 5
62659 8
45968 6
14986 28
24176 14
34374 1
8565 9
33246 34
19874 37
90155 34
87708 35
4484 18
63298 34
63824 38
83589 35
34274 20
59065 25
4739 29
31671 29
28129 9
88268 11
77654 24
57788 12
16562 3
4388 9
93681 38
83211 35
57141 7
72468 11
69003 35
32002 3
67516 3
66172 3
96023 28
38130 27
64834 26
77334 13
55713 27
90491 12
71594 7
78452 37
1890 22
88566 25
28657 37
6819 37
68288 13
56931 28
14628 26
80135 34
51934 35
35372 30
5545 30
8347 23
48762 0
20067 0
64348 12
92485 37
30148 35
34988 0
98433 23
55575 22
82962 17
59366 19
90688 4
56729 25
45418 20
80513 18
19372 7
74848 38
38390 16
51815 3
93980 22
46328 13
50612 25
14510 16
9824 27
14581 21
61322 29
87282 19
55900 8
37955 32
93883 29
34704 38
25921 5
73825 1
23833 16
10875 31
4591 24
58958 14
30968 11
40112 14
10105 29
98517 12
47259 0
12 35
73093 2
48116 34
94942 26
48053 10
78410 32
38188 15
27974 36
32488 2
4039 0
77728 30
14700 1
63126 15
27976 21
39798 0
35519 9
37784 23
86584 26
71867 8
39805 19
29183 10
30771 18
58309 26
19315 34
38440 10
13026 9
17872 38
7702 26
86721 26
95258 26
48976 24
67313 32
56423 23
19860 13
59432 2
89919 18
48993 30
70358 11
27425 4
58910 35
76124 10
86333 17
88883 38
86758 8
30295 4
72310 35
52348 26
11470 10
47031 22
80983 22
45744 21
3801 23
89399 20
39475 3
92747 31
4720 26
71347 17
24165 10
18753 13
90241 27
11005 6
42211 1
52467 6
2276 24
5750 23
55963 29
40808 12
43145 7
56949 21
75363 34
30717 23
83752 16
97308 4
57656 4
52622 34
71458 10
84000 30
56196 27
24355 9
61525 5
72408 36
66257 38
78041 2
58203 11
24230 5
65043 11
77066 3
74518 19
55244 9
16897 18
42744 37
58888 24
52179 39
4201 21
82231 15
64694 29
83729 23
67296 20
32779 5
49707 16
33322 39
81763 38
98064 18
91080 29
74705 4
77795 0
84212 13
74809 36
64746 0
57179 25
88280 10
30745 23
76590 4
9661 12
64192 19
629 21
32251 3
12772 34
27105 31
34692 21
96926 9
74963 16
4796 21
97362 19
1222 13
2998 14
38785 32
82598 19
77710 23
8316 12
20580 1
74689 38
66880 20
51714 24
83889 20
89785 17
81918 20
98568 13
3610 34
15678 21
17830 37
67470 39
53444 7
15830 21
7670 29
30862 10
96597 1
99097 6
20430 3
93610 3
43354 29
78410 12
60293 30
6804 14
78707 29
54117 38
95536 2
83990 7
86213 16
9684 18
34938 20
6354 24
78912 15
53948 19
91925 18
50897 31
39669 9
64837 28
81812 13
34767 2
55223 25
32177 13
51961 4
54733 1
20937 10
66587 5
18953 17
70899 36
84686 39
5615 4
2359 33
43939 1
91940 30
38827 9
94303 0
33579 30
25567 17
57899 7
43453 34
51550 34
75142 0
17122 3
75571 0
72505 36
47267 18
5619 23
2273 15
99164 34
31021 3
88417 31
3854 21
74010 13
44164 38
32506 4
75363 20
63457 10
75768 0
39794 1
2527 18
91878 37
6362 25
9021 4
66593 34
20272 37
73755 23
93408 5
57981 39
25220 15
44003 12
71309 20
26066 39
90316 7
93403 34
78144 4
12264 22
68648 35
92099 28
73662 13
84553 34
20368 33
9206 31
36504 30
39242 4
41598 2
70821 35
34881 20
40199 18
26890 13
82821 20
17536 33
76095 10
42656 15
62934 32
91042 18
79729 0
58179 23
57891 35
39777 34
98469 27
14213 31
14974 29
18003 12
22095 20
9966 16
62844 13
12378 17
77624 29
63809 32
50271 38
99403 9
63019 16
9246 32
66281 8
18086 35
26642 2
64478 4
13472 7
71062 12
99763 23
19764 6
2201 16
10646 25
24612 11
50856 14
35364 31
27308 26
37924 33
45406 20
42128 0
42585 18
95684 23
38363 10
31543 24
70926 32
81607 33
10234 20
5516 5
36269 10
21452 12
79560 2
33278 35
26525 24
98951 39
45841 39
58942 33
68013 24
26774 36
41615 30
48992 17
71604 28
99702 1
63182 16
10442 8
58405 27
4117 21
89187 14
2495 23
57505 6
71234 31
59157 33
73233 12
20212 9
75291 36
65695 22
51487 18
55588 30
51660 34
58000 20
88372 0
64791 31
61769 7
25531 15
94440 31
7092 35
41207 21
62921 13
31438 16
34349 31
30555 8
68681 30
35995 25
5734 0
61032 7
29312 22
73761 5
5360 35
93975 6
71679 39
54471 38
64348 28
94235 7
14372 18
59593 12
11704 24
33633 14
69176 11
82064 19
16080 5
76293 8
2535 6
33435 17
40467 9
67263 27
20732 23
77800 7
8444 2
59107 0
22220 10
62400 37
24347 11
68422 5
86412 5
14682 39
79053 12
26857 22
12897 35
64874 31
46378 27
22968 37
1662 10
20961 0
80612 35
42567 30
23899 21
33865 6
20500 1
66652 20
99555 14
57327 27
13790 2
19502 33
11396 9
84460 13
75131 13
28623 1
71277 18
53142 22
74367 0
68673 13
43461 18
25421 18
27677 7
96205 12
39404 31
6074 18
31839 11
42044 14
64404 0
71033 16
97988 29
48449 36
76887 24
20150 32
82165 16
10540 12
20993 32
9262 3
72550 8
22449 24
18192 8
39477 39
85219 7
72726 28
72788 36
8345 4
48405 20
64933 24
41889 31
64338 18
64818 37
44119 14
63649 29
80262 19
53811 0
18482 27
95379 28
49 11
46003 4
7696 2
77940 33
4763 25
86726 18
56294 30
22703 19
62903 18
55571 35
66772 22
81777 31
57759 3
41008 27
74270 14
47479 0
84878 28
22537 36
85220 3
11912 3
54330 8
43250 12
56252 25
80075 37
30505 34
55423 3
21011 7
51515 20
31840 32
23196 25
42430 9
99614 29
26360 10
34280 26
69491 3
83994 11
37725 24
3159 12
53979 34
53844 34
9699 6
10434 21
46501 19
72964 33
74947 35
56630 12
89516 24
70026 30
62544 10
68301 8
48748 12
80707 0
15229 8
88070 22
76423 3
90666 10
46439 4
15278 23
45320 24
73842 30
24038 13
97451 2
92908 39
95883 22
45804 25
63282 35
32556 17
30726 1
46254 17
72205 25
81046 33
54840 8
57545 33
80269 8
92145 16
63761 25
93167 26
40842 20
90114 37
51503 32
81968 33
86604 25
84616 24
90197 0
17810 20
95868 10
5279 24
10466 1
24162 7
12317 12
13959 7
23078 1
61741 18
51650 8
95263 11
36103 12
50130 30
44902 17
80634 30
14374 33
1942 34
27619 22
32578 29
36287 16
52907 25
70256 21
18033 13
22158 10
32804 23
56837 29
24202 10
47340 37
46010 24
67945 13
37752 20
16197 34
19353 31
87903 26
6757 12
90852 14
60982 6
76449 37
59907 2
63928 3
97452 11
12961 32
35773 5
5429 27
36749 3
69061 17
74549 28
407 11
79139 29
50614 36
93713 21
90117 8
61981 10
62816 9
41371 5
2235 22
77896 4
14964 14
98298 35
58126 30
72208 21
31846 35
29136 7
28418 6
87673 29
27355 31
8782 15
33359 18
41318 4
51874 4
25208 4
59894 37
71820 35
96335 19
63479 21
38134 0
14227 29
46747 28
51627 23
66651 34
7939 4
2903 32
21760 16
4435 34
93023 6
81893 27
60411 12
75720 12
99629 3
67855 23
81637 25
86785 10
80256 21
39473 5
44356 25
97818 34
15809 37
79074 13
5337 7
72736 6
27206 39
31073 16
7863 10
4482 38
59408 3
88956 7
56031 35
69334 7
63998 19
32573 38
96197 37
91830 30
99007 0
77087 10
87628 18
90981 36
28115 30
65658 18
83702 33
22872 21
86244 36
15011 31
1937 19
58563 5
71887 25
55785 0
41321 0
52833 37
25952 19
29542 12
20526 35
97636 22
93899 20
88794 0
24841 35
70281 8
28706 21
5532 31
96432 20
52573 14
84150 13
90560 12
68800 36
79314 13
71050 35
56763 28
82209 14
18413 38
43364 19
59136 19
24781 1
40237 15
43546 17
8347 25
17663 34
72794 32
77946 11
76543 18
78791 12
19176 21
53439 24
88164 12
52334 10
38276 1
8192 5
34646 16
63840 1
72500 30
75468 21
68151 16
8037 37
11175 22
75518 38
25522 15
41557 18
8458 29
91871 10
4970 24
66657 5
37132 5
7425 15
15612 1
20750 25
51878 35
93071 33
55688 15
56437 6
33861 20
41772 11
15591 0
59526 4
76439 22
91799 32
84049 36
70698 25
90096 17
87074 31
93259 5
18911 31
28696 18
1355 10
14138 15
20448 2
87571 13
47037 22
66232 4
59581 6
36691 26
33284 14
76715 36
24920 27
44276 20
54072 37
51705 27
92419 10
27967 30
94609 2
9035 35
39350 11
67248 33
57568 1
40028 26
42765 35
49754 21
30975 27
9815 20
64072 8
73424 29
74052 17
89142 3
241 38
28197 29
11154 10
55335 36
69897 11
84853 28
61340 24
29670 12
10297 25
1692 33
25752 7
38958 2
111 13
12595 5
18700 17
76950 18
17711 34
33774 2
2484 27
6407 30
10133 39
91378 23
36837 4
48468 20
31931 33
62168 33
33318 28
35478 12
11665 16
76101 29
70634 10
91585 23
84815 14
48016 4
99595 39
16751 5
67377 14
28035 16
94430 20
25413 36
57573 34
21320 13
63694 22
62496 22
50984 32
85030 32
47058 28
66994 29
57656 20
72546 5
95992 7
71783 4
61319 12
36222 30
96616 14
73147 13
29544 4
38667 0
40986 4
93935 14
79422 16
19866 17
52393 16
89477 27
78887 32
42947 25
5907 39
88159 0
46546 33
13443 18
41478 25
82230 12
27140 9
15130 8
68375 11
58330 24
78844 23
42185 24
18065 31
71160 32
93892 38
28138 29
11953 8
5137 11
81795 38
48517 29
7966 14
23873 2
52723 4
7632 27
7280 8
67474 15
25613 37
13043 33
22289 24
42246 26
3024 35
60377 25
44621 8
41641 23
63666 29
64376 7
4806 5
85832 15
50816 8
26506 38
71377 14
90752 35
39557 31
86398 2
43657 30
12325 27
39431 37
18976 17
38141 15
81410 37
69882 8
18530 5
82117 34
78935 19
10896 24
29002 23
58405 11
70968 20
70522 29
83315 0
7570 28
25857 9
45818 16
26632 21
64194 39
33410 12
13621 30
49895 17
59083 38
89538 34
45115 17
67600 36
45230 33
91851 2
63007 3
38989 7
36810 21
39267 12
60247 4
55211 34
70184 25
60000 23
47461 5
78426 22
59402 3
75274 39
88588 34
99994 14
27205 26
46400 6
42110 8
1269 29
28903 12
71228 33
25975 32
33815 11
39891 39
10085 22
76152 15
42612 20
9165 7
66093 12
51668 10
12767 27
55577 14
97669 15
37154 4
88789 13
80070 21
10719 5
8397 20
61547 25
47061 3
34550 39
30595 5
73995 22
74431 32
53669 29
23187 18
247 21
58726 37
78720 35
88662 20
53397 25
21319 15
40764 16
78108 35
81974 14
24943 32
67305 22
95964 19
87231 16
63364 16
83552 11
18390 12
56166 21
84436 8
98471 29
49103 14
89611 11
78089 2
32791 7
40769 21
17694 12
89480 33
20493 11
85447 16
26295 30
28889 12
53729 36
65697 11
83684 20
49669 4
75665 34
72202 2
13398 4
58243 0
85200 5
28809 34
97047 0
49620 6
57382 16
99917 17
56215 34
31258 17
60820 5
38810 30
60600 5
46859 17
54470 10
84757 6
75599 10
6391 6
35461 31
73616 32
14193 35
94642 36
38219 31
68563 8
34367 37
46260 18
12173 33
84184 8
33302 0
18525 27
65796 35
53388 8
4892 21
66175 18
12771 28
95738 18
49974 39
15770 15
23329 34
46848 31
75902 39
53979 6
35305 11
70639 9
96106 7
66378 18
25825 35
89351 26
32676 31
3289 2
45028 23
76090 1
89947 35
17386 22
20175 33
79459 21
2190 23
9991 23
50783 8
88683 5
34189 35
74146 3
52095 30
54697 36
80182 27
4571 28
94336 30
74787 6
97681 9
17870 19
35544 17
66394 24
67581 6
66045 12
10475 21
34583 8
11261 37
48100 21
63177 38
38386 21
96081 34
18595 11
12046 28
18264 8
14926 5
76393 13
91559 18
26344 16
16818 9
83739 10
80769 36
18882 11
24046 3
97092 0
56115 8
31966 15
2633 15
64935 20
99625 1
10808 38
54211 14
14874 8
42036 36
64598 3
80599 20
49682 8
98278 9
15027 29
9905 2
47157 25
69637 15
86141 36
11917 7
68173 27
12181 35
61911 7
21642 19
60266 14
34707 3
31814 23
27176 23
91136 2
61435 21
44891 29
83854 3
39521 21
6302 33
42433 3
88617 16
10723 19
87781 26
78361 17
29125 14
88048 16
88787 13
5826 24
25549 32
55460 16
58039 23
24242 1
19680 15
42713 33
77101 38
48243 1
16711 25
94964 26
24642 8
30648 16
19404 7
29261 10
48525 39
98244 25
94477 1
13522 36
66405 31
99611 2
95372 25
83619 37
2159 5
42465 5
20969 33
88776 24
90164 19
21220 34
49499 31
21837 35
57831 23
87056 27
94209 19
10970 36
38336 11
45813 8
16949 38
58723 3
95546 6
89613 5
39983 25
24881 26
77314 7
51237 8
32680 19
28635 12
86439 22
1376 4
15703 29
3020 1
95291 3
2904 5
15018 5
42166 20
67836 15
56836 29
45765 35
43232 26
72030 18
3140 36
46072 29
12662 0
88207 39
61782 6
10877 30
37279 15
58701 4
13660 13
10286 32
29996 28
11657 17
39049 4
19927 30
55248 28
40705 32
75644 28
73005 23
57301 16
41306 23
69590 19
26760 24
58849 36
34416 20
10788 5
79852 17
58919 4
24099 6
59584 37
16836 16
22800 18
42929 33
98814 38
83549 11
44532 1
49110 2
93968 3
7500 22
32717 2
60951 8
71068 14
86289 27
5770 15
58631 17
61865 19
92744 21
86575 12
2641 17
82918 37
14567 32
49491 2
80710 33
72094 8
25365 34
53977 31
57867 17
1539 14
653 39
58516 17
92301 16
8992 28
56205 9
93929 12
8201 26
2736 6
4038 26
12833 6
19628 18
7795 6
95477 20
53366 21
60432 4
64532 26
57493 24
95415 34
12662 27
6626 12
72873 10
81603 33
40334 8
44770 30
30184 31
95738 2
49375 7
37332 24
60727 2
16474 3
50283 5
5587 28
76549 38
74934 39
71009 2
17982 32
70954 29
28897 15
66220 15
90857 21
99281 22
62519 18
65219 37
58882 4
86104 33
7042 15
83217 24
65992 25
11682 21
25498 5
91987 22
84331 2
91646 4
72924 3
9166 22
78633 28
36633 16
46968 36
86252 33
5859 2
35146 36
59153 5
70489 13
70122 16
32265 35
37111 21
42631 19
3258 2
63769 0
54512 7
66287 12
30829 16
64438 1
72107 38
91363 8
47325 4
7153 1
31674 7
84230 8
42047 3
85795 39
82000 9
81206 32
25402 11
81502 34
34119 19
19871 23
94178 30
97145 38
85354 24
27478 31
43638 8
9212 21
44289 9
6684 16
98960 24
88080 6
45158 23
26043 20
64957 32
43006 35
66576 28
92202 14
47938 16
31982 17
92120 20
87355 38
74994 26
11064 24
56848 18
35070 28
95782 6
61082 26
61485 32
67826 37
15750 35
1777 13
99039 30
44509 26
81897 1
19826 15
39042 21
69420 25
7372 30
6761 13
16361 29
4413 5
3671 27
62185 7
82788 10
38127 24
41505 3
13638 35
48092 20
9469 3
74721 14
9598 5
2824 23
11591 1
25576 8
66209 31
43736 0
22611 35
61407 12
33426 31
68747 28
18831 7
85173 6
313 15
32762 8
80410 23
59563 13
8874 6
33739 13
52908 0
7526 23
66196 36
67279 4
41773 36
49369 6
91423 25
57340 19
28308 2
15439 2
95774 31
73966 31
27589 33
27550 17
25569 8
85710 16
74317 14
31037 15
56076 7
55769 33
68750 18
41572 23
40931 4
18374 7
56578 7
68853 18
53202 39
55310 4
94491 27
77715 16
28731 39
85752 4
35862 31
784 10
91841 24
49587 22
38311 8
73142 39
87155 36
58458 23
58367 0
90914 14
14529 12
46543 11
79625 27
1436 29
47620 18
93095 9
67165 22
80831 9
6214 21
46665 2
38741 29
88696 39
75885 32
13567 16
5439 0
88731 24
87562 12
56122 3
35822 26
7554 18
65528 18
12663 20
87562 37
28897 13
28806 36
36335 18
44039 10
48066 6
84607 9
93040 15
39088 12
95040 12
80021 27
11989 6
8975 26
78430 7
8256 8
9028 21
70738 4
99223 7
40551 38
87111 4
26336 39
19180 13
71438 4
29732 36
14344 30
38950 20
72372 2
83833 22
66159 0
76673 5
96091 7
49341 36
21778 0
66601 38
5004 8
43432 16
24817 3
17271 33
465 6
29508 20
20632 32
47473 35
5722 26
29694 35
19239 30
88175 26
67655 34
91457 18
54735 22
27444 34
44443 5
16843 14
23022 14
99436 33
40079 4
26832 18
62675 7
47437 14
59192 30
87138 36
22954 29
98097 9
90564 12
16745 13
95438 11
94022 32
49477 31
88153 35
15932 23
55362 16
10837 4
12571 35
52014 9
82152 19
53385 18
84828 30
84077 6
32375 29
70524 36
2778 17
4873 16
2306 18
69817 34
83416 10
30416 7
17277 36
81805 9
21771 24
32862 5
64085 20
47388 24
26012 7
16904 6
44423 23
38300 35
33379 37
41475 18
40720 2
18465 4
47726 29
27054 13
96445 38
87829 24
68149 28
49110 20
84169 31
12588 20
87126 21
38956 32
9697 26
68221 7
36017 1
28133 21
28384 12
84240 8
40441 14
34701 1
37852 27
35048 8
32739 14
21305 15
47902 11
64620 31
76987 17
13988 14
7463 30
20289 32
51150 25
28947 22
72989 7
98132 11
26665 17
84496 33
45369 14
3569 28
58586 11
15735 9
4489 26
6755 0
97300 4
66447 21
9604 36
68354 11
47498 0
73109 34
75351 14
90336 35
48549 18
37401 35
40699 0
17083 36
11865 1
90699 24
42695 10
17042 25
12966 24
32433 7
23029 8
96803 12
99933 14
94665 5
95775 15
9381 12
12460 24
23928 20
5223 8
41939 8
29747 19
98284 14
67044 33
7899 10
30501 5
84831 13
97013 21
72025 20
35657 29
30820 23
54041 10
92537 30
22614 19
25527 30
84367 10
95529 30
51285 4
90613 26
86875 9
44992 30
80616 19
77648 39
74154 17
62451 7
44388 17
78415 36
53318 22
42551 24
7792 17
18870 10
83208 12
85189 4
58566 7
36820 22
77954 37
45318 2
93220 28
51255 17
54471 28
83419 36
13277 18
44034 26
71832 31
19033 2
33446 37
15782 23
95941 20
17666 29
69085 9
26594 2
69129 36
60432 0
85809 25
69993 11
51260 35
82592 1
9871 25
84832 28
90381 30
71534 32
85435 3
81235 9
24064 6
96611 18
63990 34
95092 32
68462 3
28439 30
15315 6
72990 17
32407 25
29710 16
67229 38
73673 24
80929 19
6057 4
83903 33
13384 2
21477 30
71544 16
12252 26
69241 24
52313 32
59769 19
83175 30
2744 6
16895 28
12482 7
39710 33
19641 22
86761 5
43425 37
82218 0
33744 7
55219 17
64115 26
86588 32
20561 26
99945 22
48187 12
70379 20
97344 6
78557 20
57270 26
50636 24
71467 16
11222 16
56322 2
18596 29
14101 12
42752 37
67566 5
59461 11
52351 38
23922 25
6402 33
43615 22
83108 12
13451 28
27953 5
9577 1
91481 10
38896 23
58102 1
22500 24
96373 38
24843 20
94251 19
63423 6
5844 3
14072 17
22635 8
20992 39
8582 17
89216 12
79112 11
67642 1
72783 13
88078 24
50421 13
84448 22
6523 11
27201 9
58627 36
43345 38
60963 5
89192 30
26181 13
30723 36
64591 30
2807 20
19580 9
46512 21
14675 6
26880 25
1711 30
37976 15
88310 11
73441 15
77328 26
61557 19
30697 11
14770 25
13482 21
65374 24
12374 20
38527 35
60157 19
94799 38
86206 4
51547 12
9001 20
1255 3
82178 34
38420 8
3473 22
56356 14
39656 39
44760 33
16974 38
19952 28
26407 30
52388 3
67608 21
62772 38
30359 12
40783 37
1290 18
12340 31
39131 13
66289 24
61147 22
84968 26
23546 31
9474 26
33796 8
45247 14
98254 28
91098 12
19540 3
39459 14
42528 26
96939 8
35854 1
19690 26
52225 9
47239 28
94635 32
6995 7
69771 29
33120 31
64237 7
60103 33
30579 3
98223 18
64333 25
38212 27
4880 13
19129 19
91046 28
63180 34
55681 21
31885 8
81308 29
97702 7
36554 22
16644 8
83608 13
72913 9
59121 35
16594 12
78463 15
30724 9
41569 31
35507 35
39173 7
75158 23
6842 22
77781 31
45511 19
61446 18
58015 15
20687 22
72689 20
29841 8
97775 8
21069 11
10389 9
31704 20
78935 25
5731 39
19497 1
16780 31
21501 2
94730 24
85953 14
86565 21
99342 15
23058 6
79756 14
76085 20
54756 20
78482 30
3168 3
92062 23
33318 9
75620 9
53801 9
78995 5
31717 11
46231 3
63616 38
62150 36
82468 2
41846 14
94987 5
75642 21
41117 2
5197 1
52309 30
68100 30
81235 33
37844 36
97168 20
38357 34
10089 22
59614 6
28962 20
46471 0
95931 13
57889 18
81308 27
3223 5
44631 35
55796 6
36983 24
88865 38
9853 39
96610 13
12478 19
59611 19
86213 39
12062 19
11887 24
700 9
39940 15
84074 4
80493 27
97949 16
73464 21
28574 1
70644 35
43697 39
1051 19
58678 14
13267 13
30552 19
81519 9
58261 35
23758 14
33484 39
92608 9
48769 9
60991 37
91944 35
14762 21
78829 1
42979 31
36914 17
77225 19
53258 39
9849 25
85548 16
37725 35
800 36
45034 14
81867 6
19739 33
71905 3
96883 31
67614 29
76859 11
24923 15
67582 26
81719 16
12232 8
43390 11
27382 39
95748 9
85970 38
45991 16
13962 6
95509 10
73973 10
59544 12
39486 14
65505 37
22520 9
34834 11
25396 13
95097 22
53612 20
99885 22
84386 30
50863 28
71102 5
38212 15
97577 0
6581 21
94763 17
12181 32
89499 31
99238 4
31828 22
60127 11
38805 11
29660 14
58664 17
5705 12
86806 14
40329 2
30984 33
43665 3
79581 37
23 19
73952 20
82776 11
22235 3
22310 22
54294 22
91698 34
33790 20
46629 16
95001 35
60215 22
7223 25
42962 37
78775 20
5299 22
12795 28
49768 24
35206 21
76805 15
33380 19
87076 19
2743 23
92307 7
69030 38
74755 36
53299 37
69093 5
60133 28
70908 14
59675 29
97275 1
46740 32
484 16
39278 8
94293 16
26983 38
73493 16
23591 14
99566 28
41171 4
53087 25
11784 28
92063 28
99396 10
81060 20
29708 10
31022 17
52317 27
63630 5
25049 18
96294 19
99545 1
98568 6
33463 11
82105 23
91087 21
3582 15
61664 25
76732 26
3440 7
45972 7
44801 15
9055 38
81501 26
58572 4
19228 38
3228 0
48199 0
68157 1
34988 13
7062 20
82663 0
87757 27
68800 32
667 8
71923 23
6514 25
96274 31
15139 36
67263 23
26187 14
6987 19
90558 23
9519 35
32083 27
6391 38
13976 12
67419 33
79845 5
55110 28
48889 32
71006 34
79803 4
7704 32
49748 19
10252 30
70756 38
95974 28
90085 23
38395 3
53729 39
96328 17
96175 14
45130 6
4353 25
46431 15
47592 18
54177 29
43998 6
25180 35
79918 29
46234 26
98371 26
63874 16
47051 33
61838 0
79515 0
10295 29
85006 0
76971 7
56797 5
26001 19
58906 5
7518 30
49819 2
55641 0
85021 15
67403 22
76213 37
84797 34
34138 24
2004 24
51306 34
30822 20
8474 8
93363 30
16133 5
499 4
27837 30
88230 7
64126 22
69206 27
24215 27
94152 1
88609 6
19648 29
62910 16
87158 38
25031 4
2683 2
36461 14
29363 38
80211 22
66226 2
64411 29
41521 37
44377 24
89047 33
41061 39
85244 16
43699 26
96114 18
45597 10
96806 26
45619 23
97361 9
22020 6
1138 29
74947 9
99451 18
2888 31
78929 23
93499 24
2998 27
75434 16
42013 39
72823 2
34855 5
28592 1
12368 31
96049 14
51541 0
47895 37
60796 7
78741 18
78947 8
4708 0
93979 29
81633 28
48403 18
7478 12
61923 35
39361 4
54223 25
93315 36
69569 8
94897 7
72260 13
91223 10
31625 26
70161 6
56897 27
45433 35
29381 3
86372 31
44789 1
36698 6
49387 18
17724 17
40966 21
22914 29
84037 11
44961 23
30661 7
45745 10
8171 29
80746 7
93768 32
12541 30
61524 23
74434 13
95092 25
52232 38
13683 32
40779 0
3571 35
3739 29
78664 9
55899 37
57657 31
91072 38
56514 32
32440 32
55428 29
38021 1
74995 2
8341 11
41447 9
62802 9
54523 11
9086 28
23701 32
11117 4
92878 5
87406 19
71350 16
85073 4
88972 25
71853 35
21854 8
68571 30
1805 23
84001 17
83496 21
15610 21
45577 24
47648 9
59172 25
3090 16
87480 12
28835 15
3739 26
42295 27
49019 26
45424 32
97145 6
36179 4
82151 30
14148 3
64310 12
81935 10
10021 26
73838 23
11978 9
98356 33
73464 35
32771 18
10570 29
4147 21
60382 25
90969 2
37172 4
61314 6
8854 34
44960 22
53530 24
48695 3
48111 37
70726 36
93260 12
78487 14
71585 9
67001 38
18735 26
80841 33
60066 14
56474 37
13557 33
74021 13
16982 32
88985 26
94513 29
55476 36
44638 32
76675 6
50437 26
15879 22
4014 16
41798 26
16091 30
56547 29
19031 20
26920 34
97315 6
23493 34
23025 8
72156 0
20600 20
24617 37
15481 3
16653 3
15012 25
41169 15
48913 19
18564 31
55825 2
15449 2
7473 22
61888 16
8865 34
71476 2
25493 2
95610 27
99607 22
60082 18
42045 33
89538 23
42845 2
19005 27
28786 25
6453 25
1713 33
95449 37
66243 23
28211 6
96704 10
85653 36
78774 15
43770 11
61981 10
46813 23
25294 7
47850 10
78593 30
4146 35
34371 31
31173 28
79813 20
22184 28
6692 13
65517 33
41513 15
26241 38
68934 17
29187 20
57896 20
44858 14
14505 24
47831 25
6104 36
58372 36
20175 9
24025 28
46947 1
72975 0
15086 13
40822 28
27984 31
71971 5
12454 26
90863 6
34401 4
92507 35
70064 11
57676 1
94303 24
27380 32
82026 1
63717 25
76505 35
24600 3
34075 14
2965 22
45334 22
33545 30
96636 15
6729 23
25758 8
25803 38
29873 12
66804 25
86432 26
63069 3
57512 25
46434 3
76159 37
20509 5
81869 14
91970 34
19931 6
2843 37
26116 22
86084 16
70147 19
73022 1
7171 31
37064 12
41065 11
20258 15
15057 22
10463 30
80388 12
74091 27
33146 7
56695 25
6041 23
79896 29
16737 8
63763 38
51946 5
31668 35
21086 1
13543 38
78116 4
52418 21
6373 10
50360 34
45882 1
17276 37
88515 20
13399 3
27639 23
58325 2
81208 24
54446 17
59766 36
43893 23
34010 19
56562 33
72639 30
42325 9
94335 2
92273 23
32786 15
50069 14
85286 4
85300 31
90040 4
14193 4
83214 1
53607 22
65804 23
42992 19
69107 9
62153 8
73993 32
65221 24
50417 35
53723 17
43597 38
569 12
66962 25
93345 18
94340 11
64448 26
175 22
96634 24
73698 15
20024 31
74166 28
20225 10
80171 36
85017 10
33181 8
35401 26
66707 15
95866 25
65074 28
28207 22
17071 7
12263 4
89710 21
83046 23
19083 11
51204 15
41088 39
10198 19
70892 32
59007 25
9927 1
79530 13
85582 22
77303 34
36105 0
55003 15
91489 2
88286 11
53891 11
43781 36
86752 21
52280 21
4489 38
38480 0
54088 1
1251 16
72597 16
90431 12
88121 21
12212 13
96772 10
89404 18
10045 34
22037 23
25920 13
36886 3
799 38
65764 39
86464 21
87094 15
83429 20
99224 32
49641 16
40734 3
66246 3
3104 23
72782 2
6545 7
25100 1
20363 23
81230 17
1663 29
84817 13
54235 37
7204 12
21587 8
2692 21
85760 22
24194 4
97730 36
93390 24
19783 6
14501 10
12846 31
61448 1
85574 23
83907 6
90377 11
70754 39
57077 5
14328 8
6856 28
47473 3
97390 2
35553 18
63554 33
31661 4
47758 4
74117 19
75457 27
98711 30
257 27
83059 4
30592 27
19967 4
61330 24
99141 31
74189 37
27093 10
11133 29
61063 15
52699 9
79001 4
46425 0
21008 3
38089 21
85970 15
24864 12
12015 22
7165 13
54672 23
77407 5
75860 21
70999 22
94162 4
27982 20
37062 5
43708 1
19068 35
81571 27
1853 9
54117 7
64860 12
92008 37
87509 12
95970 25
32283 35
89686 2
35342 10
82806 0
90402 6
53170 14
55385 2
47007 31
45918 28
51160 5
66064 31
89600 3
15323 21
58872 12
12046 32
4231 11
89650 7
72919 13
5451 7
90511 8
28405 21
10180 34
13817 32
60435 1
65450 20
14681 22
82820 3
59400 24
57098 31
92148 18
6954 0
83106 17
42731 3
98156 28
68025 17
80393 15
42605 6
16414 27
70385 31
55112 33
36278 19
14724 17
93749 34
8728 6
95423 30
2597 3
92482 10
23778 11
68746 33
19407 11
50536 28
19294 21
5211 28
91949 21
69600 14
11818 23
84830 18
54452 27
46329 9
40913 10
29142 23
54242 26
38216 24
93860 17
58565 4
43302 32
22438 10
4574 12
24060 27
71836 23
26366 28
29050 9
10356 5
2109 16
94493 7
1629 1
97590 28
86156 8
28393 17
29570 33
80051 33
28388 5
7262 15
9908 4
43343 30
7883 35
20836 31
5290 1
30865 4
81854 17
91075 16
59362 28
33150 2
62316 18
7598 33
72963 32
355 9
46950 17
50421 22
12268 12
45251 8
80705 15
31524 19
70398 9
33353 0
56335 28
29780 24
99517 9
47402 23
6062 18
67961 5
58334 34
53010 14
20484 4
91840 38
39457 9
26799 1
35154 17
51283 28
19356 37
88449 38
31920 18
96818 28
51830 4
3280 18
92512 27
41866 0
72656 23
99006 38
52436 12
44708 4
6796 3
67578 29
39083 28
53403 20
3384 0
61124 1
77764 39
10086 22
56823 9
75927 7
92119 10
68280 1
60653 34
66718 33
37112 21
2502 18
37824 35
94704 4
51023 1
5765 13
47822 21
80518 38
97207 20
23157 31
20120 24
81376 1
94613 21
49536 39
75174 11
13190 13
27511 20
97269 0
98924 13
15775 20
52783 16
84040 27
46342 26
26651 32
16883 25
70295 25
94359 0
75275 22
22527 17
84624 34
25020 30
41451 39
9451 14
38191 36
93885 36
36407 35
69139 7
73040 7
93615 26
93643 23
61316 30
17900 37
21148 19
68443 34
30428 7
11459 15
72892 5
94611 5
27503 13
58591 39
12241 16
9389 6
1610 28
16072 3
67992 24
24201 3
11811 39
5631 15
24370 15
19149 33
6656 33
10463 2
53580 15
27841 19
77197 10
15352 19
77861 27
27134 18
95479 9
18324 15
90409 11
79240 0
96007 24
75999 29
38693 31
77175 3
39271 37
70133 38
84100 25
10758 33
50666 32
96868 22
13278 13
16274 26
52866 6
60638 23
65412 17
85394 4
71182 7
10451 22
96816 8
73514 12
69266 14
23048 6
71655 37
92624 32
30769 4
14085 1
15112 20
87783 24
6273 27
97070 23
69767 0
60832 36
40210 10
69270 39
87216 12
84581 22
45994 19
60565 12
49292 9
72768 22
47284 8
71364 9
39342 5
18304 16
27857 26
37116 5
55907 29
6995 37
82845 11
12781 15
68824 37
24887 35
55426 5
4857 32
70618 38
55665 37
93593 13
40105 2
43532 34
11477 18
28889 11
39263 4
57526 13
2535 28
76468 5
16694 27
6650 27
61662 22
1969 15
38757 5
21290 3
52374 15
23252 11
1286 35
13768 8
98369 16
68627 16
40589 15
51067 12
47960 22
61713 5
4290 15
3278 14
40636 16
52937 18
56450 10
89209 11
41620 31
63680 19
5929 28
71719 2
40505 18
50226 39
30330 17
60176 3
55636 1
24510 0
48849 19
45956 26
25989 34
25585 34
22105 0
55160 15
42547 9
35947 5
66642 15
46498 26
20771 0
78413 16
13457 2
55218 12
15245 17
72724 21
18372 15
80166 14
14610 30
35955 21
10353 32
27166 20
19077 23
10439 30
89988 22
13187 3
90357 23
25720 37
70324 12
33320 0
34643 31
93802 33
5960 0
53853 26
60436 4
44103 31
2925 34
84163 4
4418 26
79791 1
38939 10
71484 12
49649 3
83982 21
81734 29
71092 12
40889 12
14572 19
46534 11
80300 12
58503 35
92687 4
6092 4
93825 24
90493 6
347 1
97663 0
38753 38
84637 30
66370 0
84791 0
48032 18
90084 38
79712 6
25308 18
48223 39
90204 37
8981 39
45780 16
58249 32
94433 33
97747 9
85580 1
67238 14
84319 23
23601 0
57293 38
7689 0
54448 5
11807 11
90480 28
11736 5
75790 17
35184 5
54806 10
11693 0
30953 1
81377 30
69417 12
82212 15
17391 25
83368 27
22226 17
3474 38
5317 26
23778 34
85182 23
99417 10
55914 20
90724 26
15054 24
56000 33
50035 25
28855 19
40745 20
48781 16
70147 11
63999 32
98530 25
81687 33
60676 14
23408 37
61585 24
39628 4
45582 38
96960 28
84327 6
7018 35
21335 1
67069 34
41382 3
91346 2
66143 13
75016 18
42447 2
10113 24
24535 23
7659 4
85291 14
97909 38
25009 38
88631 14
61115 39
32346 37
1418 21
96248 37
77643 9
49487 27
28522 4
86913 20
24070 31
77164 23
72174 0
95687 15
30201 25
57357 3
9888 18
465 30
61127 35
61412 3
92690 16
70775 7
82019 20
48387 4
22029 34
95450 31
60294 9
18865 0
6357 33
96350 15
49814 39
70396 17
24528 35
78804 18
72414 11
16723 30
3124 23
55649 21
84784 25
81299 30
77569 6
12556 26
77931 26
7279 2
2610 21
10191 21
81706 15
90005 2
66022 7
99548 4
18666 35
48489 10
37108 15
81123 31
296 22
57553 2
12709 36
26105 26
31249 26
45480 32
11084 7
61559 35
49757 39
48648 30
79405 23
8694 7
90376 13
15860 17
40959 16
79488 11
51185 22
74725 35
10472 26
57122 16
59357 20
17988 29
49396 30
57380 6
71259 0
68060 17
4095 28
16868 31
31428 28
31323 32
60629 37
48068 29
66419 6
28198 27
82566 21
66251 28
85020 10
48217 15
38825 7
82812 33
68798 8
68496 6
68360 32
85374 7
18651 39
98478 11
31019 34
38229 2
79441 5
81387 38
45789 14
20211 39
65931 9
18511 31
15702 14
87628 18
23423 25
38715 12
58879 39
28051 21
45546 14
2063 25
9191 0
6977 5
16880 13
65091 15
53293 11
83465 38
61993 7
42326 20
36207 37
73364 37
15558 4
10485 6
42969 27
43981 28
46053 15
50405 28
49310 33
9485 34
74581 21
3865 33
87273 34
47396 33
70222 36
20984 38
56542 31
15979 13
79864 26
14187 39
30316 14
95806 6
68180 37
82563 19
99430 31
6991 23
87527 26
59358 32
56810 25
55364 4
86599 2
61342 10
76001 25
41127 21
41513 32
84119 14
27253 23
8058 0
8791 25
31774 11
53049 25
46698 7
63486 17
44448 24
91290 0
93827 29
78824 6
41471 26
19029 7
30851 20
81609 3
49144 12
13771 11
3942 10
66585 36
59335 36
55525 1
54541 27
72826 35
51098 39
73631 20
56934 29
55634 34
85911 39
12222 6
45672 12
64628 15
55620 26
6308 11
604 27
63918 27
28378 1
37767 14
78190 15
43391 26
46003 29
16522 28
90244 26
6381 2
90069 39
21008 18
42016 26
41222 5
18979 36
82240 34
27656 19
61565 14
63715 33
49977 24
66022 29
75079 16
2966 8
35349 10
97293 16
46896 29
38803 39
26923 2
49146 3
36142 34
99200 9
5591 29
13159 12
72718 21
90169 33
23188 34
83725 5
74917 27
99888 22
70677 0
36618 6
21935 19
55757 6
92294 17
89661 25
21957 11
97453 33
24597 31
44369 16
81278 25
34907 25
43167 20
49003 12
86365 1
39379 10
3873 21
55779 36
86528 20
45385 7
33787 18
30747 37
13223 0
79292 1
69142 5
84561 17
5962 4
53221 9
31640 13
2466 34
10871 26
60485 20
83826 10
34421 12
77756 10
27768 21
41795 8
97422 34
67896 9
52615 31
63783 19
53131 7
44787 17
54207 13
73969 33
84343 9
41701 28
59022 25
46779 12
19420 18
68370 14
9169 36
23893 35
18387 34
81775 24
43801 23
57795 21
4847 19
20321 5
60998 19
16588 30
66928 26
28570 7
97281 27
864 3
1762 3
21132 14
81373 10
25831 30
89603 24
50047 26
5302 15
20375 27
39688 11
22012 16
87178 26
32995 2
86531 3
1418 26
11552 9
54811 12
81447 6
2538 14
34713 17
64596 19
13448 17
2505 11
97768 14
29374 16
33136 16
75082 11
87549 1
46122 27
96504 10
43234 7
94002 25
13669 33
74339 1
39143 23
3854 0
93567 27
94613 27
93150 26
38283 33
65653 23
17302 14
46076 2
39418 3
10833 10
93932 20
36028 35
20958 38
32995 32
84262 36
32649 26
58805 35
94150 3
36962 23
88615 1
98368 29
21953 0
79287 39
87927 11
53258 36
61871 11
47544 27
31743 13
44634 39
1553 15
43556 7
22041 23
16174 13
31072 8
37551 13
87638 26
54051 22
78681 19
32440 0
14781 14
45033 3
90528 20
27857 33
69029 31
43793 12
81083 31
50949 38
57761 15
48672 14
95699 0
70162 34
81819 26
3207 19
69764 14
29112 37
852 32
67829 5
89821 25
98930 28
42405 22
15083 4
78362 2
46729 2
93260 17
9458 3
34587 8
42991 32
17279 36
83330 37
73054 8
69239 33
34452 19
8712 37
7123 5
48622 18
60530 4
31192 14
50504 37
42456 15
53396 22
66352 18
91364 21
56697 21
85783 11
7478 10
8734 31
19960 9
26623 26
27541 12
98093 39
31546 3
7353 1
39994 24
36446 27
70758 15
7342 39
78527 9
76513 26
7889 0
20925 33
72792 7
41181 31
94722 21
43659 14
32754 17
11245 0
97260 22
71201 36
98387 4
44694 31
67090 12
13026 13
68078 15
86615 13
94722 37
33660 12
24113 33
75410 27
62221 3
39943 0
47721 5
748 5
53419 39
87499 36
11671 1
62854 34
97225 28
69855 7
4721 8
81216 30
25728 27
47313 20
67993 31
65782 2
90959 9
72145 27
29717 32
98464 36
36248 22
65910 23
2553 14
19224 38
90317 13
97108 33
19337 29
74083 20
76030 0
99469 25
14920 22
41156 32
23877 32
44396 13
63089 10
52435 18
75250 26
2208 12
48631 28
37840 6
60597 2
38649 6
51998 21
28399 7
93192 1
48117 31
45701 21
33262 8
92680 7
2496 34
33550 10
40843 14
76765 34
10744 39
68874 4
13221 32
75546 0
21049 23
60703 38
43715 21
69306 9
30919 37
60328 38
46075 11
25724 8
71526 30
40312 7
75015 38
12076 12
22 34
72080 21
57061 20
16072 25
92064 32
90810 27
48729 3
12036 18
8589 9
94951 4
67239 26
82459 36
22572 3
57088 32
20709 27
41445 10
36606 35
78600 12
97152 22
52103 6
22386 32
42884 22
55173 13
53915 1
26746 39
61212 36
98770 15
22113 17
19458 36
770 23
96354 28
507 37
3815 6
66849 28
55546 39
91697 31
49723 39
25285 21
29406 34
84649 22
3923 36
88351 7
30605 35
76641 39
10031 16
62852 21
95197 38
49346 37
94726 27
73225 7
85572 13
96273 19
87331 21
8474 38
78739 18
68193 34
39894 32
4997 6
40364 26
60899 28
27216 37
30255 32
47879 29
12313 12
87743 36
90879 7
45669 33
72728 18
67958 24
92095 36
20375 38
15546 29
65624 0
3881 13
61939 13
69763 8
85752 6
7825 11
87998 31
49087 20
29586 9
40416 13
39547 31
37858 30
92821 20
49570 4
82977 11
32410 31
69296 18
52573 29
43969 24
77560 10
17219 0
48185 7
68647 22
30087 31
65997 37
54255 29
84514 10
65437 21
12386 0
62087 4
14705 28
13865 4
28143 15
54442 23
6604 15
57708 9
9269 34
12772 10
2570 2
96818 38
72225 18
98412 24
9720 21
15552 5
96240 26
90156 22
61295 16
72180 27
12042 8
62735 17
46970 13
29079 20
60907 7
30214 4
29050 36
71978 11
8060 9
25941 7
46199 21
28439 2
78495 26
87363 1
98432 7
34424 2
60455 24
15077 12
4389 14
58164 26
91156 31
28695 25
33499 1
6399 2
33487 35
77932 34
47930 19
4509 23
67572 5
21843 6
32304 0
31501 32
83870 15
83422 29
91505 35
92495 22
97726 24
50334 22
94418 27
17936 15
29507 35
64179 36
2840 23
21913 31
59616 0
22564 15
71035 15
18891 11
12043 38
63884 8
26785 4
76201 32
42835 10
25882 31
40572 13
6569 3
60990 7
61352 32
97045 5
13472 35
75833 32
23412 34
5040 3
24584 3
16583 28
55144 17
80610 0
83140 37
79944 22
71588 8
46973 35
23534 21
11559 3
35402 30
73056 3
94713 26
37160 32
71510 28
55721 12
6500 30
13427 29
54367 16
62732 10
98534 38
3517 4
53771 25
64154 14
3560 25
30454 0
72228 36
85463 26
84414 4
20272 19
34855 27
19541 5
51985 7
67785 22
88032 23
80716 23
52755 12
62546 0
45890 24
17410 0
1627 30
98363 7
64040 15
22557 1
68228 22
74982 29
38707 38
73375 23
90778 7
10297 2
58172 25
76126 8
89384 4
43514 30
49373 4
93863 0
84231 2
92103 17
46205 28
2099 23
58870 22
90337 24
19907 28
91870 39
6341 22
23423 29
1726 37
92456 1
97948 0
10513 25
168 26
20731 15
2760 0
87791 16
81604 23
74815 13
39666 25
81774 6
73770 15
82399 15
15862 18
67994 18
59401 14
75279 35
59450 5
45711 18
32524 30
60985 24
56682 2
12505 25
26005 38
9935 22
20458 34
28515 13
12670 27
1355 10
64891 21
80498 25
23408 34
85328 26
954 35
37517 15
98717 8
31475 27
15367 11
35116 29
69878 24
88660 14
90919 1
18997 15
747 0
38059 15
33765 6
50809 7
59329 7
78220 38
87457 22
39807 32
78923 3
20542 24
22600 8
97267 33
32650 16
32731 13
55439 7
64411 30
10975 13
96105 20
51261 7
41498 29
84811 6
10436 39
8401 20
14685 15
44038 14
91734 18
41465 23
69419 19
2065 37
16301 1
90508 10
99669 29
46622 4
62430 34
42456 8
61170 35
96029 31
37641 8
75319 35
89573 16
41746 16
50412 23
17476 23
2626 12
45742 19
471 33
38024 31
10636 29
39013 6
52204 28
54955 37
61362 25
19458 30
89059 25
94861 10
72453 25
35872 25
29064 25
87988 4
61995 34
9927 29
5539 11
30613 14
7919 12
66386 24
99847 15
40896 34
94653 20
17774 5
13137 20
24237 19
59098 26
81964 6
48588 2
288 25
90161 38
47053 15
36218 12
11258 28
82116 15
84995 37
6911 23
43097 13
22625 23
28630 9
29269 39
27015 25
64662 4
35560 4
31559 27
55166 8
51717 4
94664 38
21563 26
58053 14
66138 21
51309 0
12868 19
76181 27
14219 15
36752 34
33069 22
53484 17
38331 35
35095 36
6699 36
24349 17
78193 23
46039 7
10767 35
64209 30
65047 24
88915 12
31785 31
15821 3
64670 24
51326 12
38853 31
4301 6
89307 11
78166 39
14446 6
94176 23
56182 4
1534 28
49626 32
64085 2
56114 31
8030 24
85268 21
60369 14
87959 20
32242 32
26722 24
47771 29
55526 10
1290 30
49546 37
79269 25
60501 33
1179 29
82613 6
25348 0
66470 12
56481 18
22765 24
79111 1
90976 13
55781 27
20355 10
73469 37
17611 25
13575 10
31677 27
16037 26
83681 18
81587 35
20016 19
93651 5
96958 27
88307 23
95965 31
89432 37
84605 32
39040 23
79179 28
40591 26
31273 27
72103 30
91116 35
52019 38
28477 17
28323 35
86956 36
11469 24
77187 17
48203 13
79690 27
49693 1
88130 3
59071 36
98929 13
41758 15
10258 14
68884 23
33602 0
42132 10
78976 6
37721 17
28948 34
4427 9
81932 4
89058 25
86311 18
86606 10
55342 35
50407 10
8905 39
65492 23
31607 3
78456 32
80918 4
81934 23
15237 32
39597 36
36710 1
98822 33
48872 5
63859 14
27854 34
11484 5
18458 34
33592 18
53538 34
81 19
22439 24
9694 32
89354 14
44971 17
94489 1
21592 12
41411 10
63039 1
94511 13
10733 1
32189 23
70830 23
96459 4
91742 39
24075 37
13035 30
77630 12
74945 7
56583 9
57826 21
12127 23
92196 20
11327 12
43031 23
71969 35
48785 1
63799 21
65201 30
86571 10
78037 3
677 19
14381 27
88521 38
41789 0
70827 38
68290 14
25968 12
23285 6
29867 7
54381 30
39630 2
22410 30
25649 2
20349 23
238 8
52622 12
27621 39
68111 33
7260 6
41683 2
30149 35
87393 6
71761 20
72082 6
78512 35
429 28
86282 36
72743 9
59642 8
95405 9
59976 20
99170 35
61532 2
56108 23
55675 15
15879 20
80732 12
40715 39
81722 20
82490 36
44408 23
9100 27
65039 29
72057 13
44837 19
73918 1
51058 22
89843 26
26476 2
30308 30
26870 31
98763 34
66131 14
81579 0
69778 37
43644 25
24227 37
9533 6
19312 39
27062 8
98614 27
84830 2
34334 36
3060 1
56614 20
84810 25
80834 13
15854 6
75946 12
56668 12
97865 30
63220 0
42167 9
39162 4
73641 27
32250 20
85706 34
21837 24
13431 39
9014 39
35215 11
37032 19
36412 18
20392 21
86513 38
56241 28
51500 7
51715 14
85266 11
69638 2
17973 1
11949 18
84326 16
55988 31
76560 24
83710 15
83968 39
30199 24
12052 35
72622 26
77955 19
7772 7
43824 12
86403 4
83341 4
26317 22
26060 19
88075 21
29632 17
76861 24
9279 29
14368 28
74595 6
62220 4
63178 30
11965 24
56614 6
41673 26
70117 22
95853 30
77605 27
7153 11
18897 5
70412 22
47946 28
98324 30
73877 34
37331 36
30039 19
15522 35
66593 25
95242 31
52041 12
93889 13
11176 2
20625 21
78846 2
58503 4
41329 39
17579 10
80168 9
11160 9
29662 18
7338 13
10899 16
22931 33
14555 11
98531 10
28211 8
37372 1
12014 6
48674 36
25649 2
24054 39
21218 19
25755 10
4576 32
81894 7
16217 29
66380 18
21155 8
10706 33
16622 18
39495 32
64254 28
5218 18
22078 29
20670 27
36988 5
75349 9
98096 37
46735 26
56987 20
69402 6
81389 19
37938 38
98023 36
57498 29
14624 0
39604 11
83436 1
94930 4
83006 24
59582 17
5542 35
18214 0
54156 20
45934 33
41390 37
18591 5
13334 32
37139 29
21177 3
71120 18
42737 9
21701 18
79304 39
45557 36
53671 16
31936 23
47477 14
88100 39
938 17
24676 32
28754 35
2841 15
93987 39
46823 31
12574 28
17152 25
14701 14
80059 8
16054 27
5105 23
57627 19
47715 37
21751 26
8065 33
6385 7
691 11
57298 3
53574 26
79225 14
55774 33
71801 13
65104 18
51925 6
25531 37
25123 22
73734 19
73761 12
95823 36
55321 10
17995 6
98557 13
29721 4
95157 27
37188 7
39997 13
70692 10
98914 9
81462 5
15696 16
23770 9
60277 38
81298 22
10221 8
34171 11
1950 17
47108 6
68327 20
83538 27
94489 22
49865 15
42952 29
8922 18
66997 1
53402 3
4299 7
5474 11
71940 11
2799 25
29862 26
48506 8
96764 28
67444 11
6755 37
35373 32
13136 7
42499 10
80907 21
13065 18
52651 0
94854 18
21344 32
63434 3
63157 21
55425 10
92801 32
20658 20
11046 22
52279 3
65976 33
27791 32
45056 4
9025 11
68163 13
58848 33
69560 26
67220 1
99883 38
39338 29
29272 9
48164 14
38081 11
48780 21
23399 25
85547 8
75144 35
40608 9
20456 30
21115 6
73863 2
52240 6
77036 39
5523 23
2083 23
61928 9
4993 15
48261 26
10966 2
23328 39
95189 31
27467 29
30294 29
23357 33
3365 15
44518 16
45107 11
95476 20
52862 38
7029 36
88470 21
73668 35
79632 35
12772 32
63766 21
76276 6
17838 2
3453 13
45206 16
65266 33
31208 7
76647 14
42639 8
39026 12
14042 27
81501 6
95998 23
32346 0
35369 24
25754 34
79890 30
95450 15
54545 20
87117 36
49143 29
75029 12
19240 7
83304 19
568 29
42925 2
80823 15
89684 10
42546 28
59744 14
94993 39
83900 25
65724 19
82568 28
91875 16
73783 9
30147 20
17439 18
63591 23
56454 39
28045 35
98047 31
85612 38
80345 2
84798 9
99851 35
69404 1
13403 8
96509 27
63013 16
69797 22
55496 32
5352 3
56004 9
86853 15
97119 24
57854 39
67896 26
85541 19
27505 33
68367 26
65645 7
80138 27
39011 33
21685 25
67289 4
84542 23
31585 39
44314 7
50807 5
62115 29
54606 36
44237 14
74284 22
73045 6
59248 25
87687 29
63518 20
21182 31
35113 27
7388 7
52586 1
49296 19
83731 12
58796 16
83773 20
67402 16
39071 25
90610 1
33851 33
64284 18
23957 9
71504 38
37784 9
34203 10
56487 26
43353 29
620 38
67230 2
28518 19
60507 24
62259 5
1995 38
61765 31
59065 33
41834 34
23219 21
3400 39
34226 37
11278 23
74822 27
4192 20
22184 21
79467 6
79720 14
66126 13
640 39
52251 18
28136 29
76857 35
10309 34
86599 22
72267 18
63607 29
13935 20
57862 11
76307 15
16515 3
78794 30
98573 30
10381 21
48789 25
17851 18
3421 37
97212 0
75658 6
37963 17
95535 29
83093 16
55057 0
99761 3
35462 3
29033 7
51925 26
72740 27
76368 15
17079 22
2597 14
22500 13
92327 38
95964 13
61574 10
86055 36
22636 13
68028 31
79 36
89245 19
44178 27
79552 21
77760 15
50828 16
65737 6
86174 34
88397 19
18514 29
93984 16
88835 33
59097 5
22358 36
59438 35
82308 7
431 37
37779 24
38773 34
79988 6
49675 5
98327 22
60904 24
92836 27
28234 5
27635 3
38911 2
996 37
29739 15
30809 14
13775 13
16333 20
592 22
23131 17
16526 7
61887 0
21453 7
76959 12
93655 18
93478 9
31277 9
98876 21
14083 25
97845 20
59012 10
66698 29
19583 14
68968 13
90970 34
3176 19
77243 12
35625 14
4568 22
82245 25
51831 1
45424 26
51165 36
45552 38
90543 20
30103 2
98112 10
70140 26
98056 24
8658 38
6318 22
22957 16
88438 7
62257 20
68773 37
71203 17
22025 31
2753 28
97189 16
47298 14
70555 16
15383 21
7134 2
81117 0
48116 18
43292 3
76637 1
43080 13
80864 17
11433 17
1207 34
96390 30
39773 38
79266 20
57360 38
86890 19
35115 5
69859 23
62442 18
61326 29
21644 0
37928 11
97662 15
93794 33
99056 31
77884 8
20955 11
83818 26
73830 36
72444 36
33319 19
57001 26
78972 20
38711 34
88554 16
11654 17
34278 30
73325 7
39999 20
21662 22
34119 31
472 19
54051 22
33289 1
93665 10
46609 15
93243 19
2189 18
42652 37
24097 6
68492 11
10733 39
63031 22
12155 3
23644 3
4705 18
74601 3
49552 23
56335 16
20182 22
78453 7
15103 2
47309 28
16546 13
10280 5
18858 6
12318 14
38096 2
50578 1
86077 1
24217 24
62148 39
37907 17
90243 39
24424 24
97427 19
58858 36
33795 37
95864 32
52732 0
94136 24
53674 26
9759 19
45830 33
51289 26
55378 17
54821 8
96915 7
54003 36
99363 2
35625 13
39595 11
5347 27
88874 5
4218 17
83983 15
57394 28
25818 21
49865 3
55874 20
61020 26
42317 37
83397 16
8503 3
33862 27
84646 24
37037 3
99266 32
11334 20
24528 20
38108 26
93105 28
40188 37
32417 7
72896 13
56442 3
8518 18
3983 21
4894 3
67444 7
56437 39
66030 11
61965 1
63259 14
17754 16
95993 1
1856 27
76489 4
61081 23
19330 18
78359 0
39111 14
54042 18
77455 34
32947 3
30811 9
71266 22
2770 32
96407 3
54642 32
79201 35
53756 35
85599 9
62058 18
75382 24
63273 6
40202 28
42994 5
48903 3
2289 30
97933 38
31301 1
5914 33
78273 15
39437 30
68011 0
70131 1
96908 36
52799 21
20930 25
23658 33
53038 18
60473 9
4621 30
87321 24
75679 5
33392 32
83430 10
45601 14
67224 22
64586 5
39931 20
65274 31
47371 26
19347 38
90527 18
74386 20
85680 21
14853 34
14901 31
79391 34
16084 5
16161 19
23949 20
60224 12
68848 25
800 26
40963 4
63081 33
66060 5
56541 4
14193 29
20110 16
19068 8
5469 14
73253 8
19970 36
59007 16
85711 35
32947 16
90500 4
3503 15
92881 6
44882 32
87825 18
31202 23
74244 31
68338 17
49562 34
11185 23
76784 14
50992 11
84360 22
55797 9
33443 10
35974 14
66586 22
50277 19
34941 30
70280 11
30547 20
81958 0
19660 27
66696 37
192 1
89917 10
15352 3
10700 38
63388 32
39675 26
12257 3
96239 18
18425 27
13551 26
33677 10
67366 29
51688 34
17785 18
74922 2
45579 17
45226 2
68800 37
11877 36
9159 18
29548 17
28641 18
42337 29
49537 15
58336 25
69012 10
10710 15
67294 1
59835 34
57959 2
66594 3
25221 2
38103 13
37109 6
41954 38
5469 2
74564 5
10737 9
48151 8
73172 3
12984 0
95030 34
43285 8
87654 21
384 0
16535 21
46970 7
29102 39
36647 8
67264 20
24388 1
49798 30
75109 31
34323 14
24194 21
56898 10
66642 10
19959 9
95784 29
80930 20
81025 4
95624 5
62968 9
96472 4
72347 22
78235 2
28021 13
83740 27
12930 2
19220 18
19648 7
93673 5
80262 18
67282 9
45603 19
65192 32
63845 25
82475 3
15252 15
37979 36
41628 29
83177 13
35483 10
42510 27
64597 36
83083 10
71116 38
94977 11
9973 3
33026 32
55190 8
92800 4
70274 29
39969 33
77266 24
73008 33
25440 26
61295 25
31327 3
77591 21
60945 0
48564 37
75319 24
9183 13
98702 21
81478 1
82713 8
70989 5
48392 34
32230 27
91725 1
66265 39
69440 19
77330 21
58527 10
87253 28
30114 25
14057 22
26543 8
99779 9
19149 23
12293 4
60550 22
31845 31
80759 4
40213 19
82488 4
98941 29
30599 36
2091 26
43650 7
56964 24
47507 28
95776 18
42638 10
23996 23
48065 18
36636 13
46080 30
80896 33
85840 28
69430 11
12148 17
13412 6
11405 20
83056 22
74739 12
86497 4
50874 22
69961 33
32944 18
31204 10
38745 23
46738 10
52256 3
95121 2
97872 31
18064 1
23446 25
58619 31
77839 17
76109 29
75514 37
76756 23
42516 31
86266 10
67002 26
79763 36
59808 10
84137 7
51059 30
41368 2
53989 14
12115 36
875 5
9046 10
67256 33
52568 14
21716 30
98713 1
14163 13
83049 29
12855 25
58813 0
38802 3
20044 4
94330 7
70240 0
74718 33
39747 28
69230 39
81894 15
83505 30
13718 5
96048 19
33329 15
23932 13
16645 10
21201 38
52945 21
67718 1
23640 36
25248 26
88564 14
67857 4
26584 5
24637 26
74601 39
547 17
50953 26
52272 39
45525 21
41500 28
95069 8
80845 27
17464 17
36949 22
26191 23
74143 22
88617 3
72780 8
92381 5
7326 14
67923 33
82218 17
4860 31
20888 31
3102 28
87909 5
22945 22
96934 9
60175 31
18725 18
9591 26
10614 7
43738 3
64517 34
83995 2
20326 27
98009 0
69795 23
27960 38
18748 14
46757 7
33915 34
99884 17
48560 10
18724 20
1391 24
77082 16
33675 39
50940 12
9799 29
6932 26
42315 32
61530 38
93438 1
6821 7
29622 27
59225 27
21202 9
4258 13
56106 22
5220 0
60987 3
4624 13
17337 19
97084 14
19842 38
93262 5
10872 2
82271 17
64872 18
67874 24
45183 14
44938 16
86858 37
37415 28
38949 1
82052 13
59090 11
79595 31
535 19
62673 12
97353 37
77396 5
62663 22
33344 15
24462 23
34795 14
36966 5
65944 19
63931 36
39858 10
88064 19
15576 7
99336 18
42505 4
58259 16
46840 14
76161 26
78912 39
2460 27
2611 29
26928 20
63257 4
91216 9
58146 26
6146 25
43788 2
97479 22
16300 24
47560 16
54529 0
59592 34
46447 27
36311 26
11483 2
92827 22
232 10
60727 32
81695 38
77261 5
69353 22
25647 13
18650 5
64506 23
83500 38
54574 0
39234 3
17235 25
83153 23
64402 31
19055 16
16010 29
34902 18
348 12
77193 8
35808 32
7291 21
28253 22
11095 7
77409 17
76110 0
83650 16
43784 34
1934 34
12709 9
11092 29
26982 26
71159 36
26910 26
8649 1
40987 21
16252 13
56416 27
1129 24
55825 29
39536 6
12514 12
57576 29
65474 2
57679 4
95661 32
73100 25
16878 24
24458 33
61112 29
65072 35
5326 37
88305 0
3842 2
60335 19
86710 5
19028 23
66638 12
64873 21
60024 38
50224 31
30020 13
93474 12
35656 19
20686 6
53726 24
34782 36
39816 11
36025 34
94669 15
25096 14
71276 28
26930 20
79008 15
40875 14
13041 13
42959 36
89750 0
40612 2
36594 0
82483 18
27199 29
58274 13
64530 21
58786 10
31118 23
78238 12
50952 20
79051 21
39950 5
47598 1
20161 15
91870 17
48091 4
15614 25
64211 16
3078 23
3023 34
33377 7
9670 17
64076 30
85217 37
76270 28
2437 29
92748 25
57036 26
53680 19
7195 26
28616 23
7690 22
55073 14
3870 6
19103 5
90503 18
54837 15
67121 25
30595 20
32782 21
30176 22
4089 3
69022 2
33541 39
40571 6
60844 32
85896 24
45109 33
48599 38
97076 24
40619 31
71542 16
58883 22
75768 9
6692 16
20198 25
34496 5
30074 25
68603 19
4182 0
65343 28
9607 33
51879 12
18310 17
88728 36
75418 38
36413 37
61752 8
10918 16
78448 26
48506 10
65274 35
7237 34
61806 37
51155 37
71205 37
30826 20
65150 38
94657 8
44467 31
98103 38
28562 39
45415 27
58900 16
8411 37
834 21
78907 29
29873 15
55926 30
60199 21
81109 33
25354 11
61157 11
77410 9
63749 12
78637 27
96978 22
4234 29
5446 31
13532 9
46229 27
72721 10
49912 17
7221 6
68712 25
85226 39
19088 6
92955 23
42405 39
65398 38
86873 11
10750 36
95767 0
49766 39
29708 33
24331 0
10571 28
18821 20
26652 38
26148 13
72949 16
2754 28
91879 11
319 33
92793 17
82263 1
33695 21
78650 37
99265 27
45416 28
73906 2
38864 36
10884 29
76682 13
38416 20
33943 18
44042 36
23997 15
73820 11
73403 1
65319 22
56355 39
74645 16
54541 30
59451 1
97657 33
4408 15
66453 8
63278 25
77837 31
77527 16
45072 7
17921 34
70719 39
51113 26
26390 8
14120 18
99430 9
57088 13
82304 0
90110 32
22924 19
37152 30
82468 8
10492 22
35 12
76773 4
53315 11
74206 37
38111 19
29995 32
69837 3
82180 15
42376 15
21185 39
63446 11
72477 36
5340 12
63774 32
24116 20
2734 28
81905 23
85034 39
54497 4
94433 24
97701 22
19466 13
83007 29
6204 17
97895 33
70517 21
42333 29
14725 5
91115 21
80760 39
62192 8
97284 17
12324 38
66573 17
6288 16
50566 37
95549 9
73431 35
99848 19
21029 2
94923 32
5838 3
75423 31
19642 34
93192 37
45122 38
76622 28
48807 23
35841 35
70050 9
47879 14
8835 20
84877 33
15462 6
26339 3
32308 32
30498 21
24361 24
41304 14
9435 19
98520 38
84763 16
11788 21
98581 6
35654 6
84576 13
85478 21
83054 8
93180 38
53916 33
78681 4
48393 37
63505 18
22209 3
7859 34
5855 12
27428 25
42080 29
27151 18
54094 1
37587 35
42262 6
19381 15
36750 16
45637 26
92577 21
95355 4
52956 32
91350 25
8280 31
51920 14
31295 24
41220 27
48508 34
18744 13
27838 31
11466 32
75349 1
5180 26
99573 30
14946 9
74746 28
39142 8
60339 28
93964 37
14068 5
48295 23
60165 27
42551 32
31873 20
4668 16
53888 6
3937 37
26479 8
94401 14
64287 12
33377 4
9418 15
71437 10
78288 32
57908 35
65870 34
48762 6
56396 1
77823 37
31580 13
14530 24
6092 37
89935 19
50446 17
5575 20
3285 23
92408 27
87505 16
56984 35
17532 17
53421 22
32586 4
35052 0
41376 37
85183 28
65961 15
99396 1
38776 2
52265 3
72968 20
71909 19
15174 27
73439 16
73047 39
46734 9
35689 25
37537 21
11564 25
43565 14
20742 36
50429 28
25480 38
46227 26
59323 25
59144 13
78221 38
7688 29
47710 0
69907 10
86781 2
93196 10
16850 34
53855 23
88655 4
96364 19
91789 9
54174 33
72251 17
6228 20
8428 16
95127 5
86341 8
58776 38
40909 33
5025 30
88438 16
44789 2
40449 22
16432 13
31628 27
17612 31
60128 11
65203 16
35079 0
87278 31
83692 2
2010 29
10631 4
30811 38
57575 14
12149 6
95840 28
5271 34
42658 4
80069 15
48921 16
73728 10
11318 4
38260 16
82097 29
82457 23
13657 12
48760 31
86887 11
2314 25
3619 22
40246 24
65791 19
88181 21
997 5
86550 7
69339 29
13071 12
80633 26
16417 21
34662 36
72335 30
66543 18
13601 5
69693 38
96859 33
43289 36
32405 23
55274 28
85602 3
49505 37
11041 9
78616 31
41432 12
30502 19
95078 31
80979 9
86254 24
82422 32
63424 19
7483 37
64873 38
40153 11
30200 15
80179 10
56610 27
56484 14
85639 16
46069 5
68785 5
76813 6
38018 20
29189 22
50288 33
75753 0
46875 14
29627 18
60358 22
74219 9
13004 1
88214 38
67391 0
3304 15
90630 11
92948 33
90764 4
49766 28
12856 17
52815 30
7782 35
34542 19
14223 29
61115 21
48297 34
62850 28
54011 20
409 10
17480 17
17797 17
67197 8
43331 2
42968 34
37601 33
5911 5
87664 12
44228 22
78942 32
35147 31
38312 7
11569 16
63539 18
3447 32
29878 2
57628 10
26182 31
36251 27
81610 19
77844 12
2204 2
27571 21
22634 26
43175 33
62696 38
51413 33
86211 7
59237 31
66592 0
57595 33
53021 12
36894 19
67509 8
18747 38
38633 37
5153 0
53072 36
20988 15
91389 3
61803 12
78633 4
38915 0
81180 14
3868 21
27359 26
8429 25
24092 37
49331 28
55994 15
57015 11
84748 9
92799 14
29407 7
17583 33
57667 26
32775 24
56723 17
44795 33
87176 13
34022 24
53653 20
80615 14
22650 14
39044 24
65215 19
77714 0
43888 30
22862 37
93565 6
74662 38
87850 14
74822 37
5520 37
77815 32
68112 3
22514 26
35058 27
59724 27
99068 15
95350 31
66992 8
94924 21
41678 12
86602 14
28134 5
90956 23
64278 2
21592 4
94742 4
78891 2
38666 33
23741 34
10186 3
89454 27
15556 25
97352 36
53511 10
95112 14
72203 1
47437 23
52150 9
5179 36
64356 31
54877 17
13743 29
46474 15
25080 26
16628 0
44078 18
44366 31
41610 34
81574 38
60075 4
82605 6
87520 20
4609 26
68621 34
42834 27
48957 17
86783 24
15389 22
2309 5
69588 24
30406 13
21158 24
71250 21
58566 10
74990 23
10340 3
95017 29
84171 20
67648 8
53236 11
37456 14
63932 30
11267 22
51287 34
9101 19
53884 16
75362 9
98782 21
33603 39
17105 17
70126 1
72232 0
4753 18
41035 35
68953 35
94684 35
47399 0
59285 15
94662 31
67221 20
46800 25
61616 36
90588 20
31662 25
63121 22
15120 3
44883 15
2810 27
56132 22
68953 38
7593 23
31718 29
96453 9
91286 27
39723 24
26145 23
10848 4
22089 36
66818 17
15259 30
55178 25
98186 34
7264 34
26078 26
93954 26
97025 12
44367 20
531 23
54151 5
92443 4
26242 20
92506 34
30923 34
46465 16
8509 3
97905 20
37611 5
18213 36
99834 39
97040 9
50162 9
89517 13
33561 16
8913 33
7318 10
64742 21
5189 20
35765 11
49471 0
3386 21
76938 30
35927 30
18689 39
72977 19
52467 2
66528 13
29545 27
94499 20
99056 26
66361 38
17604 16
85269 10
17976 9
80586 2
48280 32
39986 22
67249 9
69871 11
7958 32
82543 20
40251 19
85173 21
84030 19
79991 37
24393 4
70498 18
47433 8
60085 17
89744 3
26306 4
73995 27
96177 39
84520 14
93273 37
38693 19
50399 4
52189 3
77248 25
22054 35
27504 1
26974 21
15800 6
28704 12
42680 19
89323 29
42912 13
86872 21
97775 6
37467 34
74813 18
70002 14
58563 18
48337 27
57102 26
73962 36
11126 10
26561 25
16816 34
14341 4
38917 4
99719 37
24978 4
42649 8
68198 18
91469 23
42244 13
43635 39
70937 13
63889 28
22852 35
23085 33
11666 24
13954 16
76261 1
24565 16
36412 1
26510 12
44692 25
90222 26
96653 21
98989 7
68235 32
74822 18
95481 12
73514 15
96867 26
51205 30
1331 18
87065 3
30389 6
30362 32
32172 22
31858 38
58734 34
66500 33
43765 11
8699 10
67949 33
64449 8
87316 11
75046 17
36091 20
46809 24
98476 26
84294 11
87252 4
88749 8
81737 24
68218 16
62864 15
91546 30
46021 2
96948 19
34740 10
13848 8
88040 13
55364 6
28367 28
70377 11
84143 32
76523 31
4994 18
93140 17
37294 2
4233 12
17448 17
92326 24
23366 7
26599 27
9202 36
14256 16
39609 24
63069 36
83469 18
13726 18
22123 2
3095 25
37711 9
83955 24
67250 32
77167 37
35480 11
93412 33
89299 38
80065 16
96964 19
53891 25
96274 35
68833 33
35162 37
44659 16
95435 18
46478 21
77445 21
23367 11
86066 1
69412 39
63185 5
97825 34
90186 26
10847 39
84895 15
18578 15
32356 8
83878 7
42228 1
28977 24
81013 0
29929 3
90765 17
66798 0
39775 20
93906 17
57364 7
33994 10
39284 14
81839 20
69403 11
57520 22
56381 8
95714 28
12665 5
25143 10
98578 14
21328 21
23312 31
67642 8
21424 33
76614 13
65481 11
47213 30
35972 35
52308 39
33323 12
19079 33
22125 10
58482 38
19262 3
89498 33
10243 26
26339 18
47749 8
23476 34
16362 31
87308 33
73311 10
53561 28
60270 25
94066 31
65990 29
51395 21
32491 17
21989 16
30037 7
49129 3
97459 5
36901 29
62873 27
42713 15
59974 21
24377 12
69218 26
47998 27
67313 14
90206 10
45416 27
33779 31
12970 4
76060 36
77354 34
4441 7
85421 14
94797 25
84849 0
42611 16
48654 13
29591 19
83459 1
14878 11
21444 26
35447 39
35081 25
89640 23
75889 7
77808 24
14957 10
9835 0
71231 34
45025 25
49605 25
96987 36
24553 1
88600 30
42324 37
27156 1
44453 1
89254 35
67198 36
5204 27
29329 37
79435 36
80817 35
9682 12
75755 9
35415 23
49191 6
54222 0
84729 29
99171 4
27578 27
62526 11
90565 30
9886 21
37014 10
6698 14
22579 35
10817 18
2009 17
91131 36
42019 3
18883 29
66041 14
56676 37
42192 30
40933 15
59263 14
2448 24
93126 17
95333 23
21397 1
46079 17
98614 23
67756 2
79025 28
47431 1
91124 37
54980 14
85736 31
24435 10
57727 38
47824 5
2099 31
68910 25
93030 39
81066 32
13259 17
71803 21
88291 36
69126 39
5348 14
98916 22
77653 6
73103 7
73719 13
368 19
43538 35
80219 0
95123 13
42795 37
74388 8
88207 30
40470 0
19771 14
57507 23
39014 38
9507 24
27789 23
57748 13
41372 34
48903 13
40739 10
59436 32
6137 34
38763 37
43048 27
86846 25
91381 29
5136 39
21469 0
51338 2
60252 17
66279 28
16491 0
50205 1
77607 4
84598 10
69601 14
20948 27
21224 2
41701 39
79373 31
57830 35
49597 36
90453 39
19462 32
56242 21
52928 12
52052 28
50598 6
25955 13
83533 32
81542 12
63781 35
9008 20
99735 18
35981 36
67666 8
51949 24
55884 15
15167 10
60403 27
8915 15
3064 17
96783 39
67132 34
69982 30
80056 10
53668 12
81879 31
64917 36
23427 26
80019 10
54371 32
14534 2
29159 26
3628 28
49006 14
13358 26
2889 7
98504 17
52045 7
64936 36
77681 0
5554 26
1792 34
86486 24
94627 8
71562 16
97136 26
68254 16
51708 30
4203 28
47753 39
66638 18
19793 11
29221 15
87316 39
70866 18
76312 34
31594 25
46183 27
10222 34
62820 31
95238 22
65383 23
20607 20
41330 8
63067 5
50567 28
48619 25
52301 25
16525 39
43606 29
71842 7
38098 21
67029 22
38580 2
65321 17
1097 1
82149 20
86323 8
34668 37
2559 25
34059 20
89730 29
42542 2
64958 5
35764 17
91862 35
16966 32
16606 3
6553 33
73538 31
60215 25
34771 14
8390 13
70286 29
10893 4
33628 38
21474 28
43509 32
8230 17
76331 37
56680 33
64103 18
17137 29
36588 13
23436 36
10503 1
88926 22
14835 5
3685 9
56716 31
71595 38
7032 24
148 36
93253 20
977 28
68219 20
44207 4
55083 0
21466 36
80205 33
34973 5
48292 32
50958 28
24650 18
44954 39
46198 20
83230 21
71908 30
80429 5
91275 7
72197 33
94843 10
21905 33
57540 13
4568 32
69421 5
17770 15
17828 6
23549 10
72622 7
2181 13
98242 15
66641 21
83958 14
89439 26
62749 19
46860 33
68875 5
12814 19
47705 5
78045 25
43271 1
98037 32
87696 27
92796 33
44575 19
19978 31
51352 32
82431 3
26705 21
54694 20
56245 34
66704 34
73153 3
98636 35
20372 39
75327 33
5098 12
86531 23
34715 36
87878 38
33138 0
50559 37
20943 0
84938 24
52215 7
53246 37
7408 29
51707 23
14043 27
6723 14
59146 31
15200 10
43179 23
12208 12
83043 27
82865 8
44392 18
43609 10
40027 23
88250 28
83978 18
14868 24
29785 22
67303 9
46670 17
12151 18
37164 7
85525 6
21388 1
86226 38
13238 8
92809 25
71149 28
29729 5
97687 22
21591 19
44677 34
68538 32
57718 23
77352 7
24451 9
58324 36
50042 1
51931 0
79264 13
85106 7
45147 25
86948 33
51395 2
61912 39
99352 18
66461 14
52217 5
53786 16
15862 17
41510 33
11359 0
12517 23
40061 10
15003 4
40466 0
1129 18
81977 24
52164 0
99665 24
19355 24
77282 27
70461 38
7538 13
67892 37
10450 0
44547 14
49698 37
45847 33
93899 22
56156 31
25693 35
8059 0
1783 10
48305 38
50884 8
29162 9
17202 27
78782 14
22922 7
13491 37
37132 15
53347 37
94615 16
19666 26
16793 32
79636 34
14977 23
98451 38
42074 1
84388 11
7156 35
24938 10
8422 4
31380 11
87778 5
12779 14
98744 6
8538 28
75186 15
83378 9
64694 11
32086 26
91522 14
72426 2
81260 18
33485 34
83280 26
54321 1
60479 3
29746 17
53257 4
45702 19
78963 12
70367 25
26133 4
68610 12
13838 21
50435 2
98610 2
59637 35
80420 30
60621 9
84515 23
66327 27
36691 24
6540 38
48153 0
63901 33
57006 3
480 11
4163 7
8929 14
79864 34
13442 2
79873 31
62991 6
37031 34
34168 28
93526 23
12701 4
30630 0
55611 11
72393 35
9683 13
39310 19
33823 6
71078 30
91650 11
82438 31
30272 36
97446 10
3396 23
41937 9
5961 19
78943 37
27921 36
55832 3
48914 39
80932 8
39002 33
55515 25
18057 30
57082 19
77593 6
93737 25
41487 14
603 17
79931 1
594 15
68664 31
40703 16
56364 0
40923 11
66877 38
88461 34
34008 37
67363 34
94316 5
5767 3
67515 37
48865 1
58250 11
80400 6
67468 24
59922 16
64982 5
13850 12
2966 1
83871 9
58741 2
75612 36
39089 37
24155 21
84997 18
92832 25
50293 15
12486 31
12406 19
60534 37
41544 26
39693 18
66513 6
99284 15
87495 37
29090 38
62900 27
16121 14
23910 34
15156 18
99213 34
26236 18
77646 6
82187 10
20119 0
88388 36
88103 30
33140 17
26535 20
8503 13
87197 4
76487 35
35590 18
20977 17
10436 14
37261 24
37293 32
60921 22
83696 3
38006 1
42010 38
12313 21
28388 32
92073 22
12976 39
664 9
67379 31
73451 28
36560 8
12918 30
56923 24
96502 32
36861 15
90629 30
79299 15
33342 39
10469 26
30748 5
28920 28
32448 26
32153 32
40544 0
55717 10
51937 6
82110 18
49076 26
23286 26
21072 9
49617 17
11857 27
58509 11
65028 37
95379 0
40817 19
18019 19
76044 21
9002 16
80928 16
48052 7
31390 5
93992 5
13940 38
22716 38
55481 14
29393 24
88301 18
86931 36
36346 8
22701 18
73365 5
92893 13
36752 6
49664 10
49904 31
92401 35
99529 34
51881 33
38950 23
73988 16
88145 35
92182 9
91187 34
91257 32
86602 6
17414 0
9638 27
2821 0
19850 32
38064 35
25138 36
69071 21
42772 16
25156 28
35483 36
87519 18
37714 36
80478 5
83748 0
43347 24
72115 4
97804 38
25310 7
24539 23
61314 11
19028 38
10393 4
1933 35
76170 26
37315 34
79594 24
9992 5
42738 34
60069 21
45007 31
79883 27
9799 25
57407 38
90674 11
98537 39
37258 31
13290 38
64793 0
775 7
20504 34
68180 26
98002 7
63433 39
33463 2
83716 24
94758 13
16038 5
95094 31
35570 7
82822 3
83486 35
51354 2
92151 7
58824 11
35853 37
89780 14
1011 25
84434 14
77475 17
71634 21
51525 23
16508 6
91221 3
56772 12
58952 20
71965 10
5496 39
98292 2
82450 23
91282 0
15171 39
40711 29
29986 5
45185 10
5352 5
1064 21
61507 8
50779 33
43241 22
33236 32
85600 19
92060 27
43822 30
96831 15
86834 35
21875 19
66443 9
77780 16
65864 20
44450 36
66234 19
49451 20
61686 22
76547 15
40476 33
32057 32
66418 16
55727 12
73205 31
77552 28
84400 29
5990 7
31317 8
89889 17
50418 12
56716 21
86848 0
41521 5
81974 36
54050 6
84565 4
572 39
4209 26
62373 33
97763 26
5079 26
51799 14
21733 30
14332 37
10685 29
74001 2
50298 21
87662 22
86026 17
19340 35
27283 0
3825 29
44820 38
50152 12
14283 19
88717 29
97798 25
51551 15
88138 2
65400 36
23502 14
28951 4
98766 6
5274 37
12623 39
76708 7
98350 22
6676 27
49660 15
89893 16
83611 1
15766 4
82198 11
76418 14
16351 32
2186 1
13762 15
32116 16
62409 14
77433 18
6019 31
98271 10
32353 0
32478 20
88507 26
47561 18
27197 9
32475 37
94628 37
59391 33
78863 33
43542 17
50027 4
11284 8
36598 26
71112 35
13179 22
72371 35
29050 32
34579 23
28512 7
20676 1
59754 0
2952 15
26852 39
25156 37
84922 39
58546 1
79491 30
41018 17
51190 11
65482 24
36024 2
1782 37
81508 13
13624 39
70945 12
41900 28
3828 15
80576 1
53068 32
51756 25
69190 10
76220 16
3109 25
33193 39
86851 17
85987 34
46422 8
70560 37
87940 16
78657 24
55088 16
23322 38
73983 37
74885 27
34885 30
74139 17
84740 0
57261 29
2242 19
91311 34
81718 26
79589 27
35967 1
64149 12
44738 8
70608 9
9567 16
69542 32
97069 26
52100 4
91059 14
66245 1
63156 2
40670 29
26498 18
79312 29
5854 36
31115 25
89200 29
68007 13
25829 12
15998 12
11106 29
16827 37
72179 2
17771 35
33870 33
82114 28
23279 23
35682 14
1968 33
42928 13
1877 14
71181 9
2315 4
13133 5
10574 37
35564 38
81283 19
76757 2
44744 5
94010 17
92870 19
37493 8
15021 6
46806 3
84141 7
89039 33
70228 31
63949 38
21406 24
76349 22
15209 5
7941 25
2395 35
46321 20
50014 12
21165 13
3797 5
810 19
40832 2
67752 13
23480 22
83019 2
46401 26
40077 28
2871 17
55392 12
73262 34
90280 28
85824 13
85373 27
98166 13
32419 0
70698 14
67427 9
54655 15
95585 27
82213 25
67935 19
14409 14
57081 29
40295 30
71096 10
92414 14
36939 7
95724 20
54162 29
68491 24
14889 22
86814 4
35748 0
81789 32
45493 24
2946 33
41964 5
8730 27
30082 17
45107 23
67257 7
5860 27
91903 1
31300 31
75135 17
81551 10
45054 25
63677 8
6653 0
52176 18
51050 35
20082 22
31413 11
69880 24
81898 34
28751 23
58951 35
87124 3
28300 12
71848 3
34161 20
3296 4
81393 6
94148 20
84491 11
89429 39
7720 6
31165 9
51625 6
19678 7
37573 29
98410 10
18611 13
89932 22
3249 36
63151 8
6631 7
85213 23
81459 30
47941 10
28058 36
37168 22
5578 21
83653 18
18110 34
55628 20
1643 13
80867 16
79767 8
81405 2
95900 13
50888 4
76810 30
22865 37
61824 35
65329 31
72593 7
46095 12
64368 20
57859 22
43191 37
55860 11
9244 33
48712 17
57322 19
74138 8
41971 39
96371 23
25268 0
78238 20
2299 17
31565 27
56447 21
67067 17
19985 0
52707 29
57897 4
64662 18
77138 29
39708 15
1437 8
8220 14
54907 35
4068 35
73230 25
37970 8
94174 31
10559 3
53227 15
23859 15
54002 3
64545 12
79480 10
87002 39
73109 18
54513 16
27433 17
30019 6
22257 19
25404 31
22010 24
97777 1
12506 33
48529 36
90480 13
75456 25
36520 12
35565 30
69815 22
37925 9
80294 28
95198 22
29937 11
36878 18
16901 31
19837 5
51414 12
65579 36
46756 4
75759 4
66529 20
67415 14
29112 28
43281 1
32477 29
32655 1
60585 10
51377 17
54624 35
54841 5
97936 10
11340 21
1952 16
78494 38
36569 10
79159 7
78420 31
55137 15
43420 4
58795 4
16811 12
89825 15
58584 3
58793 32
26358 36
68179 32
74286 27
31760 17
2660 2
10435 17
99013 2
32490 4
29237 12
36512 39
83430 32
76402 37
32978 24
64716 35
93087 35
34191 33
26582 21
47901 20
8013 36
12139 26
86435 14
52094 16
26690 12
66119 28
30505 4
45705 0
56682 32
56075 30
44337 12
77013 15
47289 37
33329 38
59282 23
27196 8
65389 25
39622 5
86205 8
49766 15
16379 8
69498 8
38392 32
41868 30
78713 5
48845 15
93589 38
74173 30
99764 32
9764 31
11386 38
67378 6
1104 25
65357 38
31175 34
70877 28
59924 27
58813 30
62346 16
73272 19
28634 20
21218 2
48800 10
38792 16
96953 34
16525 33
37223 38
16904 3
6052 3
25435 23
93795 27
23795 1
63480 34
59653 38
85373 24
87950 5
30327 14
8215 13
88369 7
4164 7
42136 33
74264 13
52650 23
42660 28
49885 0
60092 10
83964 13
87202 27
80325 3
23277 10
44019 23
89776 35
26711 30
94832 5
3026 1
34761 17
78267 26
88691 23
95816 6
47160 0
66414 35
26332 29
77757 35
22531 19
10154 36
61195 14
75755 10
9936 10
53642 16
6045 1
47327 5
34034 11
81637 33
67291 30
86563 38
85620 33
69881 37
6072 27
41818 3
45946 9
63694 6
77793 6
35183 21
86524 18
63149 36
45338 33
91079 36
83327 38
50318 5
5737 22
56511 19
61396 35
90476 16
77724 4
16641 22
90041 1
77680 11
87721 37
21378 29
48561 0
86601 11
47856 10
26467 39
2915 3
99749 6
72558 21
86113 13
28295 8
26373 19
74072 4
49842 39
90008 19
90099 37
76498 32
62267 16
10003 18
23356 38
94638 17
3409 30
28652 4
97167 5
45899 5
18150 39
27952 12
2848 0
41243 14
99257 35
3695 35
4715 2
7590 17
3328 22
55467 38
47281 13
1534 24
5422 38
52715 7
3798 0
49710 25
59619 20
16159 35
89159 13
32122 7
67012 14
8426 29
48388 8
33759 35
60780 24
61380 3
62222 25
5710 12
71116 32
65144 16
76306 21
72428 38
77679 10
38001 9
24549 37
32076 2
16506 29
8264 15
28915 13
55125 36
77750 15
64595 23
25527 25
75993 12
96990 8
81636 33
29803 8
34173 14
69109 14
44906 3
73223 25
39356 11
16657 39
57834 27
9582 38
99007 39
18539 31
78833 9
28009 12
75148 3
13531 4
38969 38
95859 34
37477 27
80609 36
34606 14
88183 20
99857 26
73926 4
13075 37
63898 28
18333 16
45028 5
98978 22
72360 28
63979 15
85300 39
72333 9
56728 6
34249 16
2424 33
31272 18
96066 11
88583 34
1029 14
32692 38
81266 31
41430 30
28531 35
52655 28
75766 5
69048 11
63552 30
75791 29
54525 21
36003 21
89015 5
94766 32
58693 7
24341 38
67637 39
67036 29
47933 8
48075 22
62228 39
72909 5
25506 6
9128 20
75374 33
22653 0
91832 19
76633 32
78962 4
72585 22
61482 20
85416 2
48382 12
14451 7
93740 35
96015 12
48798 2
46382 8
1928 10
20218 12
12927 4
15796 36
86931 11
45490 32
49091 15
34739 8
66820 6
96951 39
30501 36
1214 35
31668 32
94432 16
84998 13
54319 31
17954 5
19238 13
99868 8
97420 5
82997 11
50073 39
83028 29
81401 24
49590 36
33239 23
63612 25
89972 12
23026 16
13180 23
25981 34
40963 12
43114 3
99495 39
60502 32
86559 33
53025 23
83168 9
50682 27
75462 21
87359 3
4251 22
64440 23
37769 31
42044 22
92976 28
38016 13
64243 12
43194 0
21711 27
94803 1
22300 14
91722 12
43011 21
80194 30
4428 32
87463 11
39273 25
96399 19
62234 34
81394 38
18795 35
49491 28
93186 2
12968 26
57894 10
73467 10
79288 11
35615 16
6175 30
48908 15
24634 27
22007 12
47117 28
99585 5
1448 16
91485 17
15590 14
19736 6
69700 18
94141 0
2950 12
1329 0
32628 1
42792 37
13894 32
80777 37
86212 15
87040 23
62760 14
52932 13
77090 35
58216 34
7798 8
29660 31
60815 12
26008 5
35624 19
71972 33
72873 27
96111 30
90934 11
8078 10
44156 15
90029 14
819 31
83670 3
71716 10
89926 24
3760 16
25209 8
45930 31
19554 30
87474 3
13994 23
37268 31
29756 15
11934 2
62328 24
30131 31
30754 25
61412 17
31422 14
70149 21
41814 7
27039 4
32988 20
94409 36
39621 20
92921 25
17742 26
24170 17
33866 5
391 17
41583 22
29737 31
97303 24
87759 3
52869 16
12048 32
39621 5
43458 3
42701 6
2309 13
6390 0
58365 33
16966 36
90739 1
58352 5
68360 6
30506 6
33038 28
74906 1
63808 7
47041 22
33 15
77346 26
31961 24
21804 28
19673 39
43656 1
27947 31
9190 2
15014 5
15855 36
78475 2
2492 20
4563 8
57215 9
77117 0
15920 32
31351 20
93057 27
24626 14
43371 4
8131 13
47102 14
57686 0
94387 20
45332 17
14286 0
28173 9
72289 34
96837 38
31660 6
15968 33
89266 28
62445 21
42003 21
85843 30
42330 11
16445 27
38623 1
94913 33
21909 4
16787 27
51527 33
54752 14
52559 21
20628 16
84220 17
77487 5
82674 11
17468 28
899 0
19661 21
4493 8
54647 18
11180 23
78646 29
94104 12
41520 37
98051 37
87835 28
32188 19
9753 12
66882 3
1240 27
23670 13
49554 36
74403 29
24530 1
13152 10
68805 6
93310 7
7468 18
94960 13
97092 16
97027 2
72901 37
88946 25
90291 30
85073 16
84344 20
10707 5
2899 26
75797 24
54367 38
26340 31
82277 20
22110 33
99426 20
70656 2
72015 30
23580 32
53459 31
12658 25
98450 24
52495 34
88904 36
28553 39
73426 37
61710 11
93089 7
9569 27
56290 15
90265 30
29377 22
47948 14
46934 0
26588 16
25145 19
94968 25
80210 27
12667 32
33391 34
41985 37
17177 20
19233 11
71018 25
50240 24
33928 16
95174 26
12591 37
36741 29
77689 9
5902 30
29624 39
13564 16
34516 38
82169 18
74324 15
4896 7
64205 22
74970 9
61865 6
73763 3
71026 6
48535 32
95852 23
34658 32
31009 11
10026 9
34980 1
11951 26
27153 14
58565 39
4295 32
95233 4
34149 7
33298 17
71797 1
22016 1
94043 8
11781 31
49472 25
68331 17
97027 9
79046 4
99940 0
95920 25
70882 39
67446 35
16526 33
83687 12
66718 4
44385 14
82723 35
77363 14
41269 30
87015 22
43441 13
508 31
64625 13
62821 35
12661 32
72759 29
78767 23
46181 10
68021 23
90553 19
1262 12
50522 19
31599 6
59958 25
42511 38
72875 18
40690 3
69331 36
14381 37
91719 5
77159 22
24094 39
10774 4
62972 12
16970 7
43501 20
97353 28
88462 5
65386 24
93447 35
86677 30
40945 39
41105 9
28421 33
41952 33
59781 30
91050 3
33089 24
27483 27
34302 31
32571 27
62710 30
7488 25
79253 30
5841 7
23758 30
61882 12
24641 10
14880 36
56819 34
93119 38
75002 3
20795 18
1979 39
67315 9
19018 33
95958 10
25544 37
82232 35
20513 17
95053 27
87803 34
19517 16
78523 0
54431 11
56693 32
4906 24
19972 6
94112 33
74093 0
65066 8
53465 5
50245 1
87876 26
46533 35
85057 37
35212 5
48667 0
65841 2
90895 31
18902 5
38571 33
6731 21
60770 24
64485 14
33322 13
72821 30
59386 19
82213 1
15425 29
31738 24
99674 11
83274 23
16345 11
95693 12
63313 3
11642 4
56767 1
24596 18
42964 17
85824 32
81747 20
80702 26
89864 5
88422 36
7414 7
52177 14
31129 8
63607 36
82463 32
58475 2
74038 9
15535 20
11277 24
80826 12
33686 34
47644 31
92973 1
16482 9
64499 15
1117 19
47836 29
40690 10
7910 38
88286 1
41682 33
43462 19
14443 36
2733 21
6055 9
38519 24
55225 0
231 27
22208 13
83810 11
47027 23
98697 2
15439 10
37106 13
56023 17
79362 10
24756 14
20510 8
78295 11
20257 0
15737 22
79174 20
27073 16
28718 37
7145 10
94184 6
444 20
60744 39
16072 36
62453 31
37685 8
14546 15
2655 25
31875 24
73281 27
