7743 44
26868 25
46463 24
47630 11
84927 38
83813 2
3895 6
86346 19
66479 36
99921 4
43922 42
17711 16
70882 21
79285 22
78361 7
263 25
94825 22
28997 6
94401 42
62926 2
10685 23
40147 28
54205 11
48732 11
92385 28
81169 20
67378 41
81104 22
63419 15
36944 8
9535 12
22260 20
29534 0
15563 38
98380 26
65148 18
60594 30
91855 27
28727 2
53604 1
56187 33
55566 19
84821 31
67555 35
3872 7
33819 25
16810 25
13263 26
45478 13
84523 36
44590 24
38581 9
23863 18
51081 1
71632 17
11813 32
95986 18
71273 26
1889 16
62213 22
33018 13
15347 4
28612 22
29000 35
97148 14
68243 4
50160 3
99800 1
66936 10
95850 1
63342 41
64637 10
24699 28
58844 21
69035 38
23840 6
9237 18
56717 5
27998 18
21864 3
25792 42
60196 24
88988 18
23049 12
76900 37
34178 6
49527 0
94598 42
73492 3
57927 4
44328 31
2873 3
47625 28
54928 15
22130 19
55530 7
87979 8
40608 28
7006 6
62933 10
81272 19
2122 5
56531 10
48006 3
89826 43
91127 43
60149 16
20917 21
13905 11
38214 27
63448 3
69039 6
14326 2
88555 22
75537 30
15882 7
14266 23
57238 16
11251 29
29826 7
5967 11
26562 32
16748 20
15476 16
97300 32
22581 23
32931 3
56616 7
45011 17
44960 39
16859 39
80080 42
10062 32
93721 0
47442 0
14507 13
59836 35
64451 10
59029 33
5981 10
51682 43
6006 26
72969 29
84442 35
84455 40
65344 22
93016 36
46268 39
55275 34
25346 6
54428 18
42848 28
63841 31
28269 11
45573 34
70408 5
30737 17
37151 24
50592 37
34681 22
33830 42
86808 42
6528 38
27252 16
16585 36
96399 30
11330 0
48702 26
48921 35
24956 9
11047 35
3701 42
36221 9
10115 9
88017 32
89814 19
79066 34
51214 26
39652 43
54160 28
29132 31
34929 37
72741 0
10655 22
9780 30
50690 7
51265 13
69286 2
76164 4
60668 21
13845 1
89607 31
52209 42
61289 24
88720 20
88727 14
90646 35
85039 21
64653 25
1641 9
75931 39
88237 32
3740 11
67851 22
82718 4
86950 1
34375 22
89542 21
68430 20
81959 13
61739 40
84863 9
27931 12
24529 2
60802 24
71120 21
81304 40
44515 3
5458 31
82798 16
61505 9
39797 20
69735 19
50355 4
48380 36
81900 33
42 16
19544 10
98159 33
88719 40
46870 40
96194 28
91122 3
68895 9
87811 26
84508 4
14309 12
72362 40
30516 0
14206 14
51215 14
81017 0
50077 40
25671 17
26305 39
14953 38
14113 7
84493 42
12072 34
78590 35
23266 14
32201 38
84416 2
42163 4
34987 39
47463 30
23330 3
48176 40
75298 2
1130 30
12555 26
61801 38
56277 18
24893 4
30776 21
31672 12
24071 6
28056 4
25763 43
15951 10
85822 27
58775 38
70999 28
78049 25
20584 9
35012 16
49226 38
16285 6
45790 34
64730 29
18879 38
84333 11
65840 39
12639 37
77074 34
63204 40
18430 33
32750 2
90890 32
91947 10
27223 33
24105 19
2490 31
26950 3
90485 43
65921 7
947 17
98328 40
44688 3
32094 38
52541 23
69496 19
66955 1
69617 31
42447 26
36368 42
87285 8
16417 41
5235 6
36191 4
69512 23
48411 41
25571 6
33572 6
94714 41
90601 28
76312 8
48341 19
4824 5
27654 29
50925 36
1397 17
20553 10
2254 32
24660 1
9671 39
82958 6
63702 18
91825 34
83740 6
17004 4
15853 35
94460 16
53224 1
30503 32
32035 31
4731 17
73715 39
30215 27
40502 21
88145 0
51601 30
84208 42
94037 35
63209 24
39534 7
13820 10
65655 24
89867 24
47274 17
5393 31
594 19
65895 14
43609 9
43322 13
53419 26
49286 40
12105 31
62212 36
31571 33
61026 2
55511 42
13474 38
75593 39
91694 21
10692 21
22373 9
94514 38
89689 43
86991 16
3020 2
534 27
1598 28
57750 26
11208 34
66277 26
71685 37
23418 0
82957 7
27044 5
38680 19
14188 19
20821 26
91013 43
78927 42
22113 33
91315 36
80096 26
25369 27
26552 23
8842 5
94637 15
27270 27
86308 2
84565 20
28722 6
5622 31
15267 1
15099 35
94979 31
99944 18
33708 14
30050 14
45328 19
84996 29
25979 5
35814 8
9628 2
67971 17
55818 35
65834 26
39029 36
61233 7
8737 9
51894 8
45710 38
2835 27
30723 27
69014 14
96027 12
84320 42
33099 3
19341 16
81221 5
77046 33
46981 40
21652 38
72829 10
30723 11
87924 23
98545 10
35678 39
77044 0
74195 35
91056 1
97417 14
56791 16
60444 21
48340 2
35465 38
50190 34
16804 19
94498 27
30617 38
21416 20
90176 36
80429 39
82276 12
65925 2
17060 35
46456 41
3514 41
89857 11
21638 7
83080 0
74533 33
86405 28
10038 22
50030 22
42333 37
16808 29
71860 12
93862 22
97919 19
13287 1
35835 18
48109 34
58528 30
39593 12
29653 6
69268 29
66315 11
14698 9
67281 43
95026 7
73813 5
42355 13
19680 29
87329 12
55369 17
15391 19
40042 43
58763 1
49013 32
23236 38
50878 26
22888 28
82045 30
8017 16
77804 34
74493 1
7786 0
19475 39
80498 8
48144 42
2054 9
81380 8
41209 13
15193 23
35011 27
63849 14
6712 1
85067 0
46777 5
93613 34
7321 9
70372 12
45627 12
79544 1
15172 15
68831 37
41967 31
89455 17
72073 26
599 33
26275 4
11371 41
23907 22
82410 39
36983 23
25298 17
78064 17
22994 32
83545 24
2531 1
73766 20
71542 36
23203 25
41354 36
47156 17
69920 40
13567 4
84105 4
84193 11
26302 23
85362 37
9227 21
81441 37
14884 30
17420 38
83862 32
30008 33
49237 40
88304 28
31335 24
96466 29
90630 39
6380 5
3663 26
40465 9
94377 14
71044 10
30844 39
86719 15
8597 36
90970 35
85393 14
14268 2
51329 30
81553 31
49873 10
66058 37
47732 28
98674 31
77008 35
13416 1
91938 10
24005 1
28989 12
35311 4
64367 26
87810 0
83176 27
37950 29
38282 17
35974 21
13138 21
37718 3
13805 5
74774 37
6647 27
90650 28
1186 19
40542 15
57273 16
42348 21
2662 3
45498 5
35222 29
21696 32
48570 9
86931 24
35079 7
55054 6
4032 32
53884 2
81565 39
81728 10
83877 0
24799 38
51356 14
32766 23
60963 10
16648 36
15401 3
88107 42
16941 43
53192 4
46398 42
95349 6
33057 0
85695 39
32778 38
77589 18
58938 0
58565 40
47322 6
36314 33
10260 30
20863 37
33846 41
26797 10
67030 4
49383 31
62704 20
53750 22
60155 14
67667 12
31752 22
70794 35
91141 15
575 35
31804 8
80625 34
73 40
20077 4
8079 1
13310 0
40021 19
72169 2
251 4
88725 42
33873 26
63261 0
80536 7
87267 28
99822 43
40809 33
34565 39
64216 24
3040 24
53814 20
71448 29
50044 7
10828 8
72899 36
61225 10
67716 37
78204 14
64510 18
37365 29
64725 15
76388 1
2779 17
69167 39
80768 26
12378 24
40010 41
82460 31
61141 43
21551 29
37196 5
94699 10
76715 2
61905 1
96591 25
81692 39
45141 6
32857 35
96344 17
46028 30
75760 30
40614 40
84735 41
12223 40
54190 2
45959 35
33217 6
6090 2
98603 33
84450 31
87790 11
30361 8
79828 6
99579 15
85406 13
80780 26
17569 5
14731 30
9160 30
32062 1
58176 7
34837 22
97326 3
84066 39
61214 23
88379 13
84057 21
49883 35
79549 25
70732 4
58757 42
95415 24
48058 40
4853 23
27989 6
33024 42
51250 18
79899 29
21136 20
66506 5
39938 15
44149 3
41633 40
27127 32
18356 33
16533 3
43794 18
51348 21
265 34
48044 17
33820 27
1309 0
52568 10
77777 20
3175 37
34105 21
47851 11
61477 9
84578 11
6581 18
62787 15
50134 26
93644 30
76306 32
96103 43
72910 8
16349 37
89343 19
42551 39
6552 0
88343 15
94626 9
51373 17
22006 8
25657 31
25350 33
8822 36
62680 3
97031 10
81010 10
67886 4
47602 3
26061 13
75154 42
90395 29
11811 39
70961 36
62182 11
65212 0
30195 30
11326 19
31029 35
71694 27
54579 31
7775 32
21387 17
26319 9
17043 4
3901 5
8193 10
96552 22
42943 22
95782 12
32516 13
19740 16
69150 25
18650 9
46851 16
41861 20
39345 6
593 21
58227 34
99455 13
81957 30
44144 10
36971 40
95417 3
13667 15
9950 18
9966 36
42777 21
48184 7
36843 29
82219 16
97323 24
95997 32
3376 43
67778 21
35141 3
1526 28
88556 6
23107 34
81030 17
91671 24
97528 21
88642 24
60145 41
72701 43
98401 32
76785 31
69567 32
70791 24
94077 17
37541 43
48448 7
68986 25
2148 25
52645 32
61244 36
67903 38
97361 12
58568 2
85710 36
66040 43
51696 18
37896 43
5795 11
76853 41
73882 0
69504 19
99886 33
37636 7
17592 41
29176 27
9294 5
6070 31
64132 3
52952 25
49159 10
7436 40
88806 43
14905 4
11575 1
34954 27
337 41
32118 18
11154 33
19341 13
49169 33
48522 3
28487 7
96207 20
50694 18
25208 14
8008 26
81928 5
2382 41
55370 35
93495 0
50812 42
41458 15
54342 4
59500 40
81463 37
18558 37
75189 32
88119 27
50478 23
36919 36
75461 13
95189 24
69691 42
65151 30
59560 42
69091 36
56623 5
13105 11
86320 39
69748 16
28586 16
62246 39
76517 36
97823 25
64593 13
68198 10
65625 38
49402 39
66628 26
70136 3
19681 20
46700 12
43185 13
94102 32
27628 43
64108 2
14147 13
64807 22
99906 30
62187 22
10342 19
6805 22
18034 16
29802 1
83953 18
4242 31
32061 19
37455 2
1866 29
91343 3
23713 41
87186 37
97608 26
82300 23
40453 38
34752 15
9164 40
79027 6
27050 39
47871 1
50434 24
5553 25
26990 42
27305 32
87410 23
7516 42
94449 10
76460 28
63995 36
36467 38
88349 33
13065 5
77351 3
1554 4
75759 17
24138 42
54523 30
27857 43
4826 27
5474 5
18738 34
67849 3
35300 33
31553 10
13302 33
59870 6
58127 9
82770 6
97032 28
8755 41
61074 4
3199 29
29391 22
1120 32
80821 25
87810 38
4766 23
47530 19
70971 20
9357 23
62154 40
55165 17
93059 17
41689 1
12259 2
83395 18
47561 24
26226 26
93154 12
51248 18
33824 9
11158 35
69451 34
15903 37
46488 10
44673 3
29212 17
44042 12
53865 1
79934 22
21956 26
42085 40
82328 5
65864 10
64842 32
77459 18
37650 0
64116 13
33571 33
54129 6
78260 40
77775 40
88834 0
20373 6
87470 20
35827 38
84580 37
22098 7
46717 5
36827 25
9581 8
15495 38
31498 32
55232 40
63265 22
29555 16
62494 14
6361 21
10556 37
41900 0
54807 28
15206 43
1734 42
9424 22
722 27
55573 19
51863 7
79305 20
51601 21
55176 8
56232 12
760 7
20691 35
16190 8
86158 28
6096 12
91462 32
8 8
67569 41
8199 32
28262 43
21551 12
17313 1
3880 16
46706 40
43711 23
59008 16
34034 0
10827 3
6158 30
81762 0
93427 21
26690 8
65888 42
23202 11
99740 8
56881 16
95372 38
26434 20
79586 4
25901 15
92548 5
33807 11
48954 25
49809 32
46743 38
83673 6
86425 40
28877 1
81164 21
39263 28
44420 3
29417 30
4235 36
7285 41
30986 37
81888 22
22386 13
13504 27
65397 24
3422 12
73217 19
13081 34
31054 32
34418 1
82897 18
2611 15
69991 11
86546 14
59661 19
70422 12
28626 5
61682 36
91553 10
42637 5
81011 14
34280 39
58281 42
35942 19
97451 38
50887 12
46925 2
84941 17
79028 18
28736 37
10614 1
98552 26
95970 41
13071 4
22643 3
32401 24
53089 34
50427 17
87124 40
20940 22
30593 19
14612 19
18115 21
40222 10
92937 34
37953 42
90799 32
29447 23
54202 40
75969 13
28574 43
49777 19
16711 8
8710 37
43689 5
21222 34
55942 12
92209 23
59839 42
41734 37
85149 18
80585 24
97167 39
98976 19
61691 35
24864 1
24559 2
42530 21
2932 3
31826 22
12470 16
89673 11
7041 11
67051 29
99542 19
12520 31
86412 4
89625 20
72862 39
35423 25
8712 17
85380 15
69117 26
52472 39
40989 28
54126 4
76206 32
75621 32
6723 30
2183 8
58181 23
66249 28
64494 15
89513 37
22448 18
84879 41
40403 39
3542 34
76864 18
34651 1
37750 18
19997 24
95622 15
60995 2
31820 27
568 21
15007 18
60775 17
90491 13
17532 22
20227 27
26339 9
53370 29
68297 35
50234 14
99679 34
6603 25
67958 12
99751 1
39640 21
99300 33
69427 0
30062 7
69079 26
33224 9
45659 24
22786 22
46651 38
75109 4
14204 34
71471 14
32159 17
42747 5
7504 16
75739 12
59805 35
65888 4
32828 8
36454 24
64363 30
3516 6
28186 5
71622 15
17206 7
4120 19
72622 41
26890 34
25684 9
44860 1
12792 13
81443 32
36131 30
52981 37
77559 17
11820 11
23368 18
45629 4
59645 14
14707 1
56742 2
37660 17
93221 42
49543 43
80455 21
22326 38
78681 34
41569 12
7530 27
67673 1
23803 41
42069 2
29481 10
34709 27
98700 26
39039 11
67225 2
47558 40
29162 33
74857 4
3428 32
33596 20
2947 17
25610 0
79291 37
76557 5
61067 9
51512 23
92310 10
90165 21
89566 27
83490 27
93800 28
40318 32
44891 31
71316 13
31547 38
48381 32
60197 9
47445 16
83824 28
18401 21
22723 6
28030 10
84626 13
37367 43
9719 10
28309 5
82967 5
58406 25
72441 13
61794 9
48338 33
12791 36
55689 16
85372 16
29793 8
10658 17
58044 25
97464 15
45995 18
28601 19
71843 16
84935 7
99461 43
16836 29
91620 3
44774 11
83208 1
31051 25
72591 34
5194 43
6507 20
98967 0
18198 16
7555 28
24078 16
54108 36
27335 34
52147 5
37970 5
77588 42
81166 27
75614 6
19169 32
14801 39
27837 4
27926 42
62015 9
69799 42
58597 39
72464 10
27273 5
52923 17
54728 14
24428 18
71844 26
24595 24
456 39
12837 7
76134 1
85007 12
46716 26
11598 27
25729 40
90933 24
3139 28
68278 22
72423 17
78528 37
66102 22
84443 2
31768 25
25436 25
89773 23
90068 35
60887 20
29564 21
85262 17
53390 25
24218 35
23217 43
70605 24
60794 19
52421 17
93842 39
93287 43
6831 14
14911 21
30325 32
50489 9
95238 15
23212 40
15737 4
12045 19
57790 13
50069 36
63986 34
10950 17
68248 31
57068 35
44995 28
99243 11
91569 0
90539 22
72110 1
57959 13
73311 32
61267 2
48965 12
4316 22
91561 13
74281 3
28223 9
33979 18
31420 0
41532 16
70291 42
68716 22
59250 39
79194 34
76861 11
85209 15
51331 35
91541 0
88849 5
65710 16
60088 17
1971 10
35661 8
71655 27
38463 40
55819 0
55298 9
55260 36
98129 39
80707 22
94628 24
38006 20
36694 43
99002 12
90770 28
83568 41
2750 38
88217 34
18540 19
80815 12
96328 31
86276 32
68620 20
96661 2
6038 23
83784 22
6935 28
15563 33
99861 21
48821 43
10901 37
91573 43
32172 32
87365 23
74408 11
10401 17
20917 15
72258 38
85354 12
68561 21
24846 11
80002 14
17425 18
99917 33
56712 21
87104 18
72171 31
3129 1
73213 43
75966 42
14609 15
10387 17
86522 6
10704 11
97402 4
90885 18
84808 34
5256 19
3777 2
54495 7
74192 10
35673 4
83700 39
2993 11
63235 1
49595 26
60769 17
59036 32
11654 43
51 1
81916 1
78539 33
34640 20
82827 34
97056 42
97196 39
71956 11
25970 41
79781 11
4982 6
54674 0
80924 28
28131 3
56285 37
15695 40
13691 27
30589 25
24186 34
70907 30
43654 8
85593 0
56290 36
94066 10
37791 29
85124 11
77812 0
19779 26
80183 7
68734 32
9014 11
61499 36
52475 12
76744 30
31974 30
76776 41
26651 2
11040 22
1392 6
74486 16
8229 14
15293 32
49492 38
63584 14
85062 27
71757 4
21581 38
44429 35
50406 43
50874 31
31275 42
61050 41
52939 7
82744 27
27604 4
2650 0
83320 19
39704 42
24662 27
91507 18
87282 37
70135 2
88737 7
41757 27
94465 25
29019 14
24265 11
2968 23
78051 4
46370 0
93535 23
24886 40
36925 24
63183 40
38255 6
42434 6
71984 9
74544 9
24388 14
21768 14
76771 4
48980 26
44899 12
18262 1
69101 5
29143 16
85763 20
97704 34
92911 40
64231 35
12177 25
15783 12
90724 1
12580 8
74594 40
43029 42
59958 12
82885 17
56517 15
70893 36
64246 37
72081 19
19809 36
43918 12
69456 34
19602 31
28258 31
84639 29
11713 26
42139 2
95052 5
76241 4
52489 2
37167 8
71622 15
59470 40
5134 27
85378 16
42811 24
92287 33
38494 2
70670 17
7488 1
88616 1
90618 15
77169 26
74766 28
29848 28
42836 9
12223 41
61293 31
80205 2
54796 36
48778 2
93691 25
67617 36
33304 16
25253 18
3273 11
67523 8
61202 32
71732 10
21627 36
93100 11
12996 40
41622 16
30054 24
77598 36
85337 38
83424 11
21156 26
17822 18
46110 38
98786 33
99489 8
5546 26
72153 7
78377 18
61686 13
22898 39
3876 8
67612 28
18722 14
9828 6
39208 42
75670 14
41443 31
64376 5
53560 27
62145 39
26514 4
37284 15
42783 43
1933 39
69676 19
98557 30
77417 42
93134 14
86964 26
5714 6
53320 26
10593 20
21797 19
16919 20
84316 27
38636 19
90000 20
72345 19
35835 36
10499 33
77754 32
5089 19
75917 30
54191 11
46577 22
63863 26
77107 21
5450 13
78058 6
11317 25
89180 36
68609 35
18517 18
91317 13
3466 21
42306 23
38433 17
53720 13
62016 16
79556 41
66020 22
39811 26
93839 17
516 20
86194 0
77779 36
96623 23
89327 0
12351 3
64856 17
62738 43
35699 43
57764 43
27558 14
53352 21
69662 32
43263 4
30723 10
39773 22
50321 2
69759 20
8984 3
23711 24
46128 37
13603 31
89699 30
26541 13
62171 19
14140 3
92544 10
52581 13
21061 18
39557 14
55333 15
20454 11
63454 5
8066 31
21805 6
97667 2
98205 20
824 21
58347 28
27649 13
71623 6
9398 8
9786 16
4563 9
58908 38
51289 8
76546 8
10675 31
38345 33
13498 19
8964 12
10571 38
97420 39
12823 15
5023 35
9657 29
62012 30
3080 11
38993 26
65588 21
66936 40
88046 22
10684 15
99934 23
74660 11
29118 1
12081 42
85830 43
98614 17
45732 20
88259 20
30736 40
80614 7
64230 8
58717 20
70698 28
78250 12
27835 35
22641 8
79406 23
38529 9
77317 37
77870 20
57502 23
85054 7
62034 43
79274 7
96143 26
27404 10
94920 33
15757 36
22242 32
58503 30
41402 17
88165 37
93429 29
74196 41
60017 34
66143 19
51975 1
8044 42
9621 5
34256 17
50700 16
97437 34
3031 31
81478 10
87910 16
66252 33
84538 35
48533 38
189 41
19129 0
3002 24
27386 40
30311 33
31037 1
95448 2
3013 1
64681 7
99723 13
80793 2
16597 37
39124 20
78511 4
62022 9
68882 10
96775 11
52810 20
220 2
10199 22
24784 27
95676 27
74904 43
84204 12
42423 5
6837 26
37791 8
78821 9
66532 13
86070 32
25098 17
78297 13
96190 8
10989 28
34992 17
71982 1
45918 14
71236 21
20651 26
45757 10
36535 33
99591 1
87430 14
85128 34
51231 36
8271 32
79850 32
74360 7
89883 11
56949 34
7273 2
33949 13
80420 7
73281 20
56590 28
27399 12
78656 7
7088 27
67553 41
78224 24
22971 11
28727 15
64067 41
20469 15
28468 12
10559 43
27642 12
82185 4
82806 17
98986 40
16805 42
42014 2
84489 7
24108 34
41133 25
35163 39
61004 30
10936 17
26588 12
42646 35
71585 33
83942 0
26863 32
45195 7
66130 27
56696 34
59896 10
52659 6
82300 22
12917 22
19955 0
42880 42
96632 40
68548 34
40401 42
42340 24
27060 21
39828 16
43778 27
84293 5
77748 1
25203 15
38599 3
72481 16
87229 29
8677 24
24642 4
44070 5
10172 2
77104 23
67086 6
53517 24
660 3
3689 11
93046 10
53594 30
687 5
7106 28
5118 38
83279 3
3212 6
1662 38
61024 33
56258 40
22618 19
90267 0
69088 15
59109 3
30660 11
85049 5
8780 24
70115 24
7209 24
74785 17
83896 36
23637 43
99400 0
18346 37
92579 6
66997 39
10446 5
24646 10
72723 27
46664 8
80157 8
51867 16
42383 23
38893 18
30817 28
92040 23
16517 38
54738 24
78715 16
448 23
95429 22
39323 33
9709 43
37061 6
78302 8
37879 33
18681 39
72624 42
64292 28
71208 28
7010 29
51508 14
14370 42
38362 22
17127 14
52133 0
76437 42
18217 21
50053 25
93567 18
77217 43
97614 7
75358 32
39796 4
32089 11
81889 15
55072 4
83505 28
26612 20
45803 40
768 7
10613 32
19096 3
11981 1
92840 0
26819 39
41258 38
90913 39
94016 22
87282 25
45894 28
45938 20
61391 23
71957 28
96383 42
68159 7
86901 12
47952 35
46175 36
66576 39
7576 23
54553 12
23984 2
95742 32
80068 31
22533 32
4139 38
73641 39
76930 16
23575 7
75528 33
69324 6
37305 8
20829 35
92717 36
72852 33
72272 26
70876 32
57623 28
10351 10
55356 2
64058 11
22010 32
35369 21
45363 41
51978 23
34491 14
72672 42
56508 43
90479 36
46750 41
16182 0
77839 42
67321 27
99694 28
40738 26
46095 37
42704 23
91562 2
51478 7
15993 18
35603 37
89816 19
42063 28
49327 22
96229 9
26947 42
69261 37
17676 29
27161 34
20863 40
82274 42
25184 10
44969 12
83372 19
53941 5
20155 22
70627 1
12068 24
62669 15
79958 38
81892 20
56110 26
43790 37
67251 5
90044 22
34389 42
81058 12
54039 7
50316 12
67517 34
54826 6
19228 16
17771 28
15826 15
62919 7
69680 7
27360 4
95371 11
42308 12
22170 21
50063 20
596 40
60207 38
38186 43
92624 21
15167 14
14905 6
18114 10
75069 3
90865 9
1865 5
73680 9
55476 37
56111 12
72566 33
65098 4
9834 17
38766 9
60932 5
67413 34
73829 19
55270 28
94274 9
95199 12
42660 30
99532 1
35232 16
78473 20
81002 30
90617 23
24337 22
27313 32
14392 8
66070 22
58938 39
98465 25
15612 1
25614 27
95431 32
92779 28
94643 32
11809 42
11039 13
41438 23
1309 24
3365 19
68845 12
96809 16
58474 35
55527 30
11466 23
38580 0
64065 18
86604 20
65016 23
81767 14
80940 30
91446 30
78112 32
76136 5
17114 14
50793 23
15736 25
65450 5
80116 11
43109 19
18082 16
82158 22
44649 14
70563 1
97324 37
41064 29
38243 11
32512 31
29908 43
20891 23
77116 20
36517 21
232 30
13870 36
6457 7
76246 7
9026 15
66489 7
23602 36
15797 24
88267 38
86801 6
95666 0
98095 37
12366 7
67719 5
23499 12
69899 33
14720 11
31513 35
48224 37
98098 11
43310 18
24519 28
97799 15
70774 40
72780 38
87137 24
70828 20
92511 12
79436 31
77100 16
19065 40
63651 41
80118 17
93426 21
66185 36
59257 16
97950 36
33208 14
9415 0
21709 31
29965 11
40108 7
83098 7
38562 4
91468 18
21589 3
23971 29
78293 29
3963 0
30008 18
45199 12
97241 43
51494 21
43119 0
2631 43
23101 1
24140 39
53737 13
93529 6
20552 42
77998 11
29789 6
90387 31
49500 21
98989 22
83418 18
12951 2
94899 25
19119 5
66717 11
74103 0
77370 28
99061 31
48990 41
14192 1
98502 37
77941 28
20475 4
77717 11
31699 7
43699 40
17609 39
87616 31
71759 19
84355 5
67491 25
60175 1
63027 35
85950 7
50645 25
53319 31
75887 36
15241 26
63511 29
49948 6
47399 27
3052 34
20136 14
76753 8
26564 21
77880 1
98134 1
80104 7
20604 33
84601 3
63953 30
26998 1
38503 29
42189 18
4711 37
76605 37
27785 43
81349 10
48834 18
56757 17
44658 31
11445 1
28183 40
13631 23
18191 21
55037 28
54133 16
24433 41
63077 25
24936 3
97617 7
1590 21
93908 34
60950 16
45917 0
6560 10
79708 25
79672 23
13313 3
44892 14
82984 24
18869 34
22961 25
60574 24
11210 14
70933 5
29399 43
97467 4
61885 37
10335 39
95856 15
98618 2
52568 41
66976 4
33996 13
79052 18
51589 19
27874 18
55895 34
75726 42
64479 31
85866 33
32126 29
14527 28
85880 38
76050 33
69023 39
203 0
83694 26
51839 0
35282 35
55030 3
14651 26
49945 5
7940 12
96945 32
68083 27
61240 13
18441 24
20366 0
7569 33
45019 42
39296 43
31060 23
10781 40
96902 1
12162 29
99512 3
79310 32
47162 10
59264 13
30006 5
39695 34
42058 0
15896 19
24344 17
85324 29
52631 12
15306 28
34106 42
17023 36
37585 20
85345 29
69969 36
97014 36
99368 18
1969 7
38229 28
83173 9
10807 18
65639 7
73016 31
74253 32
24186 5
33616 35
43083 39
15139 15
47728 21
35161 4
16470 42
40897 42
68062 12
81609 1
26862 31
87509 23
78279 10
35568 4
1428 35
26661 22
96208 6
26680 5
19815 23
62261 8
28231 4
92582 11
90230 43
93604 38
29272 5
81187 18
8148 6
90996 11
83574 11
54159 29
51432 5
25451 10
12766 6
55066 29
50081 37
17899 10
99983 17
93497 16
16361 11
39335 12
93137 23
29961 31
94399 20
30021 1
34377 21
52582 27
51115 29
47596 21
50443 16
48545 42
64936 7
52323 20
88023 21
2134 4
91398 13
37974 25
18364 11
46668 14
41558 40
68024 41
61201 1
70608 25
36408 15
21697 30
34391 8
46251 26
65452 24
98654 26
36438 41
51933 42
45599 7
79293 38
70867 8
87207 37
92792 19
43041 9
19749 36
20463 13
75852 18
35251 11
70743 28
55533 38
25260 7
39021 18
37557 35
73544 36
67829 15
5123 40
79912 36
97157 37
56857 30
43738 16
87975 17
85335 13
20287 24
13830 6
12449 21
87241 33
37465 41
61049 29
37163 15
26784 20
48691 37
28617 6
7228 24
26171 39
12674 16
29429 29
10891 27
94456 14
74968 23
42598 17
51100 43
2455 13
93301 36
90062 15
91271 18
55038 41
85083 30
84064 37
51892 37
83654 1
21754 4
29988 26
8341 7
82993 0
86913 2
35801 23
83278 9
14981 41
38328 0
28065 42
67557 35
86157 4
82664 25
58407 40
87939 43
87610 27
2892 35
6130 28
75035 3
28092 13
58211 22
55346 14
26898 6
74127 6
75710 38
32945 7
19996 23
51105 37
45796 11
42638 33
3363 40
15789 24
84553 17
23568 11
80358 9
73887 9
99889 40
16428 21
90196 37
54915 21
477 14
7531 32
30732 23
96614 12
74113 37
94599 25
21288 0
84988 34
24086 32
27984 0
93991 26
99650 6
36215 0
47203 0
74441 15
42316 3
46133 27
27141 20
60356 5
8547 21
16010 6
94392 12
27074 9
12908 20
64015 30
70570 3
55084 3
32006 17
15884 38
64544 17
56164 23
63170 10
50862 15
27667 38
69655 34
73586 29
89092 42
30825 1
59181 32
63943 25
36018 36
77970 40
58077 13
31935 15
6703 40
47278 0
78095 39
6609 33
72956 25
70533 10
27557 2
23753 34
99854 12
33933 29
21857 20
80523 12
16602 39
82978 33
54155 2
21553 11
62073 42
35433 21
69515 7
88334 3
67249 11
70598 2
28479 5
91669 17
77216 20
50880 19
46479 16
35876 3
22788 21
96589 41
51121 17
32883 30
82672 43
47386 13
4576 26
21914 33
76659 42
57170 4
89851 40
12464 20
57586 34
89380 22
57563 5
90223 5
28879 28
27970 43
65790 20
18712 27
30548 14
93535 42
37790 36
83052 14
49409 12
16958 4
62730 26
39758 10
91022 15
2058 42
6681 35
42430 33
67114 5
84385 40
18712 14
70917 8
1685 17
48917 5
92909 24
19734 30
53152 24
17421 35
34952 17
15262 36
9542 10
33825 9
28825 33
9254 38
3368 35
69949 32
11276 17
6122 30
66459 17
23379 26
94735 0
63804 28
50710 43
84864 2
83916 27
98796 28
13900 14
5456 26
5268 20
19053 42
8556 33
17224 35
12225 10
73540 5
83917 21
58898 23
62192 12
22024 29
72832 10
1791 22
74683 7
83979 13
45253 13
56719 11
29092 23
88153 40
34243 8
28873 33
21014 30
42921 22
84268 26
43939 9
13454 22
15753 20
44583 16
70989 28
67154 36
5157 21
21306 15
59832 12
14347 3
75045 37
11392 41
32302 1
13448 20
25561 33
56450 39
11521 26
24042 33
38657 32
77720 26
11158 8
93507 37
43986 35
42163 35
52584 17
45407 14
35461 1
35705 27
40952 3
13390 24
69508 15
83974 23
15018 41
10552 20
60322 11
97838 34
39236 36
12311 12
20901 38
92603 16
66928 6
88281 16
48777 38
9072 8
19140 19
82870 9
48260 24
16357 10
58003 4
68522 38
69149 5
31380 6
75713 11
81405 6
31534 16
56446 10
70241 39
50404 27
61843 37
99041 39
92983 6
31003 40
73832 8
20439 34
62095 40
39941 21
63773 19
67116 27
43798 21
41832 11
23276 43
47514 21
41693 39
26631 12
86752 16
79513 4
32219 3
8067 30
38510 3
67007 41
82204 41
85904 9
5405 6
75602 13
67496 21
40702 41
98067 28
24633 8
49746 2
50286 22
97783 35
14923 19
45892 2
95708 42
45549 21
44335 18
97354 3
1831 32
21876 25
6780 20
21838 24
26238 6
16517 42
56784 41
59963 36
60750 42
67784 27
77391 30
50446 14
57688 37
38197 21
68916 37
45860 24
30963 16
18336 23
47705 42
76989 26
21550 22
89646 29
65504 8
73698 27
10673 32
97571 26
41608 24
41098 35
54816 1
28099 31
57763 18
61064 1
75822 0
54335 43
91961 29
91780 39
11464 4
83286 1
89543 16
26920 15
73828 43
31766 37
27572 3
16320 15
34676 31
81390 25
80647 14
15579 22
54373 13
68776 25
9513 19
10127 15
24099 12
6276 4
11149 42
2906 10
68283 33
10012 5
45672 13
28720 23
36390 7
36980 4
73764 12
10573 10
72113 33
28506 30
37656 2
39964 36
89953 43
14993 13
82781 35
71501 18
52986 24
33806 14
65019 22
73525 11
50504 43
52347 9
63142 40
60671 9
98065 30
26226 32
57873 32
98385 13
71129 15
72256 11
2045 30
31312 1
52821 9
29958 24
25377 19
65637 19
38498 32
65754 8
54464 33
18032 39
46136 26
32252 21
96656 32
8616 34
4878 16
22598 31
69258 29
23558 14
40023 0
61354 7
36909 22
48280 30
52853 37
95945 13
73298 23
1579 1
7002 0
59421 23
77057 10
81041 25
93491 28
34919 22
31448 33
9945 18
11963 5
38547 12
13035 22
61234 5
607 4
76715 11
27517 34
42569 29
92059 35
72355 29
63676 6
48611 34
64985 39
57283 28
85281 9
77879 25
77 22
46456 43
45570 9
43812 27
51869 31
70357 25
14152 42
23244 19
90963 12
55319 30
33352 24
45398 41
86848 39
65040 7
54107 37
84725 36
73706 12
82520 20
38072 9
51617 15
87413 41
28014 1
6003 37
43047 13
82901 3
55838 6
54098 43
20195 4
34566 10
50001 6
26471 0
90737 41
49933 0
8230 28
75444 6
5577 38
17806 12
96857 37
58565 36
82209 23
13149 26
26939 5
16201 3
62505 23
22292 30
4219 17
83289 38
65473 7
83430 6
65746 2
40602 24
9405 32
84419 23
14692 13
37823 6
5820 0
94469 42
98113 0
12669 28
63644 9
20967 25
78271 9
6817 18
38378 36
25589 8
41614 24
38958 43
6321 13
33840 13
46338 5
54257 39
21560 13
64492 14
19751 1
85635 1
80381 43
53710 33
15188 3
7858 29
36598 20
47572 9
22346 12
32944 10
29557 9
30615 38
54134 13
90141 13
48335 37
29064 10
43200 17
12274 28
63230 17
60354 41
1646 28
93705 9
7175 42
73176 12
38863 4
55846 42
53595 37
82549 28
92980 6
60220 42
68919 42
40316 16
35732 17
94977 27
10892 22
26764 8
26004 3
53526 0
26925 39
46909 7
90501 5
10380 14
45807 20
57341 36
92389 37
11606 37
44002 34
49597 17
14104 11
12829 14
61047 12
59481 37
92593 35
15335 8
14399 21
92598 28
13799 4
14910 40
84144 16
82837 5
83060 10
50561 0
13872 17
90659 16
9430 30
60443 36
564 39
72068 2
99501 30
43297 35
18917 1
54756 5
45274 43
50949 2
94431 35
41583 12
26538 0
49811 35
80850 25
40186 0
19828 11
73876 42
85654 29
92884 2
68345 17
86181 15
90971 21
52721 27
48955 21
9981 41
70578 33
30641 18
15552 22
76556 14
77290 24
13458 22
89751 25
16062 8
30434 38
97007 0
84858 2
8863 18
15058 35
37025 20
63377 37
8129 41
11051 35
14184 18
5709 21
55865 8
84480 10
65721 36
30307 17
25508 40
74042 9
99827 41
41236 34
20636 18
11547 32
19195 29
88192 4
53613 35
45884 15
93538 4
93952 5
72495 41
68388 30
15613 18
44306 9
88422 18
37251 43
38675 34
79529 25
9117 30
18244 8
89027 14
55084 23
56272 4
87692 5
89412 18
22090 26
20714 5
17620 12
70613 32
52514 32
27076 19
168 20
74744 40
72072 14
86385 23
84209 31
5690 2
30985 1
45547 5
81307 10
68304 20
79917 30
21517 8
23320 25
50920 34
33140 16
71501 0
18904 25
82895 6
51090 22
2616 20
75368 6
6804 40
87710 7
11512 35
26336 40
90602 37
78630 15
94105 26
85071 20
56584 23
43742 23
38503 39
43850 2
63319 1
95438 41
8180 19
47258 11
48567 8
66065 0
31816 16
83596 3
29625 30
36976 28
36572 39
93559 40
51603 35
42501 8
15449 34
94730 20
90298 10
55571 39
57498 0
34491 9
25490 34
50495 2
83647 41
91365 18
77136 25
69736 25
63961 18
79648 31
31517 5
79612 15
53934 1
47823 7
63199 34
24059 30
78859 20
31310 33
83235 43
34225 26
81314 35
71929 40
47153 33
4611 27
20023 19
11581 23
71088 39
68214 17
36502 32
4892 15
64550 21
68879 14
88714 18
88299 25
43096 4
47402 0
24856 32
55375 40
2648 28
93861 30
76809 24
52142 10
67522 16
24473 11
98652 22
9815 42
94197 29
58822 33
7213 17
17540 21
82367 35
76169 14
89645 3
17940 14
42200 15
33025 26
69736 13
77221 27
58902 7
45575 8
48942 34
48021 33
10614 32
16904 34
90457 3
15693 20
56239 24
82229 36
82254 37
93580 1
59565 28
32121 8
52386 7
46784 10
99517 38
71488 18
10945 23
93325 10
80524 30
60331 25
50796 22
36609 21
2488 7
80758 17
42309 31
84695 30
68071 33
83797 21
67538 24
44585 33
19750 4
53199 37
88854 36
22166 34
18384 17
16385 11
4138 38
50715 33
8695 38
48130 11
42979 26
15069 34
57850 32
63609 9
99837 41
97907 34
77362 29
4964 7
57328 34
60061 23
49338 41
51779 16
26216 20
4673 32
45438 13
93481 0
10798 35
21757 31
2906 30
51598 4
10107 15
86788 0
18986 8
62435 11
56965 19
26486 0
70991 32
33774 35
87364 2
4531 32
10350 5
47680 39
49487 5
24057 31
9744 12
2337 27
91974 12
59763 36
10364 19
88519 24
49931 22
62582 11
57826 33
28652 11
50001 27
84330 35
46855 4
78009 23
96043 18
7604 21
62205 0
66387 32
32435 42
48887 16
56524 39
12123 32
56401 21
33356 16
28663 41
94344 27
82082 28
68029 36
68210 1
35381 7
77010 10
72664 29
41336 9
46230 36
86595 31
66 19
51301 0
91238 25
5973 19
11269 18
6928 23
95831 1
36776 32
24657 14
83674 24
34971 7
7186 21
84675 15
73434 20
46197 2
82894 40
22059 24
98540 3
31352 16
78379 16
81259 26
94709 4
26991 22
16786 35
83023 1
48291 27
8361 30
37112 0
55189 22
8956 29
40945 18
74512 19
76698 40
77541 38
14193 13
7279 17
13404 13
20698 18
6254 23
37321 25
68805 1
71138 0
4846 43
44957 3
78315 14
89871 28
78433 14
26784 1
32222 6
10284 4
70566 14
89108 16
85842 10
92813 27
25209 29
36742 40
374 26
40514 0
27854 37
56081 13
53552 42
59109 41
57230 24
99059 20
98953 3
32638 18
42384 5
28835 5
40677 21
64637 20
77340 37
91532 7
46029 35
48864 8
21442 41
99114 19
17594 24
97494 9
33272 12
86931 34
62279 32
94152 27
37248 29
60434 10
50318 7
11258 28
4669 23
99742 20
25973 24
85480 9
61627 39
68078 9
84815 38
49302 9
73960 22
50447 6
6190 13
46749 12
65332 30
3294 32
79447 1
19488 2
75857 17
71871 5
51663 39
30888 20
16023 20
25715 23
59025 16
65973 4
6756 40
63654 33
86782 20
45698 26
79861 25
95582 43
99399 28
7454 24
62646 33
50623 13
63963 24
69242 29
93981 40
67037 14
46002 22
90003 34
91874 32
85633 26
24303 13
95924 27
71423 4
59177 20
41348 17
32933 3
11426 29
28331 40
28786 37
39604 35
3441 34
45355 23
91511 14
6503 33
82812 43
96554 24
60964 42
82823 21
19313 37
51361 17
10701 3
59078 31
29983 16
22904 26
4002 17
96211 17
16235 39
27332 30
96977 8
81354 43
88563 14
52597 2
98786 28
70264 35
89478 6
88131 34
55096 12
26327 15
33634 0
49980 40
47896 12
86477 4
73249 42
76139 5
69313 34
28972 31
14690 6
98991 29
43279 6
50758 20
31382 35
53977 15
52317 38
27663 4
22426 43
18104 33
39129 15
30691 5
65269 30
56303 15
73220 28
9414 10
47820 42
30091 40
96353 12
56296 9
41605 34
10384 24
29420 32
15503 31
20637 6
46544 37
24521 36
90100 26
38020 23
82951 4
87112 14
85073 34
79903 6
58976 0
66856 15
32649 38
27084 13
70205 4
70843 43
98380 17
84009 13
86764 35
3801 37
50492 22
86875 8
69619 3
33425 7
66296 15
1787 25
52585 10
87607 11
92919 40
32340 25
19541 17
19075 9
16690 25
31418 20
45930 38
63941 9
50026 2
40568 31
37184 24
63967 24
86503 10
39246 38
39279 7
87237 34
65986 5
61956 41
87428 13
40340 17
98432 25
45906 33
73555 42
58384 24
94038 33
80468 30
37851 7
55991 13
10869 2
87891 4
44263 33
93478 26
33659 0
79977 28
6708 8
6136 5
89475 21
38896 4
73555 34
20571 35
98465 11
21166 6
68631 27
73545 7
20332 7
92529 40
57484 21
49949 1
57434 17
26506 7
9365 30
31317 14
75286 35
74767 34
24270 0
14191 12
76784 18
11622 1
14945 6
51902 1
56558 27
68423 15
68527 1
66881 27
3207 8
42496 31
27075 0
73237 26
96938 15
49205 14
31970 30
53199 4
1859 39
17234 21
36879 9
86321 27
49699 13
64767 13
50995 12
60613 33
88479 12
52473 1
31334 8
95466 33
15666 10
92014 33
75580 19
88258 40
22267 6
18057 32
8441 29
71942 14
86254 21
73397 37
41509 26
21570 42
27154 0
94307 5
98478 16
91060 17
79176 37
42499 12
10672 0
90997 34
13909 43
92630 39
59382 15
38655 36
54761 40
66687 8
94456 20
33271 9
53825 39
10115 22
86799 8
86617 12
28295 29
79678 42
95739 17
39998 28
40577 34
71525 14
81073 17
1848 16
97578 34
61031 4
97296 9
83539 31
51592 0
55039 24
50571 36
70909 3
31963 36
83306 1
2077 1
67289 35
35009 5
81105 5
29995 43
35037 39
51734 38
62786 14
58059 32
89467 10
66002 3
82117 9
50825 38
59384 3
40903 35
33602 28
91333 11
202 27
47988 37
50194 1
2307 26
15143 34
86239 29
30491 4
81744 5
32411 31
83392 1
21125 31
40861 39
81781 21
87298 36
21423 17
466 43
53667 22
5686 14
70361 28
17654 12
31045 35
82717 22
88627 41
22773 4
46828 30
77928 39
17711 2
56902 40
84353 43
64619 9
82628 26
30313 4
12989 19
38218 12
62780 8
83667 30
95665 16
2469 8
69310 23
87996 25
12725 10
7490 23
45585 39
82231 8
64547 38
86464 17
71939 38
63379 15
25774 22
86391 39
14894 7
58810 34
78843 31
99051 43
77616 35
45951 9
60441 41
51066 8
46050 22
47224 2
10880 37
73141 25
16369 3
75566 6
58424 18
35852 7
89857 33
75508 22
89771 27
87038 39
61556 30
32218 41
63491 31
74920 34
34764 3
2429 23
37937 22
9525 33
11510 26
61762 16
61565 17
9447 7
54874 17
308 30
38449 9
77870 12
2465 23
13162 39
29075 28
76306 24
15693 43
90942 37
91585 19
66414 22
13703 18
78718 14
29604 28
8795 24
40848 36
3704 34
47119 21
86191 30
99464 17
93472 13
22381 37
74830 19
38455 13
52844 15
79471 18
40670 1
816 1
50473 17
33884 0
26837 4
25757 20
75563 34
89789 21
46854 31
76045 20
86939 5
87615 29
37823 12
56783 9
83946 36
70387 37
14710 10
8028 21
77193 19
5960 16
73953 2
92772 1
96633 36
89421 28
38606 8
99467 22
75561 21
1421 33
7212 12
4563 43
69232 7
42488 19
8205 30
22609 34
13516 11
29489 6
46628 2
91591 27
31545 9
29442 31
67165 40
862 21
27461 36
60847 42
45272 12
54250 2
58503 19
24071 7
2053 22
7065 9
56813 10
42987 31
37432 3
3378 27
12441 20
83836 37
48916 0
63973 33
89321 33
20029 2
85799 1
21315 26
50222 2
81149 6
97865 28
3195 27
94948 17
17139 36
98901 29
95182 34
60195 43
94411 9
89202 25
52885 11
4384 14
49139 40
39535 30
67656 28
15617 19
25683 37
31804 42
82638 25
37212 13
2778 23
21978 4
60287 34
30581 33
14239 42
80493 16
25185 21
8382 6
70473 21
20505 1
56321 7
70097 2
30374 32
69787 4
90230 2
71398 1
65874 38
91683 11
2128 37
84243 27
39496 28
75860 29
91321 14
63813 26
28536 38
36399 27
98902 2
30134 32
55236 0
94983 13
61305 34
73834 43
18658 26
73243 43
5453 2
58738 20
17414 23
75149 12
96976 27
36623 41
5451 41
58455 38
17579 42
82395 16
84050 13
78151 20
80723 37
44900 5
22177 11
68968 34
89537 40
92100 41
51469 15
6091 7
73427 13
66347 2
99698 9
94116 37
54219 2
42678 15
13959 12
67967 34
70650 14
40101 3
4204 1
93264 33
78734 31
3208 40
97789 11
83588 13
64599 38
55297 43
75366 16
93616 42
86036 8
27682 43
41777 14
65789 33
79221 31
81647 26
90370 23
89422 13
53454 15
38354 3
26369 36
37856 7
24461 18
91997 0
39822 7
99337 41
47634 22
82656 1
40490 9
34764 25
48447 9
35257 43
13662 20
37156 6
46527 14
20133 14
26039 30
34497 34
50363 30
94068 13
58943 34
14919 26
27820 6
24061 31
49669 35
73366 15
58263 37
50654 39
30787 4
94767 10
60043 21
72365 4
77111 6
72683 16
39627 24
72228 39
3647 1
79790 42
79131 1
4619 23
36445 16
84637 15
13360 32
59246 39
49694 1
57464 21
36391 17
47596 15
29539 9
10749 4
64932 3
58818 20
85460 20
24064 30
30867 12
4436 7
93766 26
45636 4
17346 4
11136 21
41128 28
186 11
7913 43
238 9
4861 26
11220 33
14099 23
36267 3
4705 39
18871 36
80214 40
2594 16
87640 5
56426 23
73313 3
50744 41
1718 20
7083 21
2921 43
83928 16
22732 27
87256 4
25284 40
17695 20
15201 18
94307 37
29932 15
97252 9
72560 34
10844 17
42160 9
75329 3
2000 34
75198 15
70121 1
62065 16
68495 12
77693 24
44520 35
2431 33
10468 7
67108 8
93066 20
2314 17
96215 9
24410 31
50909 18
5869 11
17783 36
42209 26
64945 27
2985 31
7361 35
91314 38
8983 15
76440 28
67989 0
44778 0
61863 43
27994 31
83260 26
26851 6
22504 7
22066 25
79750 19
78354 33
62453 25
55151 36
34978 29
4130 43
60328 22
21057 4
93481 0
18046 13
99297 23
49405 14
65430 29
1770 0
50330 17
4606 40
55140 17
61739 27
8898 9
48692 28
11139 21
13855 38
35547 0
14664 4
41909 15
40650 27
18816 8
33487 28
40388 12
35344 27
20166 34
61056 9
93028 18
60677 26
43065 20
57246 15
21011 5
73564 29
70112 13
20849 7
73515 35
4805 1
86817 37
20809 34
19164 27
10593 27
63618 25
96321 16
29758 15
34928 19
42477 25
47416 27
58170 37
43042 28
37026 3
87789 17
9120 25
80544 12
31372 5
840 31
87287 25
46125 17
30988 33
31203 20
11972 34
66858 3
55681 10
53973 39
48240 27
88864 5
39156 32
10381 11
38563 41
70848 41
82297 36
3659 10
69845 24
93720 17
27439 28
45266 19
27553 41
82786 13
78812 1
38692 29
11665 16
65351 25
81890 42
11768 23
77915 28
76883 0
29869 17
52348 10
37191 10
68223 32
62494 10
84944 0
27933 32
1280 2
94872 43
21811 29
53318 7
84845 24
68476 15
54040 27
32138 43
11524 5
76008 23
79460 26
63236 43
18135 33
46976 40
11302 40
12879 26
33400 16
35871 12
90655 19
93207 25
45968 30
86825 36
28330 27
2521 15
42581 4
29562 1
89615 18
39586 9
38339 23
53745 18
36127 30
55443 3
16666 18
79608 21
36929 31
87268 27
3505 22
90202 33
3521 6
79367 22
3734 16
43071 28
35833 32
15807 30
38356 33
84617 10
16727 19
29848 0
64708 43
9619 16
14217 2
24916 3
76932 24
55048 8
16423 22
86407 41
50823 16
34933 23
60091 9
78779 36
89476 9
45183 24
9674 3
86961 7
13582 22
83777 28
97463 4
57509 15
23946 14
3504 3
30891 15
64544 12
80408 14
18405 1
73994 21
83667 30
68262 21
18274 1
14076 18
65331 39
20814 35
25147 32
18087 5
82115 9
43080 12
5266 39
82365 39
67151 14
80764 30
32452 8
20586 25
63093 5
25200 24
1602 23
4600 12
88240 37
65639 26
435 12
24171 17
35752 36
65317 34
46643 1
62990 16
30208 13
21132 40
76233 1
40685 39
35756 19
8373 37
63375 31
64975 4
68103 7
12962 20
6579 40
69898 31
84755 6
70154 22
55809 10
22636 4
12233 7
36 6
19535 1
56071 33
52142 7
72541 1
39087 36
9220 9
72986 11
40827 25
45436 10
75129 41
31048 1
15181 29
46404 42
96808 21
9680 19
19670 20
77550 6
31695 23
2213 43
20194 36
72512 33
79190 28
52127 3
99904 38
2474 23
34249 4
15796 28
22112 27
87189 18
21085 14
40745 9
36701 3
4156 30
66128 20
13269 32
55106 43
26093 10
44358 25
8192 11
42090 34
42961 26
78123 2
12472 18
57580 14
8139 24
36908 13
31339 24
50834 17
96002 6
57499 40
32115 1
32970 19
11946 15
52976 13
67147 4
72931 23
78836 24
40038 43
14292 36
3931 37
67899 22
27969 13
38698 8
14034 34
33167 7
68545 19
1527 13
36944 24
34620 14
91062 20
55258 18
14705 16
23426 20
56048 11
59184 1
13457 13
45797 12
5498 23
10014 30
6488 2
72274 9
49987 23
77097 35
31510 11
1061 10
26663 2
23800 0
38892 34
78924 32
23255 16
52679 42
56837 3
96536 24
28899 40
96415 39
10427 30
77141 20
15174 5
53275 25
69796 21
39833 33
54101 1
78622 9
70816 34
37334 10
98252 34
2042 14
83363 15
10403 8
22491 21
13711 2
40214 11
52675 40
29429 15
58840 25
62582 15
52966 21
36638 36
94402 13
99353 41
93869 20
73746 40
18551 6
13052 6
9394 12
14399 33
41821 13
75912 29
55555 23
19386 30
78499 31
73122 25
76334 41
94542 4
71005 28
92405 34
67684 14
16440 24
80300 15
91036 35
16475 16
64887 4
71253 13
56587 5
40169 1
91952 9
30082 10
82686 29
7291 8
79050 4
31112 9
38853 23
42117 26
39379 33
32417 0
70500 16
71680 24
95677 10
68399 8
71058 19
5483 9
8837 13
42940 6
83469 35
61754 40
41008 2
50423 25
79907 43
39484 12
60280 20
87588 23
17290 15
24358 14
95928 23
13864 40
14929 22
97223 13
96350 33
64898 24
77199 3
80148 22
83025 3
29039 17
94266 6
36228 43
62717 41
60601 18
5171 20
65627 23
72762 32
36568 19
25662 43
33734 0
77118 0
82826 40
79038 9
28197 0
41209 4
8302 37
23402 29
5263 11
1022 34
74172 26
70288 0
84880 11
77906 35
28374 40
18166 35
63198 6
2371 13
51676 40
86264 26
41839 9
24288 6
90646 20
38566 35
17052 25
42631 1
41906 13
759 30
12275 21
96321 28
24426 43
33467 11
76775 6
22074 37
43272 13
39921 41
37409 3
55197 21
5224 33
94218 34
50298 20
66352 29
50424 27
55213 31
13360 33
14672 22
28114 12
60913 31
83064 3
75737 41
45358 22
47167 21
4092 15
74788 39
40664 28
35737 25
68752 22
35100 34
57122 33
67860 7
94621 30
86485 16
39276 20
96975 37
15528 15
50703 9
17190 16
42051 26
59733 4
79797 24
34845 8
88987 34
25968 15
4308 17
47902 24
10921 43
65705 42
59423 0
57330 4
88365 31
15727 7
44311 3
98410 40
79833 22
59429 6
845 28
26301 31
76792 20
78069 12
1534 5
43993 18
91591 22
77413 37
26023 19
76841 4
68699 16
69469 15
70887 42
52638 38
76983 13
66039 38
13705 14
72922 38
38668 19
8184 22
56178 4
20711 30
70192 10
27709 37
59072 15
15125 6
91430 38
31225 3
42854 8
67764 42
97088 25
15360 27
77717 4
85625 0
48685 34
64721 16
16103 1
86982 17
27293 27
41401 31
81862 34
60131 35
80862 13
48864 7
44007 29
82708 24
19027 13
30164 12
19870 43
4823 19
35601 43
86855 6
69841 37
96339 39
12946 37
63648 10
74180 29
75774 20
23597 0
69280 26
57434 41
72507 8
74522 5
24476 7
85359 23
31484 0
82839 13
22568 15
8301 11
60641 21
61094 28
52443 19
98595 25
52729 6
97879 15
2601 17
22213 14
81916 21
39716 15
78003 39
38587 27
48601 37
63419 8
96940 9
95175 41
59666 38
68827 7
52778 40
71962 9
47736 1
29031 21
64304 13
80146 28
96201 34
76234 28
17230 29
34067 32
75999 6
23900 40
24255 5
19665 43
79006 32
59115 6
72773 9
35941 9
45386 2
49932 43
50086 21
89833 20
12290 36
22003 18
30091 3
54534 33
59958 43
77116 5
31112 39
42759 26
88767 23
22539 33
39494 29
99955 34
69279 11
80554 21
79739 35
72812 5
14784 30
64952 1
61033 21
92151 26
86339 17
89927 2
46718 3
27350 5
2784 30
76785 10
17244 32
75332 23
29023 4
74247 42
1631 41
75198 28
5754 30
271 16
30194 9
71938 33
26756 32
51831 1
73681 10
81534 10
43133 15
77467 40
83962 23
54626 34
27494 23
291 16
19847 36
68770 31
11780 4
58008 27
24237 43
96204 39
31626 1
74964 12
7694 30
65206 25
4062 28
57373 31
98223 31
1439 23
49705 12
9620 11
28548 19
75400 6
58535 19
44525 14
11969 1
39801 7
12531 35
96135 42
26656 14
90040 31
8235 12
33518 1
47822 16
46188 14
2133 8
74332 19
92141 33
52173 19
75058 38
39034 8
16603 31
35255 38
85529 35
81419 21
31860 28
61283 8
21020 27
55221 28
59741 30
38936 6
30176 37
94978 7
90893 41
16 18
16046 13
71152 43
9389 2
16769 33
46052 35
7631 2
29727 19
83927 28
92303 12
70375 13
58712 37
42772 34
2908 33
59305 23
5901 1
96905 7
93610 20
10894 20
60286 39
9473 8
37782 23
93932 32
87534 7
55808 22
3449 29
4313 1
91727 3
77171 39
59929 40
48656 32
60537 10
12080 9
89083 36
68586 16
98044 8
85250 37
30772 8
70044 40
34587 28
37563 42
8229 43
19911 9
87958 24
6307 10
71604 29
44462 1
69812 13
48556 18
24889 33
82730 12
1606 24
35123 31
50124 41
66704 34
86992 9
4360 8
69358 24
86395 13
70400 9
46847 36
52123 24
47319 27
15858 22
45962 30
32810 22
78502 8
84126 11
73706 22
4268 4
93782 22
62722 21
64006 34
11212 13
80031 34
70584 9
23440 5
66550 13
10240 9
87900 1
43624 30
87328 30
68402 40
44733 25
62088 43
43332 12
73238 32
36357 2
58968 43
87497 11
2460 19
65935 26
45867 20
53740 37
84112 31
28820 24
15417 15
79156 22
34718 16
41085 41
38120 14
35761 16
65807 4
62977 3
80695 38
74233 31
52217 8
36815 11
6704 11
75497 28
72568 27
97820 11
4722 6
73508 14
36197 37
1998 26
96786 30
10988 15
34677 40
15954 6
85955 25
27949 14
25739 1
83949 36
69804 12
38538 25
44770 7
89600 2
38272 17
75224 21
83083 38
72249 3
82092 20
46508 26
52949 29
86682 1
16847 1
37094 8
97228 35
57137 8
7089 25
55011 29
411 12
53803 39
84275 23
41295 8
37019 22
1696 6
32148 11
23273 28
59450 23
54711 21
44369 11
70536 8
24548 37
61403 0
32226 25
58495 36
90837 31
4252 26
15760 20
37716 22
47846 40
83044 30
53027 19
18171 43
67114 20
82564 27
68290 43
99000 5
63349 36
88334 20
27279 17
68510 12
67895 17
34250 35
19738 35
45283 31
83241 29
92549 8
36013 8
86506 5
82831 0
89707 19
46037 31
47044 34
66602 24
5464 38
91969 42
37564 19
32641 0
85489 14
29088 30
90595 34
94291 32
57416 23
81314 29
9409 9
20014 22
78595 26
57814 11
48282 22
50179 16
44960 38
34961 18
96727 22
35220 18
54547 36
67930 43
54714 8
55575 5
20759 28
92881 17
58840 24
25096 21
99134 9
1971 26
11028 11
86735 26
20908 5
52320 21
71451 13
96247 3
25744 12
76480 21
65643 21
85690 21
99887 35
96465 31
38759 3
94416 35
77460 20
67011 7
19465 32
71033 7
87337 34
38663 6
2874 25
12969 34
16685 23
34220 10
90784 8
69237 24
88769 16
40312 42
59474 33
33047 29
308 4
1446 36
12045 36
38978 31
88136 29
95261 5
33362 9
98226 3
32368 2
38217 19
85544 41
15820 42
58233 28
83967 24
40931 34
83391 22
50642 8
49470 14
95779 36
95234 32
47587 43
19620 22
9305 27
34410 12
98624 9
63100 41
81628 6
6311 16
37100 3
84322 32
62682 1
66046 4
56136 27
66236 39
68287 1
43173 13
43437 38
97899 7
13672 2
2613 6
39240 14
28443 14
53670 10
63556 40
99413 17
3660 43
58530 7
45286 8
73619 36
36791 25
47634 21
84960 29
14945 2
43283 31
64231 43
23212 5
22136 18
48332 8
11395 33
88130 11
9046 42
70349 25
59581 33
53829 39
67104 27
33842 7
66276 7
84725 8
82053 37
82339 30
43937 42
26512 43
10557 4
9982 43
8955 35
11849 20
66306 17
96499 41
8605 0
20710 28
38917 0
7437 3
56008 39
13603 42
54990 25
73163 34
7269 13
60258 7
55939 17
48971 42
47668 38
18558 23
43037 21
53303 14
51145 30
69764 43
40412 39
9001 0
20145 41
36657 13
47127 28
17865 2
90752 43
28061 20
31695 35
50275 12
15014 29
47863 24
28273 5
90841 9
12428 1
83981 28
75947 23
20569 7
45568 15
55517 17
32784 24
94748 5
98267 2
24257 21
55858 32
15613 24
51674 41
21316 36
3605 16
61722 5
17035 41
14061 33
47260 11
13686 37
58429 17
6045 33
35849 0
68443 40
44982 32
18700 26
11454 14
1563 42
21978 26
10726 28
87768 42
59187 29
61908 12
49197 0
84364 36
68611 22
60323 38
44636 31
57269 1
54822 37
89875 34
53269 21
84059 11
73524 39
85672 41
1196 30
89761 23
30165 37
42340 7
85495 35
41380 33
90093 10
54430 28
10468 6
24582 30
47734 0
69102 7
4355 10
33569 38
6549 32
88926 18
14716 43
5802 35
69590 29
59638 18
84633 42
6628 31
35320 8
45972 41
14576 16
21372 3
68088 1
79553 29
73118 11
10635 11
59810 17
66530 18
44531 4
51986 18
38136 8
41366 30
32406 14
6008 23
15818 7
12476 14
71659 2
83687 17
35746 8
37495 31
369 27
63639 1
84897 14
3673 23
1406 5
9835 23
34676 34
69080 33
66310 12
27261 13
91822 10
24660 22
67621 12
73978 40
18951 0
63149 42
44767 23
73823 18
40269 39
48582 32
32466 19
27900 18
38487 12
51456 25
89712 42
69703 36
62352 4
89140 21
85653 27
24696 17
86004 29
23261 26
80208 2
70482 25
72352 20
18405 7
29557 16
26943 15
22693 22
34598 23
77560 34
8217 27
2117 27
83185 34
47815 23
45849 32
77702 32
65625 12
50225 19
46030 27
42613 39
92301 22
28188 14
41034 28
6506 7
21771 23
28540 27
73424 35
88115 15
70895 9
51765 41
93378 26
10030 31
92734 4
49114 15
28362 41
39495 29
20393 2
39399 7
81258 9
71044 12
46052 1
99782 2
69720 1
7527 4
4816 7
11544 10
82387 37
90521 7
64771 25
17125 16
73875 26
93011 28
54198 9
79805 33
52601 18
87716 2
94432 32
19069 28
9477 21
71428 22
89152 0
3668 19
92126 18
74270 37
12389 31
39267 14
38147 36
98517 26
56051 34
95240 2
21740 16
90338 0
83210 12
58574 38
13722 17
57432 32
17292 33
81369 28
63970 41
43840 22
72238 23
92281 12
88306 21
52873 39
25736 32
68344 1
23229 1
22911 29
68470 30
55891 42
17596 12
93922 42
78914 32
32765 12
87374 28
78865 7
90847 16
60547 23
53328 16
37918 2
58416 6
8738 4
36930 16
68980 43
64836 13
95283 41
62534 20
26696 36
91161 41
91099 41
75484 36
74559 17
11988 19
16531 8
2358 29
87436 27
43220 15
72795 4
44593 7
55490 25
54200 35
85441 8
64034 21
82333 32
66395 1
54494 23
14514 5
65271 11
18547 21
44028 9
68829 22
89379 15
38618 33
73582 30
78348 32
50409 32
12535 36
38859 32
31397 19
77225 10
46864 41
41243 18
94273 9
10016 25
24220 31
91957 40
70027 6
28715 6
18832 31
28886 31
68004 30
36745 9
56171 36
77576 3
58886 17
77929 6
83653 16
76914 31
44205 9
23001 35
90405 14
90141 39
69678 41
38230 39
48749 40
16039 13
80174 26
40209 36
56166 38
96577 33
53267 27
3273 21
23632 26
66296 24
17023 16
3425 42
7531 42
24008 8
3759 9
36194 29
23435 21
5509 19
46171 6
66249 25
86128 28
11628 3
30591 20
32504 2
84688 41
11145 4
99813 20
67347 33
43220 2
52275 9
90574 2
78750 41
19970 41
34948 28
29762 2
94149 4
43302 29
94069 24
99921 22
62275 22
88716 24
76963 31
36786 8
42654 4
53343 41
66804 33
3530 0
64314 1
37189 9
83554 0
24035 15
86374 34
71103 28
62121 43
99574 9
38975 22
62309 3
74220 38
6978 43
9618 35
91044 24
54552 20
17024 37
98431 23
86607 14
96903 22
48599 23
56273 5
63765 2
93177 21
98 18
37655 33
32873 13
86392 0
23690 8
11511 11
13197 43
48748 26
323 10
37960 13
13799 20
6944 39
9541 24
82633 15
21778 8
81421 27
1739 15
74387 20
90061 7
73236 22
75795 36
27879 38
2994 33
19549 31
59065 38
12343 14
91274 17
41573 23
47333 13
42468 31
23086 6
83892 36
92279 21
87844 41
45947 6
76611 38
27007 10
9370 5
31250 19
58028 29
81382 33
77686 13
36792 36
99095 41
46930 5
77120 33
66377 22
46666 43
99949 35
97134 0
11853 17
63074 35
34191 3
53883 11
20523 32
97845 40
20358 18
28812 0
19644 43
24109 13
54398 16
52166 17
46444 41
64866 22
17036 34
7850 20
98448 34
89834 39
51009 19
34442 7
33696 9
53066 6
19181 34
76780 29
49596 34
41422 12
29949 5
79148 28
49397 26
2270 7
46334 20
66280 6
59105 11
51023 29
35000 13
22390 18
84595 41
32877 11
77551 20
60282 12
68218 0
78174 32
78267 41
8514 43
72524 37
94478 30
53585 32
53771 15
51121 10
70489 15
34551 28
76013 32
44589 36
54557 14
70260 11
12370 20
95606 5
23335 22
6857 2
7137 42
35799 11
53302 37
92329 32
86811 25
16434 33
18529 8
76472 32
29509 4
14624 24
72880 38
3956 24
96313 12
17516 17
61531 7
21937 15
13338 31
14604 7
21058 19
28659 21
29434 8
26705 10
78538 5
212 43
86869 3
73044 19
28260 26
48499 41
18415 8
43956 29
39303 5
29255 0
73537 3
84997 13
28252 6
25169 31
21291 31
12250 9
74589 9
81849 18
26565 1
44901 41
46873 13
1783 10
52952 20
55706 41
16298 14
58134 12
68849 40
47325 34
30868 28
77571 1
68911 28
28510 33
41381 40
38987 42
17693 1
29949 25
22871 16
51898 30
37486 9
73696 0
52105 17
47275 24
35348 28
73913 9
12940 17
49849 13
86561 0
35037 25
88970 39
45459 29
2696 14
90605 41
55896 5
14223 19
51680 40
47204 13
94 3
29923 21
47925 41
9361 21
28070 43
68294 3
92875 22
4297 12
23816 33
73384 2
83280 30
16874 0
35547 38
67289 4
92836 4
6102 25
70039 13
34947 30
65161 22
56186 3
60183 18
71990 22
23490 0
1038 5
20042 25
50539 13
55607 4
1814 29
66822 39
12130 9
23573 38
32026 29
303 31
96886 35
74613 15
49794 27
7683 35
42715 31
58101 26
83367 5
51569 30
97919 40
95550 3
2477 22
61566 15
58115 22
27772 42
241 5
9439 8
70656 4
55330 38
28846 15
40569 22
35249 5
81204 15
28437 32
94740 1
84807 4
52257 23
17965 15
42259 2
25152 20
87979 5
41926 8
46499 0
19655 5
7082 24
52824 11
14921 0
38428 39
53210 42
19746 28
53948 3
68424 7
85395 23
93657 41
89044 34
94939 7
25432 6
73949 42
20080 32
2829 3
35988 29
46011 28
32 27
79903 41
50910 6
61905 43
20975 21
17299 22
59340 29
83621 10
27671 31
43734 24
96427 29
10500 3
79469 19
11236 28
63459 28
70888 13
92804 23
96570 36
11566 22
90462 20
29798 41
45201 16
6269 20
22447 39
60373 20
16964 16
29005 17
43103 14
70303 37
82555 35
44198 7
52554 5
37055 32
46090 36
24151 30
99986 26
23475 27
2324 0
80389 16
22841 20
44039 41
19608 27
55467 19
23531 0
49972 40
91040 43
94910 38
32626 5
39438 3
93117 17
77476 33
69082 21
19601 3
3284 31
74203 27
94491 35
52400 34
81260 3
44104 35
3201 1
59700 33
26318 35
76002 41
91148 7
31592 2
93709 5
13544 35
34342 37
93970 41
16280 2
97420 20
90458 0
11731 8
90939 6
73256 6
49858 14
52891 18
96698 21
81656 27
82000 5
66684 42
87619 5
30255 7
59968 14
34729 31
90361 16
21336 32
11504 35
18170 26
19191 8
45004 23
27700 28
72113 8
36205 37
40289 33
11040 21
5973 35
48352 26
85537 36
14722 37
33461 9
5862 37
91321 43
29031 36
59468 0
14023 24
59431 25
74504 39
41090 42
55881 1
29100 9
91908 26
9037 22
84987 19
77961 21
67409 25
60460 34
49706 30
49415 32
90960 8
70474 2
47496 34
71459 18
52709 41
82765 23
54662 31
56441 43
47522 12
78926 6
89960 1
12630 7
57049 29
66902 14
7177 10
93478 1
38893 17
83210 34
58670 5
18801 30
37070 40
24420 35
93730 24
39954 28
4268 21
36353 18
20914 19
94987 36
65449 34
48447 5
48422 20
87721 20
45796 40
28959 33
77741 33
92755 4
21773 2
20818 5
44885 38
25161 8
23896 29
57898 33
74809 31
60840 1
62183 35
32139 33
64488 23
76829 11
51824 24
66016 31
26987 19
60164 42
79032 28
23970 16
74257 19
32035 35
24201 23
63659 16
38450 13
34890 20
264 8
18161 27
25993 27
56030 32
88149 39
94467 27
94306 8
2469 40
88806 32
87507 31
90620 16
41837 43
26509 10
19994 15
26028 32
87795 29
57168 18
26556 42
78343 30
69012 6
2964 24
95749 37
91375 40
81929 31
91329 3
13872 43
20060 18
25172 24
14444 13
13574 31
83832 17
7777 2
87385 11
33205 37
51415 1
68488 10
24270 10
20061 39
17454 18
14837 29
75648 25
55360 11
62634 22
90401 30
33623 21
16128 32
87645 7
87665 14
54237 18
2879 7
34272 33
97069 2
92997 42
1158 39
52720 6
90870 34
68708 40
48495 15
88034 32
22843 21
46405 3
67350 42
43559 33
2121 42
46657 24
45150 6
24949 41
87694 15
21813 6
11902 18
15520 33
17917 0
24774 42
96730 32
56396 35
73582 12
90930 39
95488 28
44890 1
47416 5
73865 7
91857 27
90696 11
80895 0
18618 25
22263 29
23464 39
22071 4
75157 23
75496 27
66225 20
48162 25
86514 19
24786 15
69395 32
54762 27
46615 2
62187 37
31514 6
15581 18
18052 40
12379 5
34501 22
25422 27
2328 37
99323 22
77768 32
71472 43
22296 24
94855 43
68811 41
24970 15
58407 33
83908 5
24781 2
99916 21
25390 29
88226 20
72678 2
99758 7
17541 22
59971 34
72637 21
53867 13
78022 16
78541 4
75151 0
74362 12
80684 34
58753 15
48212 10
37574 26
98207 43
51359 31
56911 16
67426 38
31731 3
6131 7
4558 29
86098 16
44757 40
25873 4
1193 8
61362 34
34017 8
13893 30
77119 31
96220 6
33841 4
27059 16
5002 9
69152 33
27071 9
57321 38
51484 18
39477 8
53487 24
6137 6
58583 36
4888 23
65069 28
14522 13
66933 17
33539 13
67228 30
78133 33
6559 41
99918 22
53560 18
42551 37
7158 22
14570 43
17846 17
99029 13
60604 18
2647 17
28757 43
64322 37
52124 39
45688 6
70179 14
74880 36
50584 30
75406 5
14659 42
39787 33
80197 3
22065 6
21462 25
23973 14
98387 13
94909 13
22499 4
98392 42
31216 12
54938 24
62028 39
33802 32
92279 41
2669 19
64367 42
91293 29
40578 3
35326 34
77827 25
24329 3
8880 37
81738 29
47635 11
57624 20
97063 35
27796 12
49689 37
50401 5
81570 11
92638 22
85546 31
88129 7
33960 34
41526 18
56490 5
66172 41
52782 0
99858 26
55400 7
92296 43
73519 42
53963 30
89199 42
60830 30
557 13
64470 9
4523 0
68364 21
52212 9
91682 36
85461 34
71756 20
7641 15
37583 17
28134 14
69043 19
87811 11
33753 13
35501 40
65425 36
30131 4
89463 35
88343 10
31388 37
50962 37
15743 31
66977 7
36646 1
25779 43
24227 21
8480 36
92965 26
56505 40
25799 14
72453 26
58099 31
63563 1
23195 42
25396 41
39350 1
12876 12
32880 16
63694 27
4251 10
41901 2
85450 15
67688 37
49840 28
38038 43
33922 34
40400 21
17337 4
11881 10
73747 19
91507 24
1597 24
17948 32
4007 7
54255 39
9214 39
78756 32
72512 22
92149 35
87711 3
63109 36
19665 5
75141 43
51692 33
907 13
9423 41
29887 22
77829 20
99499 12
24892 38
54794 23
42033 4
53618 35
45969 15
10961 34
23913 23
99235 36
45357 39
70108 42
82745 22
20901 17
32247 12
11853 19
16009 20
70515 24
43772 27
63753 11
98592 38
3229 10
53574 5
80541 14
2555 37
61787 43
85971 30
7501 41
45367 15
9583 31
13642 9
12384 41
73954 1
52242 37
81079 34
64882 21
18229 29
21664 29
55686 5
5572 15
61533 41
97294 32
33282 7
59275 15
25318 31
32940 10
44975 24
5528 16
50236 2
16194 36
30688 5
34130 2
88686 22
38287 31
12088 2
44059 37
76800 14
41971 23
23647 3
77304 40
11534 29
96914 0
88410 1
18883 21
18182 9
27479 14
33943 16
13760 3
15673 23
46314 40
3415 20
56692 14
64551 9
9381 25
41222 16
52819 7
26599 31
83393 29
61564 14
64436 22
93196 38
75046 26
46901 37
23631 9
68464 40
58997 39
36000 30
31585 33
31974 13
25809 1
52917 6
90263 27
46345 4
94073 30
18225 29
30162 43
46145 11
45606 20
41740 0
54517 31
53647 2
18901 19
85079 32
84489 30
59318 39
59251 35
27150 18
27331 7
14652 7
57839 9
43996 29
94780 36
82427 9
16067 2
38934 14
40582 41
7078 32
79379 31
65191 6
65629 22
30742 40
67643 13
88122 1
1953 30
16800 7
13648 33
53928 41
85330 9
16346 5
82521 11
88055 31
94424 30
20553 6
38930 38
70093 9
94631 32
62401 35
95863 16
20251 5
85989 28
63911 10
18301 8
59070 21
95156 14
69486 27
93169 27
97339 28
29201 41
15347 36
79634 12
68569 17
9758 25
62507 23
64191 12
50462 30
58685 21
64018 29
54547 40
61833 22
65153 8
32534 4
94023 36
63969 27
57461 1
86165 36
26709 14
86079 32
68789 11
49901 35
86522 8
56413 41
56239 30
86461 22
60291 14
47034 22
2214 19
67748 13
46397 9
3880 5
25859 28
26107 31
70477 13
42485 22
41634 10
55269 42
57378 2
59461 29
6418 23
92340 18
91223 9
22473 11
177 30
78393 13
88527 13
77790 25
78186 8
33264 35
41513 8
65620 18
44212 13
47669 41
98062 38
76738 23
78920 3
33762 40
81338 24
32551 9
35753 28
11003 28
16636 41
95733 37
35030 15
25297 11
99657 3
82679 14
60917 25
54875 20
75133 34
58654 1
99279 28
2536 20
99401 21
41237 26
97141 7
53703 22
77063 42
32389 17
23025 10
21393 14
39684 32
14459 38
56401 2
29665 39
5707 3
15807 24
29698 16
40724 1
69817 34
7069 33
86807 24
92644 1
8141 1
87606 13
11576 3
49554 14
99829 23
99671 5
12775 10
47928 16
87702 6
87887 17
85765 2
18415 20
80590 38
33761 32
69529 7
83369 33
92109 24
66539 16
85975 24
64697 19
56800 25
79351 27
38184 43
87837 6
54028 1
44675 30
56150 35
59424 33
45687 26
31262 17
62795 0
56955 0
85544 23
24876 27
64857 5
91312 25
65590 30
98169 15
75309 6
82084 33
61079 7
10348 11
73870 42
86357 33
63391 10
93154 34
60898 8
38791 25
66432 27
57518 42
87171 17
45886 6
35691 28
91946 40
63430 10
16870 27
39390 9
14248 41
97429 32
78690 15
60941 16
12751 9
60300 36
51070 3
53962 4
74235 8
36133 33
23728 4
44986 26
49634 39
89504 24
27578 31
15709 33
44573 7
98847 1
96570 27
40312 3
73567 25
99885 41
22094 10
93221 29
75024 1
46725 1
53431 1
48690 40
25149 32
24509 12
28674 16
69542 11
90325 32
55321 35
98312 31
4837 32
55551 34
55548 9
92098 1
64295 26
28289 35
27597 3
74413 20
23330 27
36330 20
14983 32
26030 8
21512 17
39231 35
19887 29
79568 27
95619 18
24536 23
44705 27
49143 3
74905 1
46614 37
92329 26
26381 11
4922 9
45767 6
62826 27
42375 21
19122 6
92941 35
44119 27
32520 9
43742 23
22029 33
7033 31
53083 39
66419 6
46052 35
3695 11
2436 24
75253 29
9991 22
73831 28
26154 43
93667 4
84920 9
31267 1
70249 8
5107 9
20105 24
37431 37
90535 2
10083 23
61675 23
70877 16
8275 41
21321 18
92470 16
55337 5
65964 16
95364 16
9199 41
45629 36
89744 22
7846 25
6430 22
97319 4
63363 18
8333 28
78282 28
56163 34
93386 29
33605 22
70103 15
48614 33
7947 30
47049 0
69395 2
12689 26
93773 9
21127 21
88951 25
10000 28
80754 11
87428 17
33425 14
64369 15
3734 16
91355 22
11021 33
54669 32
27389 33
18560 43
4382 18
25132 33
78641 21
18155 3
96499 32
53246 26
58590 35
62013 6
74112 18
93461 19
47138 32
83560 24
42778 11
73147 13
59166 23
75720 6
98665 35
19185 28
44992 35
21313 30
14946 13
69504 18
77406 19
96436 22
79460 22
75172 40
23830 15
98559 1
93963 37
21145 5
31685 12
46680 2
84641 10
52190 14
43772 15
11715 17
12110 37
84719 23
44988 43
37533 14
43637 13
74945 19
32102 40
53486 18
4190 41
10645 29
813 6
2037 10
26464 29
18112 20
38540 40
22781 1
10354 25
70137 16
81401 26
6598 23
3493 37
45443 30
28762 33
67561 27
89028 28
24894 13
81420 4
90586 42
12155 37
4318 14
88398 5
77988 36
45280 3
72058 5
58782 24
91465 31
86803 6
1016 25
46621 6
6730 31
5091 30
13919 17
20939 35
60212 26
34773 34
14142 28
44599 3
53444 17
12643 1
67861 28
35499 34
22651 8
29966 32
10965 25
43037 19
61318 43
72646 40
73950 6
89806 21
42361 1
469 7
48270 38
47390 33
47093 35
85460 30
45838 42
74375 5
15310 36
14 24
73321 41
48443 41
56525 13
23270 3
99673 16
32019 8
24206 4
63468 26
67985 20
9371 5
96335 43
5071 43
97436 18
50553 17
53404 35
46781 6
81089 20
94381 7
85494 24
33538 21
79871 41
43797 7
77408 42
91381 21
58749 14
34063 30
64440 24
55662 39
3925 0
42801 33
98300 34
43294 41
27855 15
79126 15
63191 40
43886 40
84988 17
79504 9
8542 18
96514 10
19603 31
22362 37
24435 16
18307 12
6684 16
72682 23
51634 1
88894 10
39124 22
52159 2
75415 5
94981 10
64459 0
60087 14
12491 33
6630 6
11479 25
70622 33
16553 22
48543 18
13534 6
46083 27
49068 2
8896 0
63147 20
99326 33
2752 14
7087 10
80492 6
25746 14
67103 13
28529 14
42992 7
96964 37
46722 36
79903 19
61719 39
28560 2
75984 39
38032 10
55721 41
1476 3
13552 37
78204 21
81705 17
16804 22
19911 3
38187 27
50384 2
68789 16
64724 16
26557 14
94707 42
29156 23
97847 40
77495 20
59042 35
54656 13
95855 6
89756 9
61712 20
76449 20
76230 17
1480 31
4295 34
88668 1
54305 31
18556 32
10283 28
9297 43
17380 1
23313 38
79311 13
74760 29
93439 16
5802 30
27467 32
86379 1
23048 40
16084 0
69936 40
27687 31
70412 40
15564 11
58503 24
52851 1
66979 2
70699 3
28979 25
66947 40
82679 10
88268 19
23050 24
76129 41
80296 43
59724 43
62279 20
35668 14
83678 32
2010 18
45751 37
27486 40
42396 18
34592 14
36680 17
63317 43
33324 42
59509 8
28539 3
45450 43
56446 14
96718 15
88344 4
78735 13
90953 19
92299 32
42919 15
32766 2
36584 31
95365 13
67564 2
64557 30
34847 1
32729 34
18072 40
38904 39
85983 5
74558 22
10677 14
30377 2
77940 20
26631 38
86419 33
18728 21
20365 35
83631 32
19891 41
63995 24
94465 2
6760 9
32709 1
65627 24
48725 9
28994 21
30837 35
33714 25
37043 32
66483 11
39191 16
45368 7
11241 38
87567 35
61236 27
7407 24
56323 39
53742 22
25416 2
18157 39
23777 6
84868 9
56066 22
15246 17
98700 33
81959 26
92379 27
96485 36
66244 12
60324 40
23039 36
3781 18
89659 7
36161 33
20243 25
75976 36
39845 13
56987 21
8409 6
54914 30
59006 41
71150 31
43212 24
98078 20
18083 18
61769 42
10277 4
17084 24
90722 37
88299 13
72378 41
23601 14
46709 3
87868 39
45512 39
74448 1
23253 18
32656 34
57364 23
1093 1
17827 6
90268 3
82319 8
84686 27
97896 23
80594 34
53316 4
75620 20
1043 18
24813 10
90451 15
32194 43
94921 15
68439 6
87485 3
10443 19
69883 29
17943 10
16884 21
97687 13
50218 21
82845 23
14028 38
96805 20
41965 7
18551 29
53465 38
89487 16
19249 7
85946 37
62254 16
71497 27
91433 42
58439 16
53689 43
5541 14
42745 6
40286 9
82088 40
43407 36
76042 15
25521 38
42559 9
43837 7
20489 6
79135 18
92972 17
18949 30
14642 33
6184 4
47403 21
98135 12
9588 36
81384 38
11306 8
60350 28
56394 40
38592 42
37413 0
78138 32
74861 11
57339 20
62056 41
69037 25
18329 25
93084 39
57564 25
60973 26
66521 20
79498 5
49368 8
59237 6
91567 27
45111 27
15870 13
67733 11
45940 4
66267 32
92524 9
8496 8
49129 35
69539 30
46040 39
39194 25
91220 17
11175 13
17226 33
54863 13
94713 23
34134 16
18381 41
49460 37
21660 28
1471 40
51885 8
13129 27
23924 39
36622 3
73006 15
26321 31
86504 1
8775 12
45975 27
91764 27
57605 34
94871 14
53246 25
62244 21
43520 36
60484 16
37919 43
17703 27
17455 40
42075 7
60865 9
43292 42
41328 3
86085 26
35882 1
89896 9
70336 30
47150 7
94359 43
2847 35
43494 20
79731 26
4193 8
29385 12
41256 14
10551 41
66648 37
91679 13
77282 8
1652 14
31667 4
91112 7
80879 32
18720 41
53194 19
62253 29
37515 37
20318 25
77308 38
36272 14
83323 36
95177 24
62203 42
59293 36
56570 22
8663 38
35298 8
29347 40
54517 19
77159 5
35563 18
53191 25
91738 12
72870 0
73679 13
78861 37
63723 33
16193 24
49148 16
95539 7
34483 23
70413 20
68597 6
57910 1
39718 16
68033 29
26205 39
44331 39
61445 40
26106 32
36732 38
80718 39
35037 36
2725 4
93850 38
1888 19
20067 41
93595 16
13044 30
68684 0
853 12
39045 37
96529 5
27076 36
78953 27
75889 12
56073 2
38135 17
9622 36
31975 37
96826 42
20448 0
41257 40
87470 33
70424 26
74507 27
76401 1
54671 0
30443 9
52954 24
15725 15
1315 12
70057 7
37321 16
74475 3
57343 41
44438 22
11319 27
8451 40
21757 31
684 33
87881 43
92271 24
45442 8
30065 36
7242 3
37082 13
63443 19
74291 7
4039 43
53064 41
75290 34
63953 39
29526 29
6372 10
74819 26
13534 15
75189 0
99457 25
99972 41
62523 3
77689 39
49408 20
35036 31
17056 14
82934 0
15572 28
32336 1
37742 38
59709 21
47617 22
55806 24
32804 35
23786 16
12397 19
93125 22
76245 31
87 4
30511 24
53301 24
53901 22
43830 27
80308 28
61502 31
56674 8
90907 0
3476 2
16656 22
23324 20
87433 4
28308 6
27675 29
33079 39
61790 9
89313 8
9315 13
51312 24
59382 0
18861 10
14959 14
8234 39
41868 8
16498 11
59295 28
35592 25
98120 5
28094 15
52153 22
88514 39
59285 8
75119 26
87689 2
39690 31
98592 29
21016 19
19238 29
69298 3
43789 3
83208 10
12118 23
91732 34
77097 23
28726 29
72638 17
53669 16
27717 20
98155 13
62586 26
73202 14
88637 39
76748 0
51383 25
80520 27
74655 23
86457 25
5748 13
74601 35
38039 13
11368 10
69947 39
49816 34
32211 17
43510 26
4340 3
91471 21
74932 34
50197 3
68660 27
16957 34
78331 32
56520 8
97127 32
13337 29
1967 42
74001 18
57469 37
47424 3
10856 25
2544 42
89890 18
26579 39
76060 38
33373 28
40966 15
91294 38
49248 39
40910 4
3656 33
17975 9
68457 30
55847 15
24675 39
52918 14
78677 0
22327 12
23572 36
10412 14
48755 16
20714 17
44419 23
68744 12
93750 39
11908 43
89172 4
45176 24
84177 2
49635 24
20271 14
37494 22
66384 20
82830 36
48088 4
63506 17
87184 21
1842 14
30293 26
68552 43
34443 38
93186 39
70318 19
32672 21
65191 17
24090 18
30080 41
49024 13
50166 33
54596 15
76431 33
61067 13
77731 16
17057 37
47411 27
49376 35
5687 28
41602 20
7811 30
6305 24
47781 15
10074 23
68752 31
76579 24
21454 40
44165 14
73320 34
13557 8
98795 23
14069 22
26774 41
64095 8
14904 38
60047 23
72796 26
4157 5
72084 2
56611 22
95494 28
33546 37
25292 30
6952 2
96430 16
54026 34
5413 12
56249 17
74323 6
92434 10
68306 30
11314 7
66202 24
98804 16
71450 2
74229 29
24658 40
54633 28
7358 20
59512 30
60121 42
29671 27
52602 24
18841 20
84765 29
68148 35
27641 28
35629 23
30323 7
36905 16
31132 31
33659 23
91735 42
5768 1
93344 15
43329 17
77133 37
73438 30
83156 32
45247 25
21121 14
85723 36
24075 27
93211 35
38778 2
59660 25
89497 26
17890 42
13534 1
36247 13
87784 43
98717 23
53154 34
30299 38
2260 3
50106 6
40913 37
10073 3
74754 8
76683 33
56414 3
88373 13
55198 12
14764 22
28465 4
27872 15
84216 10
64162 23
39858 20
87798 38
24457 31
64211 30
11225 11
95327 33
645 22
71322 13
52945 9
97067 35
26354 18
77208 29
17753 17
62123 42
87663 7
56276 16
45144 43
70084 27
7673 21
33905 33
30452 18
35037 12
39947 42
63228 34
40519 28
96816 18
33402 34
83961 0
65181 11
99377 23
58350 17
77174 41
26766 34
34993 10
79351 12
60789 0
71946 16
33824 1
15880 26
46582 26
807 22
14150 19
78782 3
98880 20
82099 21
77309 21
56939 23
6722 38
87367 38
37999 38
5630 38
41535 9
39086 33
70506 1
45057 35
48250 17
63848 13
26507 31
98033 4
71052 40
11204 7
35734 20
31245 27
87832 9
38760 43
97032 27
43072 38
96925 19
31515 36
35314 33
23851 11
63668 5
88100 23
40513 27
34251 42
92815 22
95348 36
65518 6
40312 42
36626 36
49480 0
32545 38
55353 1
91599 35
73822 24
9516 20
64722 21
10256 41
61740 14
91822 7
35416 35
22089 26
42295 18
53164 1
38732 25
13564 2
503 21
60042 24
29338 34
48653 23
92580 30
25530 5
7027 15
47922 5
34081 36
23511 29
82336 24
58027 27
99137 14
61093 7
1000 31
90006 38
15191 15
95341 43
7469 22
82379 12
98164 13
16215 27
32829 21
60093 0
19391 23
29495 7
30697 17
91382 43
68270 35
12382 31
46032 9
42042 9
59606 41
41412 29
33165 27
69641 19
35867 30
16711 23
60359 13
90612 40
8473 16
20405 18
65520 34
53114 8
33363 15
27597 20
15394 4
58291 29
52845 1
9564 6
79400 24
33262 40
51813 2
955 40
45407 25
77761 30
77405 3
20128 29
15387 38
81172 30
34512 27
75246 9
58180 38
62560 27
91673 36
82144 4
8194 17
41285 24
89785 21
21626 42
34675 7
36861 5
38093 38
99088 41
73837 9
80064 35
7389 42
5631 17
34643 19
39036 37
20246 18
96838 25
99209 12
6950 41
97130 35
22390 39
5195 9
9008 30
4446 30
4047 27
78804 24
15258 42
1368 40
17901 7
91384 38
74347 7
9204 21
52017 20
84639 17
23950 16
64419 28
22970 31
94584 19
66253 31
66424 29
30828 31
99970 3
69624 9
6965 39
41783 27
21643 1
82303 4
10704 35
