1505 36
83310 8
94086 2
38313 29
61146 20
94747 22
9601 29
39217 5
35710 33
22062 9
95290 0
66291 17
20174 16
23139 3
36649 21
30647 3
81300 31
24876 25
76650 8
26941 11
32667 7
41948 20
73204 31
31651 5
97334 33
6177 21
3052 28
57389 31
62445 22
85813 20
89425 10
58325 7
77192 24
83208 2
5148 28
44301 9
93209 29
91389 33
99657 25
56513 19
61003 18
9430 4
86430 34
75565 1
60022 18
32011 17
84302 24
32013 8
4456 15
79333 28
86029 27
94626 35
24149 20
13323 13
62474 33
81372 5
93821 31
57543 11
40190 13
56863 16
51928 31
19811 17
76550 25
75339 22
20066 5
31950 7
85464 33
10149 24
60710 3
96296 16
90592 31
15592 17
42677 35
5011 26
31470 23
64168 23
41410 13
75997 17
65192 20
68523 5
27478 27
11179 7
1794 32
39488 28
44985 24
877 1
96403 4
67102 7
61269 2
50191 22
53744 23
7035 1
82237 25
99868 23
33329 9
45877 33
45056 29
36406 18
36517 19
7403 5
59851 34
80960 25
40128 33
20881 35
82493 24
30336 15
11576 28
3411 30
64272 24
10625 33
9943 12
84751 21
85077 35
73478 3
13974 34
42696 25
11370 20
45179 2
20905 14
2734 23
5256 14
10058 30
49029 0
77832 18
92058 20
53703 2
67249 15
86294 4
81808 17
95212 18
74268 13
88710 5
19871 6
78869 9
21109 5
44406 21
12348 12
15321 13
70625 29
23492 4
85194 16
97233 35
16931 16
72085 34
33724 24
49823 9
74364 0
50977 9
6428 6
65334 24
26043 21
78717 3
58683 33
19945 32
62464 24
97929 28
48786 14
85297 20
86617 3
80569 29
49197 34
10139 1
92126 4
56099 30
1748 32
75386 9
43078 13
29849 29
19539 16
21723 30
39945 30
27680 16
1433 34
98138 7
7167 23
37207 4
32175 7
89508 3
41570 35
35735 16
89922 20
17340 15
98940 17
33609 30
2006 3
21127 35
6335 12
96946 4
6700 9
880 22
37387 27
86247 0
749 16
99247 15
89523 28
27579 35
15657 33
74706 1
59226 3
5144 10
30862 19
22856 34
79250 12
51033 26
93116 29
57759 34
56129 15
39781 30
93472 18
73111 0
60534 24
23709 8
73965 1
62298 13
98557 27
49342 33
13239 29
66853 7
94664 16
44634 0
2169 5
50998 10
72414 3
23928 16
65502 9
77545 26
66261 31
96463 26
64687 32
11810 29
13552 9
23880 7
62112 6
26327 3
10338 33
625 9
63969 24
74060 25
67170 4
51710 31
60359 5
81222 15
94240 27
34407 33
19001 24
79381 5
67466 32
97099 31
7573 23
64642 30
86650 22
61371 4
93919 8
87527 17
90810 23
54956 14
68615 13
98524 8
46418 32
37766 31
80894 32
10322 14
46334 17
8534 15
154 20
963 19
21052 26
35533 16
42579 26
65304 4
36214 12
13530 33
32266 25
90259 10
56462 34
43117 16
73890 14
62158 33
40687 18
13558 3
92403 2
51722 10
72363 7
97777 28
85995 4
75009 32
12612 8
9719 20
84869 33
69094 22
73687 35
84729 15
18070 31
24984 3
44640 28
13013 6
62088 26
41567 3
24254 4
40279 24
71456 13
51817 21
71021 21
45855 21
97343 34
44018 1
18158 7
97783 18
48807 14
60168 31
46639 5
8522 4
22632 24
85684 32
41563 7
4446 15
50976 14
46817 13
52476 29
50255 4
52173 1
10127 35
50844 1
85921 11
20559 1
37741 13
39854 26
95593 28
36570 3
99573 2
29800 2
62577 34
45837 28
86923 29
10850 6
15149 12
98740 13
49257 14
23394 6
54584 19
66597 31
23730 35
38003 9
13987 33
59045 24
12949 23
51320 13
60130 19
38869 35
30666 9
15960 33
85328 13
72384 1
10575 35
64455 4
48223 17
34041 31
83319 24
75952 17
85665 10
80012 23
57233 31
73623 4
79071 33
54533 0
15097 15
4514 35
99525 7
17580 6
46299 28
88819 10
36587 19
71772 21
96035 27
69059 15
79510 23
897 21
62010 17
61455 0
31201 35
46704 4
52853 1
74040 7
51670 25
64144 24
37201 33
17390 6
5351 30
94378 2
139 7
16856 35
89464 29
4702 10
82583 2
48734 34
57465 2
90268 16
65239 28
81430 30
40357 30
98300 23
14190 12
1602 18
26326 1
79350 0
46006 11
57867 5
54435 7
9990 23
51011 1
75677 22
20609 2
56388 22
24553 20
63070 27
63282 30
65384 7
41132 11
94042 10
73501 4
44135 23
51397 9
51524 7
997 0
79461 27
24605 12
52664 5
11760 12
96706 11
73936 29
26481 24
13487 26
49004 21
5401 28
15853 2
65316 26
34175 28
18485 35
37524 16
21138 5
21317 6
75770 10
75534 4
28260 3
42464 5
86026 13
5664 30
31016 7
29393 23
2796 11
95219 22
90308 27
66320 25
30078 5
38888 2
24773 8
53311 6
72773 34
25605 8
85590 11
73683 29
83568 8
32446 3
56932 0
58851 0
23910 25
24643 6
58549 22
1574 31
31481 20
39366 9
50164 3
6824 10
57861 29
21279 0
48668 33
45764 12
52237 32
62075 27
8485 16
25326 3
24774 19
72537 4
58102 6
89557 11
17859 18
56812 23
86517 34
75797 13
46115 22
62279 7
30342 14
34659 10
5409 22
59104 9
24096 2
41112 21
3536 29
61306 25
72286 20
44584 25
16907 26
12417 16
13344 6
10995 17
13325 35
67879 12
55112 24
16833 25
88277 3
75787 19
68974 5
68989 19
86121 30
95127 26
15990 30
17743 2
16852 24
52436 13
67433 31
81936 0
39089 18
91738 32
8898 1
7604 13
24107 29
24807 12
92384 4
59706 30
48240 5
54459 10
98027 29
53644 23
92344 3
40519 35
27917 7
36528 14
88164 6
67555 8
26832 2
75914 2
33620 31
60588 16
62857 15
92499 1
38428 33
12849 3
99432 18
1149 2
10470 28
54388 23
77281 8
65814 19
34139 29
71656 11
23807 12
20878 4
17451 35
34736 0
97567 20
58223 28
60206 13
89397 35
27246 13
19623 27
96653 13
70970 14
7865 5
84513 32
22512 21
3449 8
65570 25
81633 35
47808 33
43072 11
3603 33
83357 13
96726 6
89059 7
53025 15
16332 16
69016 32
48950 22
7642 17
35556 17
71387 22
88636 9
56603 19
89343 1
16565 26
817 24
82413 27
51565 1
1139 24
83134 8
79162 17
86293 21
96796 35
72275 21
42938 23
36800 24
28139 32
14445 31
31376 9
33364 31
19021 26
22310 34
3080 20
73651 30
60286 5
90413 35
16590 7
56460 0
97889 11
8549 27
71413 2
21562 7
90992 29
41492 29
23536 8
19933 2
41334 12
63699 18
16257 35
82162 25
52627 35
32888 8
80802 25
56972 10
73824 15
15804 10
37337 30
34911 4
52834 17
2944 17
83779 27
2909 26
12036 14
28793 29
91317 35
89011 14
53523 29
86166 31
478 20
61160 0
81680 7
60562 3
20394 29
8998 4
46264 5
56487 15
52654 33
48019 26
50117 21
68342 20
73572 21
9391 17
98739 33
10446 14
67706 2
385 22
88177 12
41221 6
64123 5
23452 32
86463 0
55862 3
22662 23
76619 26
25271 0
4108 9
65376 29
59071 3
24015 21
14980 3
10268 6
17745 22
35785 6
20796 19
33649 5
58285 22
29104 18
867 8
84250 34
57845 25
33920 28
64037 30
95894 34
2830 17
39525 3
12860 3
72144 7
69001 9
1032 2
74577 16
48747 3
67769 14
51527 0
27623 28
48843 35
6289 1
56159 8
42084 0
53602 34
59438 35
14374 1
14390 1
61441 10
82623 1
74175 26
24030 23
26679 12
44661 3
66649 26
3944 16
93364 14
59284 31
42513 12
98000 27
8736 23
62363 6
2315 31
80336 6
99052 24
46145 4
41724 18
26514 29
14029 7
24835 10
97626 26
92555 19
68899 32
93635 4
59196 17
80699 3
85560 16
51072 9
36485 9
71831 8
78975 10
5727 8
43123 34
22036 30
43833 30
64184 25
79767 0
96512 22
8877 14
90346 27
74267 22
48568 11
2630 30
24403 33
75382 7
63179 7
57476 32
52429 19
81949 15
74283 32
68538 12
44713 18
79116 25
39564 9
75722 21
95824 4
63740 14
2213 14
57828 33
10184 26
31188 22
50735 26
37469 5
60369 33
49441 12
88081 11
66430 19
22136 3
23162 9
71490 4
84048 6
36700 14
22585 23
85503 20
69702 18
77152 30
54134 4
36452 29
69398 18
91492 9
6486 3
44828 32
11962 1
15713 24
54911 24
69710 2
62066 24
94734 26
43625 0
30018 7
30806 19
88809 6
29413 15
7417 0
66789 30
44298 33
11424 0
23024 0
65311 15
25378 28
31395 30
45306 26
38374 8
38878 30
93864 7
33095 29
67659 15
5717 5
46794 25
32619 8
11988 11
70247 25
10507 7
80781 24
69445 34
15552 6
44628 20
62983 20
27256 19
37862 16
3075 4
9089 18
91107 20
30664 16
44490 25
94682 31
70843 10
86455 23
62058 28
48364 5
97372 17
19309 23
56172 8
58917 32
21044 0
56291 21
49345 14
53718 1
14848 31
8762 0
91746 22
48869 0
4849 22
53563 0
5405 0
85093 5
57963 12
53243 15
10637 31
65809 13
61598 23
61417 11
64569 12
96247 26
34086 20
87855 5
38114 12
2390 14
25484 33
99227 13
81238 16
5299 6
88566 4
9200 29
95457 27
42741 24
70028 1
56149 4
23696 1
69275 24
38182 11
79026 31
34387 28
10785 12
1713 14
52036 34
14160 8
94338 24
74009 25
34978 15
71850 13
51597 17
85139 2
16615 23
48048 10
47732 13
62180 10
95710 21
50951 33
78709 24
33654 20
26939 22
88129 9
93146 8
31795 31
99920 29
99005 25
78857 8
60511 20
40656 16
34107 0
32573 17
50428 5
36998 12
54686 23
69290 8
1277 9
63711 6
38150 30
60736 14
57456 32
589 4
66451 29
21487 30
96791 13
12178 3
21493 32
57116 7
41668 3
73727 35
52319 11
15068 29
62821 10
58040 19
36348 11
9220 10
2822 26
81614 11
42502 11
92887 3
13014 12
53043 17
23078 10
43228 28
44643 18
36987 34
70740 29
57887 35
18689 34
94299 19
66469 19
53579 5
73708 19
40286 34
12798 20
83682 21
5038 16
24902 17
40958 3
49790 26
22248 34
67711 27
63165 5
16976 2
78926 29
74791 33
46409 28
32045 26
31143 24
60731 18
96813 5
10792 22
97833 17
48363 9
81072 31
65826 5
21324 28
39980 34
71941 4
41033 13
7269 15
74996 0
63740 17
78136 29
41638 20
4464 23
2895 4
83536 35
7388 4
4204 23
17731 20
18523 29
44829 12
50463 7
951 22
11998 22
48839 13
48931 13
38910 5
68736 34
88165 16
12296 9
69091 15
20229 13
76399 30
81136 8
9066 35
32044 5
60012 6
56782 14
31317 23
97441 6
82702 24
89555 16
98988 9
81000 31
14258 12
82394 33
73689 27
24636 11
32293 24
2097 27
7574 15
5494 14
79675 13
15270 5
81132 26
25222 17
71281 31
30498 30
17465 10
63516 4
7869 35
87653 31
86776 27
50715 16
41348 6
99341 0
28449 10
46143 25
6693 7
61193 11
54819 14
61167 14
13481 31
45480 25
65905 33
59539 28
84204 31
94853 24
56327 5
10631 21
52531 18
10162 0
10391 27
99722 22
9517 29
49069 26
3961 26
1924 32
96865 23
882 20
46250 17
19868 13
16842 32
21769 8
82763 27
17825 30
60154 21
90489 3
44475 8
68997 31
93252 34
40693 35
18166 29
64871 35
98071 19
31426 22
68810 4
16114 3
40915 14
8001 26
41179 20
37148 22
4752 22
46837 30
7547 26
92954 32
35381 26
8707 10
64792 10
41917 32
10348 2
80653 16
49658 19
12465 21
96746 15
59719 31
13465 31
42287 17
56828 22
92845 26
97681 17
95055 1
90449 22
27823 16
8632 7
68348 17
77269 26
50770 15
82323 22
83067 34
64580 10
52749 11
60271 11
14035 22
52017 31
16852 18
35057 27
22053 12
40438 21
63128 16
17466 21
44457 8
22789 18
51708 0
66827 18
56872 30
54471 4
43576 5
96096 9
16337 25
70268 0
10070 2
30066 28
20449 14
37312 13
71303 21
44982 10
93482 17
68220 20
43511 33
45914 6
40471 22
31483 3
64856 23
88410 12
17746 21
55663 27
45113 5
16892 26
35472 15
71780 27
82838 16
32490 13
46556 30
38123 12
82849 22
38688 5
14802 33
73608 25
54917 1
27889 2
34999 0
74651 26
83202 8
2728 25
55460 21
83745 7
79666 5
42385 15
82739 12
71589 16
69849 3
4662 34
33543 24
89822 29
27740 13
86481 30
65520 21
45521 30
74323 9
25109 26
24121 34
14889 33
82282 32
71195 0
52037 4
6507 12
99030 35
78012 22
57734 14
22284 33
13678 26
8647 23
52484 6
30275 27
76209 22
27180 18
96879 4
49275 6
54539 21
90797 25
20732 1
48285 17
64855 26
27483 27
44099 17
51160 17
63608 0
33127 30
67980 0
29328 19
17128 16
52118 3
13775 31
76909 1
62537 6
87798 33
18281 32
46505 3
49509 8
38819 35
34301 24
60126 24
32891 10
27080 35
52740 12
89120 4
80978 22
68873 25
8731 20
73095 19
84443 19
6511 8
18116 4
3832 33
19682 22
98819 10
5067 3
60075 7
86968 7
72352 18
56821 4
93572 28
34472 8
49392 25
39171 0
70395 24
39418 0
79454 15
49314 14
28652 9
45516 25
67668 17
47666 17
76858 12
13354 3
38863 6
6375 15
10098 29
33443 28
78394 19
14547 26
30953 30
64372 3
61615 26
36870 8
77241 33
15121 30
31234 8
68781 5
71671 23
36434 1
53790 29
38147 8
59878 34
88051 29
20966 5
5093 29
61264 2
85552 16
4963 1
40265 32
97160 25
87974 9
40279 30
47306 10
64241 4
17178 6
7071 28
32631 1
52932 33
48835 35
38945 6
45665 3
34682 0
84123 35
82654 0
3128 5
93324 12
32712 30
32308 0
46620 26
7303 16
67527 15
83910 8
68412 9
95406 0
21694 19
25990 19
53999 29
82967 27
94316 7
5300 4
96289 23
67340 29
31849 4
26886 30
60204 15
97517 35
34834 19
89129 28
26972 5
39769 4
69935 33
61301 31
17710 10
54600 6
75169 20
39397 15
39380 31
74241 35
96806 11
24484 28
54499 0
10993 22
97080 7
24118 10
42507 31
95993 27
24702 17
8319 13
5502 0
18228 1
84174 25
95385 3
25826 35
97183 13
62777 23
94083 24
25173 9
88420 5
71860 19
34017 2
2183 32
41573 28
72340 17
68574 31
87281 10
40845 3
71338 7
94438 21
66103 3
49603 12
77321 4
79377 5
9885 26
79755 27
11929 10
48342 22
78333 12
80340 18
74087 22
11862 30
33049 23
41390 34
64571 11
91002 28
20073 5
99086 12
63409 25
98147 18
53190 30
34985 21
40085 3
66358 14
1958 14
98546 12
26597 27
96533 0
35525 32
90424 11
56953 15
88334 4
32431 24
37341 35
49086 9
22786 7
55512 24
74392 32
70590 4
83815 3
12503 10
76211 34
54919 0
6007 6
55777 18
73099 0
75262 3
91898 27
31559 25
11244 13
2320 17
96350 22
26931 31
76094 29
53605 24
65935 25
11115 30
14691 19
38760 3
63111 25
79316 24
70327 22
89423 10
38491 2
53220 29
76662 4
98119 35
23246 13
40896 16
85732 23
65288 12
28436 25
73872 30
46122 24
25906 21
27777 21
78812 2
8982 8
25444 1
37527 15
62995 6
17165 7
99164 27
5878 28
17272 24
87774 32
39016 5
99394 15
87396 29
378 17
1596 12
99115 10
86241 30
2336 29
89507 14
29647 34
76037 15
18936 1
51564 15
47007 8
58728 33
85914 7
62840 6
81282 24
51160 24
79030 8
99991 8
45948 19
5014 2
68144 33
67263 8
30170 9
66951 30
41316 20
10487 3
47565 16
87541 20
17761 13
19673 16
28605 5
62518 33
89703 6
68463 24
77843 6
80757 26
52646 17
36931 0
75335 17
74863 18
17120 0
45355 2
31892 17
47164 19
90855 10
880 35
69074 23
62716 21
27004 32
41555 30
90435 20
74296 26
75836 30
47864 7
43065 33
