10000 47
71887 7
38859 45
54133 10
29143 17
95324 41
62172 37
48397 32
63845 25
86953 3
15824 39
34490 44
27752 28
44858 25
78991 7
56060 45
49801 21
67804 18
20457 0
82869 11
59658 27
99886 33
60756 13
94245 15
81820 16
99030 31
50770 5
70372 24
76025 45
31379 33
6249 36
22515 38
27832 10
10469 43
74292 36
56339 4
16178 18
32492 21
22183 5
86120 30
1741 42
17669 33
22295 33
65373 46
25479 19
10431 11
15821 29
85906 7
17743 16
11511 41
69863 8
30342 0
29977 31
38930 3
21274 29
45973 20
38238 8
15836 33
89864 8
86693 31
99367 14
2152 35
44555 28
23487 22
56560 31
2874 6
14384 41
21665 24
85474 41
23418 42
61201 37
79518 46
22353 29
41449 19
98675 23
9548 46
51786 17
60666 9
5125 26
39768 35
73210 4
1090 5
10449 15
55353 22
93100 35
88412 38
75856 17
51395 21
77717 14
8256 23
34374 42
22812 12
66244 22
69353 42
59470 12
47400 23
54938 18
20380 2
8139 13
50885 7
5865 11
56789 15
31421 11
74263 4
15896 21
42456 9
47276 24
9604 32
55677 44
64615 43
24173 43
30736 17
63459 25
74074 2
91903 10
40622 2
57646 38
20018 14
70908 3
51251 31
30568 21
20277 28
42060 13
12778 1
23476 42
88870 14
78632 39
70414 38
43613 35
58961 1
20828 33
59841 28
26746 2
5344 31
54599 13
85039 41
95434 27
55378 9
34531 5
93706 13
97734 36
4648 36
64160 32
33208 20
29035 28
72217 10
75052 37
73854 0
78112 13
58686 15
80873 17
44908 34
7526 35
28210 6
86472 11
80502 14
84666 41
83502 14
93734 30
55894 32
63220 44
53444 18
7430 5
11199 22
12402 22
34329 4
52370 25
36804 10
24960 44
31449 40
43244 43
79507 17
16219 37
32158 28
96166 18
50588 0
49951 5
18311 12
4641 20
15329 8
91157 34
24800 44
97403 15
48429 35
96557 44
56858 28
53128 43
49944 11
78392 40
12511 9
29448 14
67803 16
4831 17
25888 22
37017 22
2437 39
80686 8
11159 38
49431 28
19438 21
37676 30
68174 21
69519 0
53442 8
82940 11
70109 25
63505 21
98229 43
36987 11
74284 44
20624 19
23780 33
67892 36
55190 3
76097 39
73435 13
53638 37
76138 4
24732 12
27588 16
93868 19
3442 18
36816 2
64723 12
23989 34
90348 31
51003 19
6843 4
56375 4
11735 17
2561 40
86159 26
8649 14
52363 9
15852 27
73363 23
71035 31
24431 8
36414 9
61790 17
94309 8
216 6
80675 20
1416 22
62066 24
45254 40
9274 17
4306 42
25230 16
72699 3
47663 11
41627 35
2085 33
3946 15
89531 9
96969 29
67729 11
57096 22
54170 41
46028 44
19910 15
36386 31
15915 43
24318 24
3402 42
16368 45
70798 41
75165 40
99575 5
8091 12
51245 38
46031 7
47892 41
13044 23
11652 38
67504 27
90220 43
63114 24
51147 33
34667 46
46312 46
77797 37
26207 28
85409 0
64385 18
28177 16
75349 22
26608 32
75794 14
66263 30
51105 28
16100 42
35343 35
12520 13
17591 41
71680 11
69331 39
47079 29
24858 27
40901 13
63955 5
32205 38
13030 34
86631 24
78857 8
83135 10
75904 16
53360 28
12826 16
21312 14
84473 11
41957 42
66701 23
31504 20
56199 38
40935 44
57173 36
52571 17
95407 7
83619 17
26161 32
2615 20
95184 36
84858 37
9791 6
88052 41
21997 44
67227 44
6312 21
64654 7
49719 27
93034 5
33502 33
16214 11
37440 31
64512 14
16242 3
4635 21
25088 43
26489 36
86498 21
8102 28
58343 2
7773 7
97267 22
55980 5
89990 45
557 37
32353 21
38077 43
61225 4
32773 21
10204 13
36802 28
77817 20
45461 17
8601 25
47391 42
36136 22
32784 30
45701 5
23644 29
20784 34
37148 20
4581 3
28320 3
67424 21
87273 31
5390 5
99073 2
76116 7
6620 24
47308 3
17405 31
10198 4
57859 33
10342 29
5878 28
52570 24
72362 41
70230 31
83289 43
29374 36
74174 5
31678 36
36297 2
3488 36
48699 46
82683 14
81411 45
97897 31
85214 7
4596 31
36850 28
97796 23
47597 2
28231 3
46632 21
77476 7
64762 32
55612 19
62645 36
42009 20
88314 39
54305 34
84129 45
96064 32
19632 4
4884 18
62984 31
49308 15
63466 44
63904 21
58378 34
28602 16
60178 21
34292 46
21401 46
50418 18
26541 30
51523 25
12374 40
43909 44
53417 44
88750 33
68631 41
1200 7
53762 43
24992 9
51824 30
42009 5
40716 40
63706 23
19661 1
59589 6
95063 3
26252 37
82281 45
33543 6
46226 36
31668 3
11259 3
60072 43
70609 5
25982 8
78980 13
97346 22
78621 30
14110 4
34055 4
73641 35
10663 37
32769 7
91594 35
69942 35
17766 24
15852 36
56871 36
37634 22
55691 13
97978 0
10201 19
79547 41
88324 24
2985 8
9321 12
74898 21
22605 6
6150 44
33360 20
64043 19
44950 23
28495 37
42311 21
19660 9
88833 34
30634 35
17718 17
9145 1
65524 6
73767 40
26291 46
12450 31
29905 7
150 41
54271 6
8568 1
7036 9
22292 32
45015 26
87202 3
34119 37
83163 16
47685 24
70800 15
90740 37
62419 39
38855 39
19463 35
81580 15
61198 14
32033 37
61152 34
57454 45
44381 18
34963 13
17381 3
93534 28
39867 13
81693 43
903 39
13706 38
8252 19
78622 19
46186 37
24282 7
3188 21
83023 12
88957 38
91766 35
76054 26
40677 23
94253 12
78315 42
84450 24
29168 40
79504 17
52594 12
96063 25
73343 39
22470 23
19481 14
39633 45
2947 36
54746 16
93287 43
83983 44
61252 5
18691 18
5885 22
88639 33
20280 16
91944 3
11172 31
29073 27
21127 11
75685 13
4254 42
22948 15
18115 26
55693 34
53880 23
47421 20
44604 46
44888 15
89227 42
98904 26
47361 38
33122 13
92811 34
37561 15
41940 42
45400 39
61755 26
13094 5
39074 42
60182 18
49638 17
69026 32
75826 45
1640 24
44728 4
62384 1
38668 27
24119 5
6505 28
61459 41
6259 15
87641 19
31993 2
15063 1
40528 3
12389 27
96213 9
76041 36
9841 35
63313 8
69455 29
38181 31
1726 27
78554 43
91729 5
89667 8
97405 26
18572 20
66394 31
57264 6
89117 23
72061 14
64792 45
23565 12
68531 43
46748 0
68302 36
77686 10
5410 32
87894 32
47188 6
21531 34
45840 14
6427 14
7365 30
61135 42
29776 46
23647 40
41027 18
47490 44
42785 27
88446 21
49318 43
59680 11
73449 20
62113 10
92042 0
3902 44
41308 16
3489 12
10705 30
51039 24
53905 40
80713 25
67661 21
36141 7
33505 7
33837 46
84391 11
15645 34
93779 11
60345 7
14303 45
87254 5
96122 13
35774 11
27111 9
63339 44
13485 7
48782 20
68863 10
86259 33
81862 23
32349 4
78586 28
47148 8
79641 40
17081 36
50279 43
68588 35
41624 23
40401 24
95159 12
63478 45
66480 3
1243 27
91533 7
37380 7
86345 3
57817 24
46568 39
26253 37
34303 19
18947 43
93055 6
71325 32
14973 36
53022 43
23718 20
89900 24
58179 15
40675 40
14384 10
87770 8
10302 30
58957 28
87187 40
89552 31
27859 35
53472 23
71506 3
60271 26
46121 45
13708 45
31655 36
69886 21
10111 2
61346 22
53784 3
56643 41
96304 44
78116 4
12214 10
9652 5
56880 5
70264 19
49488 31
32300 41
55934 35
61764 25
91958 40
83402 14
19040 33
41520 40
41500 41
73914 17
34614 15
18614 24
52278 25
85085 1
58880 3
28501 25
33798 5
45915 9
52513 7
17375 30
62942 38
32313 14
33151 7
72592 3
51164 25
16887 3
2420 3
86052 20
64904 9
37125 3
76829 24
80051 9
3852 11
3615 3
13280 2
19760 9
84049 8
43173 36
69314 14
3024 16
55179 27
77356 45
11329 19
64418 36
23321 9
32419 43
12437 25
54768 45
92147 3
48692 23
69755 26
91652 41
2041 35
52995 36
62537 1
30070 23
68576 42
78654 30
26619 9
91321 20
55756 14
87958 14
94052 14
613 16
91150 30
55404 11
81240 23
12313 34
37286 41
39881 11
70964 14
89450 41
28861 43
4901 36
17194 4
93577 40
60563 31
57690 0
35711 3
80180 6
24879 45
39948 42
45023 7
48313 43
89130 37
68 7
41772 5
52840 36
2532 14
29051 13
89237 8
29526 18
20854 4
92454 11
99869 35
75444 13
15544 44
65674 11
89670 4
22008 16
4985 31
8620 12
15091 31
11366 14
53344 42
91712 19
88577 22
34989 2
10819 27
43406 20
87390 30
68411 28
12232 30
45876 9
85834 16
14431 42
17905 35
3268 5
39354 21
1631 32
59775 28
97232 38
16215 39
21928 7
11389 2
83064 12
83840 33
72032 24
11851 36
32834 17
71101 41
42656 29
42953 11
46683 14
37552 18
17525 32
45224 39
90219 34
65706 14
66266 5
67818 18
95519 1
6876 5
37423 1
98255 35
58853 18
23209 11
22606 30
7071 45
38695 17
19068 12
48410 42
12976 33
2840 3
50911 10
40180 18
60691 14
42225 2
56118 34
11622 19
95052 41
32283 26
48144 3
54803 41
89363 20
68301 11
62940 40
35762 44
50286 35
89333 8
35022 41
71741 36
42421 43
50887 22
83136 21
12783 12
88951 28
99503 5
39936 4
14088 23
53479 28
23829 3
15832 17
64623 29
80210 6
81680 34
69025 12
15978 2
29689 32
99445 31
81734 38
53322 31
58201 24
32998 46
3648 8
89630 43
17411 43
89948 45
84537 36
20137 23
26003 0
1549 34
11870 44
75060 32
25881 26
35278 40
50378 27
88372 13
35230 17
35433 9
52069 22
50859 27
42606 24
90687 45
81430 5
72472 34
69683 25
82979 5
87384 43
87482 43
82558 30
88471 1
30793 4
98291 26
74429 2
7872 38
99834 32
43578 27
8247 43
38896 10
17636 22
41100 39
5192 15
37683 16
65363 5
30405 4
60790 16
14814 32
61763 20
44117 44
52088 8
13720 16
13871 41
834 16
25592 31
10319 33
57534 8
8085 14
80930 44
66880 32
95732 45
44343 3
83282 4
27735 20
58966 17
29111 25
19000 15
83842 0
11460 17
34112 39
34707 4
90683 1
2329 37
28107 23
78432 32
73217 7
89219 2
40197 9
61349 29
2465 20
39889 14
44965 8
37598 21
4231 25
57098 23
78195 18
96636 37
82265 33
37541 22
44979 16
60166 36
63368 7
74104 10
55571 35
44744 22
54264 16
25070 23
3851 6
20371 32
37318 15
32914 10
41876 24
81780 17
17584 40
2061 19
92607 2
49274 11
23960 15
65411 25
68428 27
45625 9
32242 25
29934 44
3275 32
5960 33
20656 8
26406 21
20119 44
59328 39
2640 18
75905 6
1345 46
92059 4
62858 3
22965 45
2631 28
89603 33
73197 3
84376 15
95837 45
20176 2
68792 20
13983 10
73624 23
77804 15
80980 37
84984 25
80723 30
90265 30
24349 20
23663 6
88523 44
30451 1
20273 43
73722 8
61187 35
68026 19
86783 46
49907 10
89010 25
13261 3
55158 6
76057 9
17667 43
68160 9
22887 28
91293 14
87189 15
5350 33
6113 9
67018 34
25785 29
40856 13
20695 28
48687 3
90689 18
9822 34
2143 44
80977 21
57944 42
54445 32
34951 19
12945 4
5323 32
89236 42
47620 8
90295 8
10004 45
62714 12
86125 13
95949 14
27711 4
41833 43
27265 6
77872 39
44664 33
67785 25
65945 39
66249 5
31579 1
3832 14
62276 30
8630 11
40914 38
79568 8
49319 36
4492 36
67738 16
94813 14
16581 37
99171 28
9918 6
64054 22
22396 2
85719 38
63211 41
81908 2
48784 12
66890 15
33568 11
83707 2
76638 0
18007 40
24545 13
76427 41
93291 37
79665 12
85989 23
38572 12
94504 40
88477 33
11029 17
48664 46
69450 41
19740 31
90453 6
23030 5
83820 16
67809 32
49754 23
17202 26
68930 17
799 7
39348 35
83704 38
33758 24
51724 41
53518 35
47284 25
95205 14
71222 11
10058 41
94758 35
49188 2
99675 1
42643 7
49134 26
58926 29
25527 10
35020 4
69019 37
28955 18
6595 40
36483 40
18005 21
37486 34
23511 21
85475 13
44045 31
99521 28
99632 15
61887 41
85723 30
98827 18
63744 4
30865 41
66861 35
40205 10
53761 41
71320 33
50075 3
63987 9
5405 23
64366 43
41089 8
79655 39
33434 14
72378 23
50673 5
74887 39
19898 28
65003 33
37325 6
92604 30
39583 0
29984 34
50232 43
1132 45
90231 29
7601 11
99920 6
19280 30
79739 14
92011 7
57984 40
13314 5
54443 5
61254 36
15262 40
83788 22
25274 31
30298 10
91464 29
3720 14
72568 27
77298 3
86154 14
33761 10
86284 40
94525 31
91694 3
56662 3
26225 46
23721 46
36921 26
40420 11
69871 42
57626 27
81510 24
62273 28
73828 1
31891 8
13065 29
76788 23
96133 41
4057 7
29592 17
9939 28
2786 22
46169 11
96348 43
65476 42
98295 7
87441 24
25283 43
86486 2
83349 4
93403 23
88494 15
22433 46
59639 36
28008 12
42893 5
55457 4
30255 11
43421 4
17860 0
45754 18
94489 28
76036 11
45 44
69342 9
30907 18
76627 36
66738 37
2536 37
94026 9
63426 20
58175 14
3534 26
5128 11
85392 33
54620 19
33017 1
89850 46
52596 17
42106 31
18791 25
34703 38
80877 45
43420 29
75189 25
98112 37
41870 15
9835 10
75617 43
43754 40
21012 46
68480 16
8408 17
63900 31
72624 35
97189 46
99771 32
14234 20
11824 45
71976 18
4129 33
28945 25
60835 1
27299 43
59535 33
13724 11
77546 41
56994 22
19237 38
12121 14
88916 0
45409 26
70708 46
21126 38
99601 35
14219 27
81084 33
57888 28
98633 22
51609 13
36191 19
84066 10
21597 12
33023 24
42620 27
40026 38
1271 27
54764 16
22548 38
29436 34
89171 36
5364 14
11874 27
87326 43
45051 37
63036 6
24735 3
89628 36
5854 38
95019 16
44951 35
35827 14
6819 20
74749 8
71442 26
50303 30
9638 1
13423 25
44053 29
29132 40
44813 28
87805 25
40960 8
76900 35
95426 31
46124 10
81858 39
19185 2
81722 26
45366 22
67033 23
45932 30
26146 13
11414 32
31208 13
96544 33
55978 21
71687 16
84556 17
74667 39
91999 41
20925 27
19855 7
56682 24
73998 5
82833 23
73349 43
58048 10
3960 46
73281 11
49256 17
77174 9
98946 4
14086 37
32385 17
84067 4
59159 0
30392 30
87469 45
98857 17
23960 3
96656 39
54844 38
93020 13
89146 35
76823 13
18291 46
99216 24
95077 36
67113 5
75542 44
1082 17
98134 38
35400 35
84669 7
24694 30
8332 39
68908 6
64149 39
25624 3
10622 40
47639 40
3500 11
50761 6
29761 45
45223 9
8970 16
14291 36
69947 41
92022 44
99876 38
62291 28
13854 20
71969 42
44525 18
94802 45
46085 32
35248 21
99364 6
93353 36
98236 29
21713 46
32060 2
60236 44
8848 12
75003 4
20980 23
44267 39
26764 18
80270 43
70668 33
68980 45
25174 39
10109 37
17314 38
14959 19
80555 4
63422 11
99676 1
59287 33
18110 2
37386 41
96304 10
96416 2
84380 2
44350 14
96203 5
93492 13
15806 43
6628 8
3863 21
59345 32
48276 2
71892 42
27585 2
95699 38
62944 8
75875 16
50085 27
85566 13
34386 33
39673 11
9924 15
43267 4
28316 33
63160 39
54958 36
6391 25
32466 19
61690 8
90974 10
59026 10
68131 10
19987 5
88492 19
37791 46
54728 4
66531 44
93051 34
77083 32
52590 22
34755 38
19928 6
52877 37
27902 11
42991 33
60491 21
79078 23
9725 9
71059 45
85368 38
30609 4
75180 0
65709 31
86358 42
46925 15
10008 5
80007 21
24516 17
30901 32
45468 9
94031 44
35124 45
25397 16
14612 28
33161 35
82423 34
42858 28
69758 0
8162 31
55386 11
85545 14
30147 23
33111 45
28934 14
44120 29
65138 46
75501 17
29838 26
49349 29
28936 32
56965 17
36705 40
47462 7
48927 16
4192 40
19892 30
71534 10
52034 31
83937 42
39138 10
21466 2
55777 38
88599 44
32387 36
63052 0
37465 15
62682 7
82741 15
12837 23
18582 34
1504 36
59424 24
57679 45
8333 16
60470 39
44975 31
35286 31
99309 32
66404 28
82445 38
39859 38
75455 44
74453 14
20943 9
55264 9
67974 7
867 36
81102 11
48573 9
73928 4
8537 14
76544 33
51720 10
18472 20
7522 31
55068 42
48176 38
79899 15
24637 17
3207 10
47312 44
57067 39
55586 43
80508 18
86975 5
81738 2
3805 5
67116 43
26027 17
17994 44
85554 39
35863 9
3054 37
59933 20
32017 15
15194 4
27975 4
1606 16
66387 45
28618 4
42470 38
26017 28
98382 18
9531 8
21309 40
2274 42
98415 12
83091 15
57139 27
23345 7
36438 2
30737 18
77612 16
42669 16
81855 14
41135 35
42556 26
50827 13
44881 36
46029 20
1439 24
26907 20
91827 27
87396 28
93204 29
80445 21
41473 5
56703 6
75114 21
29708 6
86636 27
56668 34
3770 22
11915 28
43751 16
25139 14
38568 44
38198 29
38696 24
88201 26
42493 25
30560 20
18662 45
76903 43
46303 16
55081 19
29284 27
40475 32
12242 4
62085 32
81814 6
537 5
21545 1
90535 27
47972 30
81499 32
96659 18
60552 41
13685 1
68213 43
33480 11
1978 15
17680 38
91433 15
6287 16
51633 4
69781 36
67149 44
57757 41
14742 10
28618 6
96326 22
97657 4
65669 35
83156 42
88332 45
2407 46
25245 28
40137 29
12254 3
57448 36
55184 18
6127 39
42220 27
22882 5
37545 4
10564 34
48893 46
39561 21
67228 36
80331 10
69572 39
85140 33
42995 10
74499 10
71581 33
90556 33
10048 17
42273 11
92545 27
24224 27
37843 8
22575 27
38238 42
4851 21
3798 45
97837 31
72380 36
66100 3
242 27
12608 21
56133 46
26778 4
64251 18
4848 9
99143 13
57071 0
75515 21
24769 30
77335 45
1952 25
68858 14
10241 20
76152 16
28211 20
17033 12
89162 39
8973 15
76063 35
55887 18
82680 38
21732 34
17104 9
55583 15
332 17
16444 13
51976 28
72552 36
73028 20
49149 14
34348 26
23351 1
54678 42
25576 35
76552 20
51236 26
92162 22
45344 12
95036 35
24805 38
5572 46
98164 0
97567 42
4539 25
80649 10
11615 26
15389 1
23354 4
75745 4
41735 26
89214 37
29160 26
70275 13
60847 33
21190 31
62319 40
96763 21
5459 12
7807 1
72630 39
10612 6
52757 20
52646 15
62424 12
18452 3
69812 42
46209 46
39009 41
21860 23
34849 35
14810 35
25458 44
51197 17
31893 17
3317 36
34365 2
82385 34
45369 14
37809 3
18052 30
46290 3
6942 0
1202 33
11558 40
49589 0
4064 1
38108 13
33825 38
18318 44
93702 42
45271 24
84239 31
9265 11
39692 5
36236 46
38102 36
56739 16
27827 13
93660 30
87891 39
19055 2
70277 9
51784 39
38660 37
58470 4
51869 16
89725 1
37941 33
74915 9
71480 45
13142 33
1132 37
63453 39
72240 22
51109 2
68464 16
4997 20
77578 15
9804 13
18300 36
57980 18
89794 5
54033 25
60395 22
2920 8
71913 22
64356 10
24371 7
74119 4
17219 35
95183 41
75456 23
11223 31
95045 28
1400 4
6102 43
7299 36
65609 30
89806 46
73215 27
87811 24
12482 11
92421 17
69093 20
88649 30
59402 1
4581 36
44407 5
46896 40
95525 13
46952 37
75293 0
84878 11
59073 44
477 2
26088 43
55819 29
4427 43
34149 15
63867 8
31163 16
21833 10
48574 5
42811 5
90548 6
75341 36
9065 35
93865 21
29604 9
84589 6
67066 15
25044 30
52086 32
6664 35
58556 36
47370 35
9178 22
56750 11
33885 40
60054 43
92271 7
47287 17
74636 21
97204 45
33592 3
32696 16
28637 4
71611 31
92573 15
78483 17
32817 5
26030 33
1230 0
67902 7
46839 31
86061 39
74779 35
18962 16
12321 46
29399 29
16839 41
25720 16
36677 42
95706 28
84450 21
84075 11
19298 10
97798 8
69321 45
47586 9
70793 21
52154 23
44664 25
77794 20
78826 41
33725 26
60130 43
11789 32
14072 15
53441 40
48674 0
13806 34
76776 44
52528 1
97709 27
28986 8
3869 28
69446 2
40126 40
46192 17
96186 26
69385 32
53351 14
85132 13
30800 41
78669 8
13772 41
45990 34
17291 28
19172 29
13486 43
7506 17
94595 12
82125 0
46028 8
33156 19
1034 27
98902 22
52685 31
99666 33
27225 44
46716 16
85689 29
65313 29
32129 27
91852 24
42433 41
47549 31
74749 10
44711 22
22098 6
5793 43
51179 13
14941 7
37965 23
42913 38
55251 3
35116 24
7913 40
10096 40
84216 29
91985 7
18905 12
69260 2
70216 13
48314 46
68297 13
82796 20
47048 7
4572 14
801 23
88942 44
9242 46
95998 10
52614 25
90953 34
92925 27
99416 8
75947 9
17538 36
90008 26
46300 12
29976 6
83448 14
38460 40
59530 32
3245 37
11626 0
27616 35
8781 38
47245 39
35787 6
97082 39
1639 25
37719 8
8159 17
44426 15
8721 14
18487 6
24277 29
55114 44
81886 28
81486 26
84319 9
59287 21
73540 8
65487 17
69526 28
70487 41
82040 35
30873 46
35115 40
94814 42
42994 21
31779 45
14992 10
14173 43
19867 20
28076 20
26688 1
54104 20
51732 33
12233 44
43856 42
73152 40
18468 19
26427 45
61902 21
28014 32
67748 12
71828 40
63081 45
14637 39
61689 9
87713 3
13550 28
53548 32
96059 6
96471 25
1343 20
39242 6
1141 8
85041 19
61341 12
64527 12
61781 20
31818 13
18636 1
65144 2
6691 43
60251 34
67122 32
20162 3
27593 25
94864 33
65911 12
8379 42
62978 15
50251 8
23540 0
86983 1
98566 5
79472 46
25061 8
40264 14
24791 24
91759 4
78727 17
9349 4
34892 19
21870 35
74190 36
37540 3
89422 3
39199 34
17843 2
72501 6
35894 21
4226 2
2900 6
9984 15
7919 32
57825 9
13551 5
86224 17
29816 6
28850 44
15640 26
78759 27
90919 1
9295 40
75231 43
72321 0
76397 22
20136 39
34639 22
38587 11
67892 12
6959 3
79725 33
40752 29
34632 11
26391 46
71716 13
66999 6
73985 26
46823 33
64061 14
44825 19
12814 13
62367 16
87797 31
84787 21
12105 6
76996 11
11065 4
27731 1
70261 36
43546 26
54345 35
31400 45
40129 40
8246 8
23647 12
97796 16
80832 27
76014 8
74278 27
28035 38
41896 6
88765 46
2641 31
63211 1
97849 21
51284 14
29341 12
9268 0
2276 3
17998 18
62359 31
92060 40
78180 8
1374 16
24230 32
26814 30
84290 35
86550 39
70844 45
72032 39
90017 27
10732 21
49242 5
82337 42
76924 12
92545 12
66584 8
44287 20
20677 38
21877 44
15422 34
87165 17
49725 18
15516 36
73418 8
32484 11
46810 16
7892 1
78647 3
27898 2
69245 19
47330 8
10157 42
79669 27
43781 28
28314 25
64846 28
35031 3
22301 31
63614 32
52092 45
30162 1
24517 18
30285 16
1780 15
27620 40
8213 5
31191 28
95238 14
68746 9
60953 22
9563 2
53673 29
55551 2
14080 14
12737 12
46672 25
79290 20
99505 33
42887 14
4323 34
11435 12
23131 20
45532 2
52979 43
64814 24
63588 36
80604 5
92858 25
46104 21
7774 35
4341 28
16402 19
10249 4
85258 33
73258 14
82393 11
3689 32
70385 45
67474 17
78951 11
80687 13
19860 31
33289 19
43694 1
42503 6
36291 23
25122 23
12153 4
77966 37
94091 26
8070 19
19659 21
64058 24
51371 37
42662 4
54235 23
96190 0
42103 39
83419 46
59584 43
14175 31
59530 28
95832 17
92307 17
58945 29
60962 30
71335 35
54043 26
1749 43
16699 28
72238 8
69763 45
38651 9
14446 3
59105 37
55618 45
8247 35
80196 44
62664 29
30235 29
50118 5
10625 22
98087 4
39049 19
63013 42
72353 15
531 29
25306 4
86063 43
57641 22
44794 38
3929 12
11068 43
15038 2
43616 33
19683 18
92178 41
85995 32
1049 44
22623 12
4440 38
85673 18
40659 22
29744 10
32760 23
56477 27
63680 25
43942 39
45885 41
68371 27
52400 8
89902 4
15936 27
90464 27
1783 11
47613 8
37104 44
38621 34
23465 15
58684 8
82278 18
77317 32
88314 35
92057 34
70857 31
27707 19
86347 1
95553 43
92737 10
42683 5
58801 3
77531 16
7000 18
82549 16
50855 12
71518 14
40298 42
35525 13
30772 2
29011 26
91683 17
44861 2
97372 30
27227 37
54017 22
56164 31
8134 29
13963 39
84283 37
11835 10
29224 3
54422 44
78012 45
2173 4
28529 16
19822 8
46525 32
16378 1
62552 21
10751 9
97239 5
38281 33
34542 5
3798 4
65030 15
66013 31
5723 16
3112 7
40670 3
81075 18
13347 16
82776 38
4006 30
88902 41
86070 34
81886 9
99440 45
64913 1
72071 13
56401 6
42054 30
73963 42
49035 31
59683 35
54197 23
31124 6
2284 7
43559 25
97344 2
9993 22
276 8
78588 25
14056 24
10551 46
99498 21
55827 24
65353 35
78383 17
42995 24
31565 10
80021 26
56392 0
68637 17
6520 39
89703 27
64346 9
3220 2
96356 33
46751 31
88683 36
44588 2
42734 17
95786 12
79075 41
49815 8
7101 18
98412 7
56501 28
89889 40
41554 21
29582 32
73674 25
92744 17
72714 13
9138 46
66192 35
52424 32
95824 16
37604 46
74519 35
86211 45
96279 14
17472 19
89287 23
23676 27
20434 8
30083 19
94361 19
8409 15
85076 22
69078 20
49297 46
54322 34
56490 13
41204 12
84776 7
72668 21
5269 19
30205 2
35464 37
52293 44
99329 14
89388 15
98050 12
74489 45
20892 11
70855 19
40153 5
70524 30
52449 6
94927 9
62620 21
81266 30
81685 36
25012 27
85148 2
23487 2
60193 15
7907 26
50552 11
79955 41
74736 20
19489 22
14785 24
65600 7
78630 5
78383 16
52447 43
15279 28
12728 15
45337 5
38527 8
43136 20
3385 23
66462 45
3220 18
5513 40
87261 12
33216 5
39085 39
75207 46
56621 28
83277 15
29524 17
84854 42
55584 5
3848 16
57772 29
3368 21
70552 22
29 30
21118 29
72689 43
5365 24
815 44
29852 25
13461 30
35438 41
35808 9
96217 16
34488 9
90002 38
33914 42
76763 35
61920 5
76676 10
44550 33
11793 34
51428 38
59345 6
30942 32
16467 5
47817 25
1311 3
88306 11
66917 10
27720 10
71610 22
72509 27
69303 8
90411 22
77893 45
48133 31
28463 11
15280 39
75618 29
79234 20
4224 10
33231 34
25544 34
17826 32
10880 10
65142 9
68156 38
17715 46
82208 44
66389 26
71547 37
28511 46
27476 44
60709 31
81604 18
50469 18
46587 9
27058 41
98566 46
13499 31
87542 27
9394 19
67037 40
64105 36
72400 29
99729 46
69903 14
63456 41
52046 2
53270 22
18617 19
74204 32
44041 46
6378 16
37995 4
82639 45
79907 21
38393 35
35622 17
17574 34
87423 7
70692 45
73759 16
82679 21
31655 36
31233 13
13640 31
718 26
74287 46
64054 34
17427 28
72558 25
541 38
8746 10
88263 45
75361 7
76850 19
53047 9
43000 44
68564 39
99102 26
25856 40
70485 21
77752 11
5949 6
63971 42
21393 4
6554 1
75776 6
67666 4
74803 45
87888 27
31437 46
26741 31
75312 20
2744 19
73555 33
30155 20
49379 36
49519 23
59864 18
94010 6
45151 20
3973 11
60727 30
34668 39
54458 10
17521 29
9927 43
22618 16
54140 7
92040 4
14422 10
26816 14
84268 37
21401 29
55824 44
33341 23
81314 34
24268 23
36697 4
66304 36
46245 27
43130 41
45282 42
87399 22
91796 32
43699 2
565 24
28083 5
32155 17
11996 20
63359 41
30729 31
59612 18
98695 20
41294 22
48689 4
14587 31
38761 35
2104 11
16794 2
30089 9
58040 17
60279 26
76789 3
3646 14
63695 23
79354 17
76392 25
52222 9
82749 0
95765 40
37543 3
88228 11
32718 17
78938 40
390 7
19865 15
83721 1
48961 15
44423 21
57978 16
39779 0
99040 21
25151 39
37768 34
88735 26
2644 11
35621 6
67629 16
74225 14
55443 10
7209 8
82263 26
67517 45
96306 2
96085 37
96310 21
9026 26
17604 27
70593 16
48143 45
17077 28
38109 9
36563 9
26521 17
73535 43
5446 13
6145 1
55994 23
10351 14
83387 35
99621 28
83964 21
62378 29
74439 44
38232 24
2676 4
73749 34
91159 7
98768 17
13295 19
35687 36
53633 1
35812 24
87031 27
81089 26
73311 37
61151 8
14297 19
80799 37
78720 8
16178 9
33343 41
48110 15
82481 12
88530 21
10029 46
48636 15
87032 29
14049 8
58009 42
62772 45
65229 46
79417 15
83039 22
8960 19
68404 2
29020 22
43088 1
55926 14
85873 37
79455 39
69638 42
81696 13
33669 29
77473 24
63082 24
1455 36
93968 31
80780 46
10068 34
51943 7
41291 15
67723 19
9411 35
54745 24
69769 7
98157 30
11723 3
96799 31
2053 30
34619 28
5388 15
70991 2
42668 34
43920 18
31472 23
59446 8
45985 45
71539 12
96785 44
11872 43
49556 7
31862 40
11273 38
78650 5
33175 27
63936 21
47492 31
53432 44
4750 18
67054 44
44633 46
26852 32
48835 7
40566 29
31271 16
34855 8
85277 3
35976 34
12904 20
40686 4
9782 23
27669 18
10709 21
93231 22
19684 24
87202 0
32496 5
93796 30
31408 10
27683 33
16669 24
92163 4
14934 20
59783 38
82359 39
18649 10
34026 6
47859 46
74496 23
34856 42
27356 31
14810 4
74971 41
61133 25
80471 20
48985 39
84316 40
28317 46
49577 34
92223 1
52544 19
28900 17
93263 37
29396 11
17550 27
37886 23
71842 43
69365 9
68991 25
93758 32
9388 17
77446 33
13818 0
30855 5
52372 40
95621 2
87209 32
92489 7
59351 5
5934 22
38609 30
51488 46
23276 8
36655 4
2475 23
27505 29
92467 42
38250 18
40098 4
67303 19
69965 44
54312 9
51590 13
45178 21
91718 12
53348 39
58600 19
27763 3
7779 32
1073 43
22026 14
41416 43
63650 14
3204 3
56208 19
40721 15
16120 14
45561 20
92232 20
71162 13
26750 12
97190 42
50077 5
63594 16
95487 28
86833 13
80138 34
96850 11
14596 8
90356 36
51162 22
16190 46
8396 31
91395 24
63937 33
41391 45
84208 37
41812 12
19035 1
40346 32
5565 36
26791 26
90474 27
67049 10
42200 1
21524 22
54229 42
34823 11
56190 3
88937 40
30174 4
42293 45
3670 25
52751 17
99110 33
96852 43
64053 30
71003 16
47792 32
77368 12
11142 37
23380 19
84249 18
15124 10
5329 14
2935 19
55915 14
82265 41
16957 2
49455 14
50635 38
23843 4
82728 5
6225 35
22511 43
42458 25
76768 40
59355 33
53167 29
46342 38
63079 23
6294 41
83993 29
59823 37
19093 7
74605 6
9158 34
85444 38
97532 10
77593 19
38719 25
97210 45
46439 41
39148 27
94612 8
87263 2
37293 45
15199 1
98138 16
86905 22
18118 9
91183 29
32873 11
90714 5
61687 28
95979 22
94473 44
9147 43
93105 18
76565 46
32501 39
61125 41
91275 18
19427 46
63661 22
7182 36
15422 40
36919 43
31459 15
98834 38
95313 15
56878 35
72638 12
80085 16
97667 19
4835 10
88162 4
48037 5
4733 22
27772 44
41623 4
7108 12
80462 45
72758 42
9856 30
92762 36
99130 42
43628 40
47031 16
97757 33
24176 12
31071 38
84983 35
70843 37
74022 25
86709 40
46594 46
74300 23
40311 6
88087 2
14209 45
77255 39
42424 6
62647 30
34534 8
18775 14
95424 2
35676 35
50119 15
76566 3
87787 46
16320 27
566 25
62400 9
91244 38
44862 14
57170 15
60825 4
67607 22
42711 30
86720 19
37241 38
98847 1
37692 41
94565 10
11428 29
49357 3
33914 6
81758 20
56166 0
98409 16
97269 21
51538 5
37186 12
7753 16
51283 10
88089 38
32034 8
93815 44
71664 12
45503 18
83862 46
80729 20
38076 38
22666 21
43662 20
24384 41
2347 45
77310 30
36038 6
54275 39
39616 0
76046 8
40332 2
65241 0
26818 12
28945 43
32379 14
55063 8
56029 34
60315 3
30768 43
8311 24
79354 25
93787 31
32938 19
91399 16
83790 8
90427 23
81741 9
57258 35
95851 30
18846 41
68437 22
74153 17
93839 11
30554 2
14789 39
47329 34
80858 38
45619 31
13578 27
50094 28
76423 46
68458 14
44973 19
63604 42
82221 40
78529 36
36430 46
8059 9
58933 23
52115 29
74075 36
32491 20
69561 34
25755 22
86423 35
10810 19
8314 23
46185 5
68493 19
7039 42
33554 43
47239 11
15113 20
96740 9
64123 8
24477 34
54262 30
7215 13
30592 15
17459 28
69714 40
49732 17
64806 38
6939 7
30128 26
25942 33
71011 16
42248 20
64199 4
44194 15
79956 37
15054 19
43951 22
96624 8
92357 22
17301 38
34625 10
5364 27
31410 42
33693 24
22715 7
55092 30
66444 20
72060 29
81810 8
40343 6
61819 3
36140 31
41375 40
58341 27
19279 16
8539 11
64585 28
55443 11
3660 1
2002 41
3269 43
14082 41
81324 37
66867 21
26911 11
14786 12
84827 23
78185 43
91242 16
30388 19
19440 0
70436 24
1832 4
4598 44
55712 42
58190 11
12706 42
44768 31
88165 5
25405 20
82669 6
28909 23
4211 9
38967 36
52836 44
49712 17
97910 31
29695 31
40021 37
25823 18
18555 15
89542 38
86784 18
91011 12
73177 5
12010 0
61576 12
38266 13
13952 28
50085 43
59275 16
76426 17
73724 14
87683 11
23804 39
96170 21
88680 29
3788 14
9386 7
22818 17
33281 24
19459 3
44027 46
86248 24
90748 22
12804 26
87260 34
35541 30
87191 41
24294 7
14673 22
30495 18
27399 29
80577 2
19364 37
82453 14
93986 33
53810 26
81696 14
84909 2
15813 22
5683 10
2958 11
81870 6
74377 41
52130 15
33178 40
84539 1
32636 43
8255 1
30269 0
73930 21
56890 12
76539 35
53167 18
37835 18
23036 36
89040 33
79576 0
72886 45
17720 30
95341 43
48236 21
90804 0
64354 30
24312 21
88821 27
15869 30
36875 46
56653 42
46703 14
21603 31
36457 12
55063 17
46009 46
37863 25
81042 32
26335 34
20350 36
13403 38
87515 15
47473 35
45813 2
29563 16
95440 15
74935 8
79643 2
25340 3
30383 41
25294 12
61742 24
28785 43
4685 23
29245 15
96549 18
14700 0
85805 0
32076 7
93560 38
5226 37
88320 28
52912 34
427 31
31610 39
44627 46
50824 4
37176 31
75620 9
26204 7
80400 34
95523 46
51856 20
50827 0
37001 18
40771 31
60739 30
37326 6
61263 2
37093 5
2943 2
70765 45
3523 26
19305 33
66868 36
2690 19
79416 45
35062 15
43629 34
52994 35
76367 8
76763 45
31979 19
12491 30
59718 39
42355 9
45740 29
2225 1
61433 0
81136 3
55571 16
35276 24
42248 15
75630 37
68314 8
61018 28
1113 8
68005 31
54159 37
1382 32
10758 12
97260 46
46826 22
98158 30
66656 40
75327 32
89489 21
29772 30
94427 17
929 45
20132 19
1524 26
38474 34
47202 15
65341 39
50868 4
90511 21
35663 34
36278 2
3297 5
77385 32
41994 28
30871 14
61371 41
59341 17
49937 36
83020 24
93064 40
36496 28
35735 24
82301 10
6165 36
34822 14
24024 9
85745 25
78669 33
86758 27
47690 20
58963 38
3799 28
93379 22
97599 39
28618 33
70590 13
75625 28
73500 27
47572 46
28110 14
12948 21
77412 16
22216 28
48220 1
89597 46
69674 24
16087 44
64095 23
29005 24
13923 18
32446 15
36098 29
28898 6
93531 3
24810 42
2252 43
52716 43
37819 34
43951 16
400 25
39149 9
59658 13
84463 3
10359 33
91480 21
30460 5
25962 18
58928 33
87637 3
51412 21
59226 39
76458 22
92709 14
45708 37
33178 11
73190 42
5887 34
7233 19
88480 34
42533 22
56343 7
9043 2
33577 39
38668 12
46428 38
61143 16
47793 22
37417 12
72036 34
31781 46
67883 26
70632 45
44238 20
74384 39
12691 1
75197 35
50388 7
33 28
6531 24
85574 15
11039 46
95219 16
74113 14
10535 9
24097 25
16076 22
54956 5
23135 19
62328 24
62983 32
62944 31
32283 25
37727 36
85098 29
14005 38
51391 1
12621 5
66369 22
80731 3
55441 1
87443 0
96424 43
2647 31
80665 23
36596 38
42002 22
5872 23
72681 15
87561 22
33543 25
23631 10
97094 22
41139 17
30941 4
83856 29
1904 42
55586 38
42414 5
55896 21
40908 19
47207 25
52476 38
82639 44
49189 8
84036 8
37079 5
39096 11
46943 44
39791 2
19110 26
15172 19
1456 32
71925 6
50636 25
58447 38
80994 32
68236 27
52290 10
29959 44
97063 17
76475 9
7247 11
81197 33
54862 4
18815 15
94280 12
42246 39
96637 21
89562 20
58426 8
70971 42
61855 5
20446 34
23198 39
26344 33
11422 18
82555 23
23268 8
86390 7
69435 34
50814 25
13162 34
71869 35
39060 40
30609 25
7550 12
66154 15
43210 31
7030 43
11049 12
16591 38
90177 26
89571 14
69726 18
92277 30
97486 2
56309 43
88640 39
31107 16
96597 6
58995 37
92412 26
75310 8
15906 12
91116 3
54254 15
32348 34
38026 12
5690 23
34238 32
57498 5
13806 1
2255 42
45534 43
79040 13
48927 9
40872 28
49594 34
92182 12
5737 9
53753 3
45609 28
76819 31
6089 46
63240 13
27440 34
683 32
4183 32
87481 2
78355 1
27093 5
9284 8
8238 42
54857 1
29176 6
41222 36
37807 19
63024 22
16211 19
3367 20
75137 20
49322 1
22845 44
96857 17
88371 36
48613 42
96566 42
20844 15
68852 30
50724 32
42779 24
95065 6
87461 42
48575 10
26867 32
10447 36
34621 30
89530 45
35059 5
85657 18
85673 33
31945 43
40664 15
434 1
751 40
58399 39
48206 17
91001 42
87344 35
17254 0
87341 7
4031 0
36097 26
98118 20
13324 35
84551 14
37309 15
93940 2
84349 22
81145 15
81260 26
97264 23
62279 31
16637 30
17959 17
625 9
39233 6
88342 19
1960 5
45345 22
33163 40
50184 16
84521 11
55192 35
932 14
57905 31
9249 5
38386 34
19467 46
85121 18
90879 23
30885 40
56095 12
50381 16
27033 42
13378 13
1110 30
33457 0
55447 15
15425 2
34429 13
24520 28
58478 4
11963 1
42704 31
3914 45
42769 43
32217 36
34099 17
98971 20
8105 14
75834 11
5553 44
35141 19
89580 32
63009 7
12529 23
4228 9
41709 46
68053 40
63391 3
28452 28
22793 32
69288 33
63272 39
75146 38
97828 27
18616 2
23983 28
66192 25
85157 9
30667 31
89761 15
74177 7
84245 12
69089 31
69893 35
59993 4
26698 1
11785 4
59705 7
20637 20
51455 2
32802 40
81845 12
33826 10
72912 33
17663 12
42686 29
44763 20
46306 15
37450 36
48241 32
71251 36
79698 28
66084 40
53167 45
18305 19
79174 13
98413 3
34522 29
98816 22
85633 36
20396 43
54953 46
31523 9
16234 2
52535 41
91228 38
96266 41
47353 22
16959 41
23584 28
81826 25
29459 11
31556 19
94833 8
71691 45
74555 23
65748 15
7003 14
27357 46
84478 27
34993 11
83095 30
81405 16
39992 9
61688 3
76297 22
5479 46
56201 8
9860 26
87616 22
80318 37
22538 5
19603 18
84650 28
20546 24
94438 2
39909 42
2598 7
99367 31
21993 9
46704 28
9909 38
72826 26
21399 26
99921 29
92318 23
86201 41
81047 8
41804 26
22294 35
18206 41
6538 3
96070 42
45213 30
65750 46
7073 19
58066 34
32645 31
90052 36
16964 12
17235 44
9927 40
2341 8
12272 6
70146 41
10519 2
62997 3
21452 42
47493 27
28340 20
82624 12
57746 15
11292 16
56991 24
61189 44
40820 32
76564 31
19167 13
79077 26
53042 40
15188 40
88116 16
99611 22
36710 25
90726 6
71969 4
17974 45
83972 31
66930 36
77122 20
32110 14
61181 5
83461 22
64719 17
84409 0
50674 30
68680 28
78175 32
72517 46
54613 42
81678 12
24872 14
82096 8
51432 16
39017 33
95470 46
65035 33
50274 30
62382 29
78066 35
14036 35
57447 36
45004 26
52389 4
5030 2
93132 2
4146 11
90615 6
97938 6
67606 5
3245 4
53468 7
92885 42
47989 7
64225 12
87777 44
78373 1
26273 11
14111 7
68825 38
47197 18
52678 28
17721 16
9990 43
12003 20
89434 31
4132 41
54701 31
78784 32
34349 13
23028 32
96208 23
14375 22
24616 36
52557 5
33165 31
10830 45
88387 24
11715 12
86189 16
29700 40
61417 36
53637 0
67737 14
57849 39
64972 27
22037 3
92943 27
12252 33
30906 23
23980 1
67340 3
77725 18
21725 9
88447 42
45777 31
50845 13
24796 46
70230 14
39606 3
39178 6
96398 3
22514 45
74251 39
59422 0
32950 9
45919 36
85463 43
38013 35
13170 21
29857 29
65211 28
81122 22
40368 21
8088 18
63074 28
96926 6
85422 24
50024 31
74494 25
73180 25
51483 29
93882 21
69673 9
75459 43
17631 4
71575 25
32850 1
38676 12
33629 8
95059 2
22556 0
64066 24
1564 21
4288 35
85750 2
44636 21
99891 45
70463 4
90054 0
97705 1
83330 32
43633 23
59233 29
68848 35
30851 17
4447 7
86753 5
2228 43
50183 45
62323 5
77375 30
45417 34
52488 44
95393 32
74162 14
71667 0
24391 40
61726 16
88739 14
84394 18
68705 38
75970 44
90191 25
76396 20
10774 41
11470 15
65605 44
66826 35
56044 30
97981 36
65380 22
79520 22
9295 18
74443 18
87246 8
30312 44
66091 8
11273 19
86255 44
42680 17
72798 30
4437 35
77344 3
42489 36
41661 12
35524 13
30917 24
34230 30
27563 35
6892 20
34559 16
95953 9
85247 11
18891 12
56301 1
12338 28
95521 36
56773 14
10612 8
69244 44
68845 14
38198 41
50815 41
17819 26
4577 8
4662 29
12082 15
64728 14
53091 36
79472 21
89816 4
92204 3
67982 28
30224 28
78799 33
34412 36
69507 46
25329 43
33304 20
87999 30
17273 26
1417 10
60424 7
95821 41
23276 11
71136 15
53517 32
78052 39
42883 40
92718 35
50734 20
52407 37
25437 18
52574 20
92766 27
26256 7
54796 31
70503 29
84325 28
32943 46
37695 44
17541 46
21220 9
79615 18
2128 20
56519 23
48301 20
33944 33
93999 36
9948 23
33658 43
12804 44
57757 25
37366 4
60064 30
77184 0
68910 17
83696 10
25122 26
75672 39
62318 7
65917 1
8883 7
91492 31
69022 45
72144 4
1019 10
8528 23
73239 10
60029 35
97892 36
13891 7
43015 6
82046 23
13869 3
41769 45
92020 27
62819 36
75244 17
43905 7
94914 44
58805 0
54621 10
66864 28
39774 29
99151 11
83611 3
96764 1
24996 27
98360 41
15905 17
41885 20
86021 28
17466 18
96542 14
81372 8
8704 29
17922 32
8039 16
15376 32
99136 9
85470 23
75221 11
43853 25
699 46
9695 12
18617 20
73203 21
3773 18
68368 42
45137 45
35273 0
99819 23
42122 35
41154 10
95537 43
26018 28
84906 0
81485 19
30441 2
74332 25
45326 23
65784 46
41957 13
63850 7
9258 1
50817 44
39658 4
41793 35
94318 25
39356 40
55587 9
1802 3
33012 0
14099 45
75254 38
2120 36
79478 41
4157 0
97891 15
48116 36
14355 44
58725 22
38854 21
40650 34
84233 21
72802 34
69632 30
91112 21
8806 21
1249 15
87787 0
91315 5
34014 41
71893 1
92738 45
30220 45
86525 3
15429 8
20857 10
24277 13
21809 33
33121 34
50304 10
79347 8
95356 16
80741 44
81441 29
98518 28
87122 28
80332 22
34925 7
17091 4
51556 28
16594 30
34294 5
30702 20
58027 43
81937 37
25558 29
48907 27
67616 15
13949 12
23889 41
51565 29
28557 6
48217 16
8737 44
95533 21
79650 19
74502 44
93826 9
45510 1
66192 19
68503 32
97003 15
88843 3
52015 44
11575 13
12603 41
54965 33
22004 11
46040 31
19742 29
4618 42
52901 23
31090 35
24762 36
27839 9
92780 17
71620 26
23230 43
68848 43
13612 5
49698 6
76146 13
76099 21
49475 31
32464 3
56983 45
37895 31
89824 43
49476 36
39526 8
73857 26
11159 45
88179 30
75298 42
68817 8
95305 20
59682 4
78143 21
19197 1
43635 21
43567 35
2471 19
96957 43
71199 34
33270 18
96539 25
89714 38
71070 25
25500 39
48082 22
10809 46
88307 41
28608 24
5253 19
21252 26
46996 23
23934 34
82553 32
14525 11
89457 15
15872 18
55025 44
43023 45
62140 37
46299 8
19523 2
64362 37
94192 27
34087 13
15883 14
9984 45
60440 39
57214 41
7269 45
40048 24
1345 19
41402 4
70759 2
96731 19
30478 32
6883 21
1803 2
25578 22
26722 43
87796 28
80735 36
3538 21
8893 18
24587 12
75987 38
80430 22
75233 10
93439 19
90034 25
93640 22
50289 24
38457 15
52829 43
12210 31
61098 26
76282 4
35508 44
89813 37
39702 19
66383 8
11292 14
90682 20
378 24
18865 19
55721 28
3198 20
56950 25
69510 29
24502 26
49960 11
37965 46
30964 12
9550 12
80155 46
941 46
85778 1
1509 35
32517 41
10746 11
74525 34
55126 33
86973 15
25257 13
16244 34
37318 10
31913 27
73587 46
25532 16
73006 43
62401 39
35239 25
41016 11
28871 41
64790 20
4754 23
19036 15
48550 45
37673 11
91612 35
99043 1
96558 36
89681 40
99326 19
6873 39
53777 36
95553 5
38068 38
3259 5
86679 18
90849 38
80972 44
5103 31
65913 25
77274 42
34897 43
77619 3
63300 21
94451 39
95676 2
71599 27
57598 5
97690 31
44082 11
94859 18
9970 28
94414 22
13891 10
72925 42
80243 7
65231 11
33238 28
19493 42
41681 44
16174 43
94216 35
87650 14
43293 16
88694 14
36977 33
61336 14
88121 46
41837 15
37268 27
82309 10
17647 16
42212 1
54929 19
75239 29
87341 18
37175 10
22446 43
33970 27
21557 33
5169 38
51793 18
22732 5
76731 13
47626 16
63208 10
48233 2
46270 9
31789 19
22313 1
54441 3
78884 28
55630 14
62310 22
18593 1
5696 5
30500 38
67370 14
16223 23
86709 10
70063 26
76483 27
87731 28
48671 38
21387 1
76744 30
95814 14
36856 39
41824 11
47744 45
50052 34
38951 25
16992 41
21469 26
61940 19
52862 28
56243 5
59178 35
61475 10
11718 3
33979 7
82238 31
60156 23
34901 15
51510 39
7153 30
90984 11
7427 41
42839 23
14494 4
42318 11
68731 41
99571 28
35921 18
26041 35
84973 19
37063 12
65029 30
91013 21
25482 21
14802 9
11797 5
5433 30
66186 35
70843 38
58104 7
30958 26
79584 20
84082 3
56046 11
89694 39
30628 46
10528 9
81636 23
85078 21
6408 43
98128 43
70656 31
91164 46
15432 3
23043 3
62227 11
35128 5
32836 13
64214 22
796 33
43608 21
46806 9
62361 30
91561 25
65587 26
25341 8
68809 2
73732 36
69520 15
36418 24
35996 12
78176 42
79872 20
47404 43
49896 31
39997 8
83481 14
51717 20
31798 33
75711 10
51477 40
13133 3
3925 42
49517 32
32193 7
84247 43
82769 3
59141 13
90218 19
12656 26
63730 32
72468 35
79109 45
61868 42
48313 24
40380 13
52461 33
70532 30
12856 3
73709 28
21554 40
48925 37
19782 44
24421 22
66335 10
52711 27
22029 26
90377 10
59215 27
32711 19
8951 17
4943 9
69747 23
23940 15
70870 43
47013 37
23892 10
81659 4
4748 35
37846 19
66254 4
86449 16
876 42
88834 35
26208 23
28967 27
99816 13
70448 41
35608 38
16532 6
79365 9
19125 32
77826 42
68692 28
62719 41
37822 40
98323 35
61370 40
26754 7
91256 24
92084 12
71425 3
51087 17
17094 2
84795 18
77602 27
71053 23
52430 33
69604 19
80585 9
33029 28
33511 28
57280 33
74496 3
79727 8
90000 19
67402 36
58500 16
70205 27
7447 3
99746 25
34413 23
67045 26
94319 1
43000 31
17662 40
49813 10
9354 8
23948 7
59151 45
42528 8
96972 30
39758 3
52878 17
67579 39
88253 28
51640 12
1933 30
36852 46
79329 1
80628 9
37995 31
61133 3
44679 26
76698 40
41316 16
67755 36
47390 1
25272 24
86896 18
52159 44
11503 44
68100 22
95335 33
66932 18
40288 8
99570 19
87746 17
51938 22
21429 9
61982 24
34712 2
8792 16
2755 43
75181 7
80523 3
66602 29
91431 16
33978 40
76859 1
62769 12
1086 20
63517 22
83015 11
91156 29
12238 5
78286 30
19948 3
24169 26
47697 36
64429 32
41129 46
11639 1
99582 34
82421 6
1668 11
53667 43
16098 9
343 12
56765 29
73766 14
20013 0
26177 38
79748 33
90784 12
48806 37
64237 18
44180 8
65088 27
17671 3
57837 5
12484 5
46834 41
88526 20
41706 31
49270 34
90659 17
22690 14
54118 0
87445 39
1570 20
54794 13
33988 34
68887 19
10416 34
41440 29
28118 37
88914 19
96727 8
63436 39
65429 23
51777 46
45625 25
27568 5
80793 27
79299 12
29549 17
76634 10
83539 26
26349 10
55924 4
43386 16
12442 15
62221 37
32611 6
53610 3
71597 11
14016 15
35793 41
95683 28
65784 36
40912 35
77136 42
24025 6
24428 8
25669 10
89845 26
97482 12
6346 8
64805 14
84656 36
72445 19
13965 10
97216 30
39650 10
10695 29
44650 22
95498 21
12242 41
47467 10
2675 26
48722 20
41049 31
40445 29
15352 24
14132 9
35513 36
94148 18
44860 5
49112 34
11551 21
64923 43
51091 5
17983 29
20896 37
98890 0
61524 22
83490 11
47050 17
26214 2
71203 10
23723 40
70124 28
63522 38
17388 7
15628 10
71480 40
10043 28
10125 39
40148 17
33892 36
32702 38
58926 1
84090 12
14545 32
25469 12
31710 8
87351 5
92004 2
73058 37
9140 12
72381 38
18891 6
63927 18
48354 46
3880 21
90939 37
55292 18
63717 4
73734 10
56799 17
73947 3
18729 8
28923 7
63118 31
27511 31
55174 4
23874 30
5625 14
13481 13
750 16
48563 32
19775 2
99907 35
16757 37
56150 27
54013 35
9832 40
83880 31
35608 1
96703 8
73873 36
66909 7
5367 21
3008 41
53382 26
75554 45
46823 3
11103 10
44944 35
21046 24
36637 8
66472 7
48387 39
93674 4
13563 6
22791 14
7613 26
85023 29
76087 25
52633 46
28477 36
87703 29
72467 32
6578 12
9083 31
42838 36
82870 31
93049 7
88773 31
47075 28
2279 16
18421 38
87016 29
3759 25
92734 9
14775 27
37777 33
10928 21
65853 27
74153 37
98032 15
16906 16
16252 43
94078 42
95937 5
63999 18
81726 21
85421 4
86284 20
15544 8
77228 16
78912 30
4844 14
80319 41
99722 17
87148 0
98726 5
92494 30
67177 44
44012 32
55556 21
78796 27
88882 41
9457 34
31197 36
38682 33
81336 39
29951 4
25863 20
36783 38
31795 2
12239 18
17543 33
92443 21
25754 34
68464 26
37457 0
10364 9
4965 10
93593 14
42547 19
72753 21
3083 31
91560 7
53716 24
55711 15
85940 2
27337 15
15347 17
4047 41
77781 7
4998 23
50193 7
80444 5
25983 38
48261 22
2589 14
35547 7
51032 20
31076 27
80117 21
39009 33
3295 1
48608 10
7 25
18174 42
68587 31
98125 0
34969 30
73856 37
29302 37
32718 15
89508 22
57408 19
28689 16
51230 13
35115 30
85272 10
90594 18
17509 24
9950 22
33116 1
69843 9
77864 28
19497 46
36950 10
54495 8
81439 28
16889 13
33968 28
8305 45
92083 1
80559 10
57136 14
82428 4
99127 10
27064 33
10415 29
71290 32
4881 39
61813 46
46507 19
400 42
50390 10
68349 5
95973 20
90720 32
98615 42
12611 0
81925 36
94118 6
20125 37
19254 46
27586 10
21349 21
9870 12
65138 28
92521 18
11889 22
55162 41
52014 20
84561 44
27566 4
93081 31
79199 14
43555 7
26456 35
4064 28
74798 29
94439 42
21513 33
55626 8
98115 19
26750 33
36358 10
1398 7
50699 21
88879 4
11830 4
18966 34
49258 41
91801 9
22089 18
87228 10
79535 40
53597 18
27242 25
54245 41
22443 46
87802 34
79339 40
65002 14
62030 26
77299 8
26921 15
16462 9
71861 29
71439 15
88244 7
93399 18
33903 32
19560 6
87652 12
31099 40
32155 23
12991 42
32610 45
62951 23
97413 22
47607 6
853 11
1021 28
88480 1
56566 19
69460 9
23090 4
95204 25
87030 0
70383 33
59613 43
71047 27
55609 24
21911 36
91860 9
74906 9
67261 4
49357 42
18219 37
50783 0
48979 8
80928 6
67837 44
90976 14
21089 44
364 46
45682 24
16392 31
99680 20
33463 34
1384 11
52478 28
20491 24
46182 31
34736 31
37971 23
13379 4
15756 15
8310 13
77291 20
4841 18
14302 17
65166 24
78752 8
41006 2
6127 15
62319 36
4131 41
21538 37
31544 26
73837 10
62011 41
84828 33
56665 30
26699 37
38163 41
24095 5
54181 44
77439 10
35095 13
71504 18
33200 0
95740 33
13102 15
68248 39
29299 22
66859 7
77261 37
68111 7
40201 4
8697 34
13053 2
40219 30
48794 25
87690 31
28813 8
15947 4
67485 13
18691 8
55822 36
51057 7
5404 24
98744 3
31864 39
78684 12
34950 41
80265 10
61704 12
59532 38
96668 2
19485 40
95640 35
61544 6
22287 21
32454 16
7833 43
73243 13
29700 43
12199 41
48759 32
4502 23
92531 14
4167 14
90221 6
25900 10
76256 38
96003 10
5698 6
92161 38
80941 40
67033 24
39629 23
12267 3
90538 19
3260 14
68859 3
24278 19
77047 3
20331 21
45420 23
12501 25
51796 45
33115 17
85889 24
53143 9
39782 27
43220 28
42947 13
66575 39
17244 27
80518 19
52457 2
61415 40
73287 22
96043 6
35770 42
96099 22
24930 13
83267 46
3869 10
11635 29
8727 13
61593 32
2481 25
88052 11
46459 42
94596 41
13995 12
24831 10
38221 33
97496 40
1872 45
21674 22
56620 44
73126 34
73726 25
80091 30
2128 10
32880 28
3028 43
21791 45
25675 3
9426 13
43433 16
91784 43
25791 15
30423 28
8787 23
8656 41
50896 3
80252 21
10025 31
5812 23
45465 2
39553 6
868 16
23836 29
15702 46
50818 11
68289 14
26055 24
38184 45
38796 16
53676 33
15146 16
41940 18
8631 4
16900 19
74606 41
76347 13
42189 33
82991 32
65805 22
44677 29
92387 38
81635 46
98799 33
11461 32
6531 10
48915 26
95823 43
28699 46
29217 3
94912 1
54583 40
89850 45
96658 6
42976 0
47757 34
58567 0
35123 11
56864 20
36083 23
89947 44
14874 37
76857 41
23098 6
60879 29
3482 35
91179 9
47030 4
19385 20
1302 19
15412 17
27199 36
55794 12
28755 27
74625 7
89307 33
90771 40
87566 2
90347 8
52476 15
11668 40
29999 41
98534 44
18370 26
58837 35
8420 25
88508 11
95480 18
14364 41
32281 3
83013 23
73997 23
20742 7
26521 24
68175 15
49017 38
40369 0
15047 28
76165 35
25537 22
32045 5
13962 24
21942 28
5097 32
17978 20
70915 33
64395 39
75842 5
31585 25
13822 20
91696 5
56727 7
36627 12
67546 14
6518 35
91541 19
40275 44
57417 14
54989 1
12754 29
69391 6
24119 10
91291 14
52779 35
73955 37
41957 40
7013 16
3174 16
30629 33
57851 45
2832 9
48892 23
21550 39
18385 24
76216 0
58316 43
97175 8
27703 42
63607 2
69368 10
38436 36
92881 8
88680 31
56417 36
3764 46
90390 35
94451 39
23176 23
42489 36
89196 2
23601 4
3614 44
40804 44
88078 37
19294 20
31121 1
81630 11
69518 8
21950 21
14447 1
5962 6
85664 7
33925 17
54762 35
1871 41
44875 42
15534 12
39034 33
11788 13
97078 18
18740 40
64474 41
71771 42
90474 3
36937 17
62669 4
20449 35
52915 28
55264 31
383 17
71633 38
54056 29
49875 35
64003 43
973 22
64632 25
82814 36
38729 2
29094 7
57749 24
80731 22
75990 23
90779 34
71168 3
43882 8
43484 8
6831 16
49464 43
99543 13
40164 35
64170 31
42884 37
38619 25
16943 22
49615 44
2506 26
17544 29
86229 33
43755 40
48026 9
13059 34
78741 37
26521 40
32276 30
15059 12
77816 8
55383 6
74210 44
45390 9
37700 11
31802 31
3952 43
1872 42
49248 2
1310 19
12821 23
30233 6
30740 29
24512 33
77790 19
45608 41
32377 2
74939 12
13017 39
55885 23
35423 3
5621 19
82971 15
7364 23
79034 2
74898 46
31663 11
1608 13
27550 28
85497 2
13379 27
75305 10
69152 13
37304 0
49562 8
83629 22
69178 5
80163 14
63904 16
8985 19
51566 35
89654 10
90283 21
17046 30
23009 7
69590 29
33996 27
50265 6
66030 15
66528 43
17489 1
18904 18
93356 43
1026 18
19713 2
49654 42
41103 1
79747 13
89701 8
22647 40
30920 20
88377 22
33922 1
37287 0
90417 44
58474 10
94804 17
18492 26
49282 44
79779 24
68014 44
51006 22
30094 27
61883 17
75173 2
21502 22
11221 0
75027 23
27740 29
9406 29
37839 30
44064 31
41003 34
65242 22
65581 19
34806 42
2908 8
18833 19
89907 46
75032 19
66324 21
93127 38
74032 22
83221 31
66873 35
25955 16
77208 11
41874 14
72041 28
75409 21
176 8
12159 15
46009 14
11554 10
28929 46
4381 24
58152 32
50118 40
47568 41
62354 14
83040 27
45665 10
3837 0
24319 32
20859 36
71196 27
93126 7
29534 22
4065 27
63565 14
52117 16
28213 41
11964 11
43629 19
47477 40
88344 44
4609 45
8078 6
79963 31
2602 21
93417 39
95948 4
30502 14
71526 36
7519 37
6804 9
81142 33
77559 39
36148 10
31996 27
8873 6
976 21
96297 30
38161 40
21995 27
68107 46
7386 46
35638 21
11342 39
59420 13
61035 46
48204 30
14512 10
80189 42
10676 20
13247 5
80429 31
22344 31
71104 16
95666 16
69103 9
94025 39
85067 3
86209 23
20716 5
88430 20
9615 4
21432 5
77409 9
86245 37
28178 0
76559 17
60785 2
17905 16
64954 28
44530 13
39467 35
59283 10
58888 8
52547 17
16342 1
58547 7
58301 6
19299 44
92008 44
3832 43
59126 1
24567 43
88453 13
45191 31
84622 9
70762 11
30110 36
47116 16
13108 19
48418 0
72384 12
47694 11
84454 37
65788 11
14706 7
10514 16
931 18
63526 2
55387 45
34769 8
64450 39
81540 14
25678 17
54590 45
86732 18
73062 32
83576 14
57447 29
87778 12
68824 37
7618 7
90027 8
95854 46
47782 38
41946 21
17568 36
54687 3
75728 36
91117 14
37148 27
22603 32
8637 0
78806 38
80537 19
3128 19
68043 30
4785 4
71922 16
91865 19
78109 37
36045 29
96755 28
29770 18
91955 11
68077 9
50055 3
54432 27
63941 19
29557 35
8309 14
96966 28
62527 4
16575 16
8745 18
1309 8
45137 30
45981 1
77084 23
11216 17
72032 18
37815 3
44994 21
26656 28
29598 38
42427 26
38795 4
74933 19
6732 15
73438 5
594 41
32918 36
18667 12
67479 24
58999 37
58037 27
30321 1
85365 29
2216 43
97088 40
74200 9
8711 14
42780 30
59089 26
63703 23
47509 5
72021 7
80665 27
6877 42
92950 22
60283 1
44186 38
10464 40
36628 43
71562 9
24447 28
20220 24
80992 32
91785 23
30720 26
40532 3
98481 30
82 23
92169 46
66495 4
37253 46
38443 9
47847 34
64940 34
99517 41
91140 11
21995 14
23386 28
24790 31
99507 27
1048 15
46719 15
54602 12
70848 11
76452 27
39015 17
58669 0
87072 3
50043 31
92263 2
87747 26
75697 37
16071 37
60462 43
81172 45
97167 24
22487 27
841 12
89301 16
90950 41
54601 30
82747 44
23510 16
70433 31
83453 42
71423 19
33318 1
84368 21
18970 32
29342 31
79276 0
84824 31
20917 0
97265 13
32023 34
11330 43
7950 22
76156 29
66071 28
52978 12
53509 18
21071 3
17517 8
29158 26
40662 3
53963 13
98635 20
19194 18
63500 16
17241 33
78821 34
48536 46
76863 32
35926 0
25810 2
86003 39
51340 0
52010 15
32008 4
22548 41
71895 44
17217 27
29398 13
28246 13
56020 19
86964 6
27899 15
91278 3
37839 39
57191 5
64057 5
19493 41
69565 44
6040 8
17793 11
96626 40
34240 0
21817 40
21081 30
25834 24
24732 26
81535 28
73479 38
24958 17
23371 20
58018 8
45579 39
93696 15
25279 36
27917 2
90959 42
52628 42
64292 35
4033 34
93597 28
41323 8
73310 46
56308 43
50005 5
40831 8
8625 17
40602 38
92313 13
37308 16
56943 35
34230 37
92745 15
93955 7
92251 26
60613 31
92355 33
74432 19
98985 13
67652 24
14487 37
90723 10
98062 35
56745 26
94806 43
14020 17
5363 45
79003 39
10139 41
18658 43
65307 26
2243 44
16326 21
36923 45
41251 43
79564 34
70844 6
41157 8
80721 18
46309 28
22586 44
95623 10
21990 8
87636 31
95099 8
61278 46
53230 29
99149 28
99506 37
30659 5
94818 28
5706 22
6626 35
54738 39
76038 5
65153 10
44454 43
43123 4
72856 15
96440 33
55282 11
38752 5
40673 23
47709 26
31298 34
50670 30
95182 16
880 17
33082 33
13644 6
72540 30
19426 10
24411 14
52493 36
65219 7
78608 10
23274 7
89759 7
32321 30
52855 16
53515 17
29107 28
54324 10
15235 30
46915 8
25292 46
46332 25
45597 28
90296 34
13285 38
83643 20
57033 40
63157 14
93893 14
90589 45
47729 34
68727 30
45296 39
93093 28
59167 12
24920 45
4662 35
62995 39
9334 31
87389 4
6628 23
65458 44
39035 16
25328 16
27572 14
70436 33
47385 37
16794 31
71203 33
47415 21
81414 3
40291 9
81721 14
69559 37
27192 34
34451 37
4775 5
51334 41
7884 28
38748 16
58208 20
31637 22
8876 40
28889 35
98645 45
64047 26
31432 42
12821 25
76343 17
39434 16
31433 37
38706 21
20467 14
31960 36
31649 39
85665 1
41179 12
29945 39
60904 32
32772 14
70363 23
87970 20
40622 23
43003 13
67342 23
94772 29
69492 31
83574 29
24861 45
55962 15
63700 2
74204 21
74203 11
76774 25
55355 19
72065 14
86313 2
11123 8
47864 45
95225 32
86757 10
41795 13
15878 35
39528 23
59278 46
33241 44
46053 21
64496 21
6764 43
2533 25
60792 45
67251 24
67426 40
19594 16
85624 27
1161 31
48547 45
13666 42
86321 33
37944 39
71897 31
82052 32
80405 15
469 1
59331 19
68607 36
3632 35
11762 30
1283 26
48603 31
62731 33
39971 17
26582 13
23179 0
79304 39
68138 5
97813 27
47998 3
36710 29
38444 39
55423 45
8168 23
34446 42
79772 9
28335 34
26416 5
69273 0
25126 0
48071 45
2957 36
53364 24
89966 37
62872 31
92935 24
65922 45
97457 17
9192 1
29063 27
45988 32
77906 17
51101 35
44264 13
74027 20
13537 2
83528 20
13644 6
29217 16
5025 22
98595 42
47601 18
44478 12
64834 9
2020 21
98206 17
8510 7
49141 22
61701 15
37571 41
57167 27
62234 25
56034 22
28120 17
59094 36
8914 3
28094 16
29520 43
30343 12
63031 43
95118 6
34377 22
65790 41
84130 0
96939 37
49064 12
92451 27
75605 43
64994 20
43208 5
92224 6
15754 46
97026 3
39476 16
31755 31
74110 27
95965 39
7226 29
50023 23
24262 20
71457 25
86558 29
63881 46
89059 38
49620 18
35612 41
88492 11
25827 40
78184 6
96932 2
72035 27
25451 23
11991 23
20478 32
47857 24
18231 0
2440 21
83143 26
24397 45
69086 27
4515 40
30420 17
82099 8
12519 37
8208 30
28275 10
63075 36
49629 10
92076 32
47469 31
32436 42
39526 26
64230 22
23473 30
64655 45
54465 35
95317 26
41904 33
54091 0
25372 44
80763 30
10659 9
44072 30
32536 46
6340 17
30145 13
33612 19
16573 10
66519 26
92683 31
6781 43
88745 39
79306 33
54309 22
8364 36
89137 5
50671 45
82443 41
52907 3
69122 15
83195 4
31873 45
68113 7
89684 42
89689 7
51017 22
55244 32
74083 20
4847 3
45509 19
14066 3
16778 18
84950 18
76066 41
8258 12
15524 8
95058 43
22664 14
64079 37
68832 36
21745 24
5209 22
74855 32
20622 16
2956 6
69868 31
25277 9
33610 38
2355 30
19470 23
81025 36
28561 10
30669 13
50933 27
20404 15
76652 25
49926 39
94506 9
17854 37
66262 35
366 27
51386 25
25033 37
33226 5
90874 5
1611 15
91005 3
57257 0
68276 16
33392 25
14323 29
47426 15
65378 37
78104 17
99987 13
32842 22
76024 30
98807 1
8957 35
98304 12
50767 29
81531 20
50811 31
96136 12
49237 32
35096 14
84717 40
99319 38
83947 28
44908 34
70933 44
12863 14
38519 44
49158 40
55791 23
36735 36
37537 8
87306 15
21217 34
45793 27
41049 18
48727 10
40135 7
60208 16
6161 33
39030 26
85149 6
98459 24
69648 0
39349 28
67778 5
75375 26
46480 38
33691 36
90299 41
35993 34
72745 35
91006 13
2467 4
72084 27
99606 45
77502 26
80223 0
66797 29
22211 15
34799 29
32700 19
55954 21
11548 0
70607 19
52828 6
63848 31
66937 24
76827 45
14012 46
78693 20
39079 31
39103 24
49396 2
21713 32
85310 42
77436 23
25880 11
74318 8
34629 39
53845 11
92441 9
52392 21
36927 10
36575 6
9575 34
93995 44
49563 26
59016 15
43843 8
44076 46
36438 22
83893 29
84714 40
57929 28
20440 28
75088 11
37745 14
3553 8
42976 13
17052 6
63151 21
82787 33
99417 35
27421 3
3796 5
14319 17
17162 15
61275 33
22002 43
79048 29
68379 11
24354 38
5898 14
63403 10
98536 28
38418 17
69030 17
7512 6
33980 4
9751 3
28894 18
21460 6
31750 42
62153 12
37127 20
5180 10
27833 24
67188 21
82245 4
45343 10
41113 35
55075 27
41237 43
46657 7
24067 13
61486 8
61434 41
91013 44
1308 14
74680 14
77861 11
63356 20
5673 23
1049 17
14641 27
89512 1
79249 42
72398 5
97399 28
96347 13
85192 27
28672 18
31319 20
51842 5
80263 33
66776 22
24520 34
29863 5
19078 25
33145 18
92249 5
69569 32
98979 11
1363 25
47544 18
20959 38
30811 42
8606 17
52153 44
28032 2
46056 33
66530 7
96443 36
36213 34
93685 25
39355 33
5421 40
43333 41
65260 15
85799 8
35383 16
28042 25
76603 31
80090 46
70554 44
7162 18
4501 44
17493 9
91097 10
32627 27
35847 24
81047 32
77544 5
87903 24
33955 26
84561 18
99930 19
22631 44
52025 1
35437 29
57107 43
16 32
31085 8
39149 13
32857 41
11203 0
48179 17
83219 25
36773 8
67293 35
4940 3
75130 26
10558 40
81519 8
69632 33
58779 25
71804 17
79281 41
58653 40
27910 40
56876 10
57662 21
31047 28
14147 40
7413 45
34361 11
24979 32
51810 29
95830 28
4456 31
60228 31
73309 44
73872 26
92279 36
54013 19
55776 23
26641 44
69451 6
85191 26
94580 18
69072 20
33120 26
14529 35
65724 26
27205 14
42847 8
19244 16
83081 26
17835 28
83498 14
94629 45
45617 35
6179 28
29696 43
4369 29
66301 1
4409 31
80875 39
11128 31
23352 13
57683 27
2876 10
86097 35
94614 44
75107 9
39263 33
91100 7
77782 43
23831 21
7893 40
30566 46
91127 10
64463 5
87619 31
5606 33
12584 31
91802 28
9289 7
2791 7
74598 40
35470 10
87690 41
4849 1
66899 41
71820 27
74038 27
45139 44
61409 44
12327 46
20599 9
51468 33
69029 11
13506 9
7042 39
12151 8
16376 14
3575 32
7909 24
97862 8
26198 38
38928 41
91454 16
78346 10
496 4
36905 19
78770 4
91203 17
3910 7
17313 10
87741 15
14426 22
85618 15
22489 27
23413 17
29682 0
70815 21
26324 13
55768 31
98083 28
4952 25
98968 43
63709 28
4345 2
69281 27
52871 37
58775 5
77335 26
2792 13
64804 0
71081 39
7538 3
52538 13
94023 20
32950 41
31665 0
19593 25
28438 17
72721 13
70422 32
30233 27
15124 2
19464 16
33202 7
33949 32
4721 41
22684 30
6638 35
87259 44
97623 11
31186 11
96962 44
76517 35
32612 24
99857 37
95729 25
9558 12
40808 14
27644 14
3056 4
19888 24
76489 43
12039 30
26446 14
11041 7
86577 39
86906 23
96023 1
80132 3
59206 24
58609 3
57457 31
47496 17
692 22
23990 20
68880 29
91921 34
30818 23
54742 35
15647 29
2839 24
84440 7
78394 10
6271 12
7736 24
50923 5
16961 14
99315 38
6726 7
81987 1
73596 19
22706 11
79998 18
33046 12
7938 43
86677 8
96898 13
91715 4
3286 32
56237 36
41670 22
71354 30
97761 34
9155 26
71696 36
91480 1
56012 32
8349 37
28593 31
1945 20
18246 46
87304 21
12223 26
17883 34
27321 42
63963 5
36340 22
17585 15
83707 40
3375 11
72507 30
13218 4
26084 3
43260 26
74044 21
73051 46
91199 42
96328 39
82506 2
43599 12
78246 12
49799 6
71195 32
49013 0
85590 22
88267 9
52033 0
76957 42
83135 43
21896 39
54210 21
56371 17
7731 37
10624 24
59539 29
37719 23
72494 24
54954 10
85425 23
19248 35
90171 33
86553 3
36642 27
93762 16
6400 22
20752 4
88759 35
89348 8
6836 7
90794 39
91578 23
29446 17
15362 12
78304 0
4504 0
73484 42
45478 33
71843 3
77776 11
99963 20
14591 16
5832 16
23078 30
11769 24
26202 1
74366 36
87488 5
84616 37
62548 23
42282 41
57718 15
44244 23
56784 2
78742 11
79292 40
6529 25
28987 32
89218 4
46729 11
82224 38
27271 37
94693 20
84659 22
79822 1
98513 4
1631 39
34915 24
10384 6
17794 2
85115 7
7789 7
28985 6
70771 38
81415 35
59547 16
94369 6
36440 21
58356 41
62724 28
84433 31
35019 24
3233 46
86136 24
27372 26
42345 4
53715 23
60819 32
31608 33
2532 40
94789 29
13661 35
76632 41
31556 11
2849 1
2528 41
96758 46
72403 41
67399 35
80310 6
96075 38
61603 38
71955 36
43067 9
38912 41
68475 33
81214 5
43475 28
96368 7
37119 41
49534 35
14650 9
36729 15
13911 45
79353 33
11247 7
61042 2
62764 45
37148 30
38532 28
5878 7
42229 17
70057 7
28743 45
17772 39
41942 30
278 13
34165 3
43511 37
74922 16
65230 21
34398 33
78948 22
36018 12
86183 23
12429 13
65598 38
28081 33
52154 3
53826 37
28434 25
28434 28
66387 24
43891 15
67259 14
21590 35
59772 1
90414 3
55065 19
52203 27
40110 33
26360 40
42953 35
60113 34
93634 2
31611 9
59296 32
57361 20
58172 27
2825 35
41525 28
53878 39
25541 35
898 30
65695 6
31349 30
51189 42
92606 28
90450 43
94566 19
35699 32
24264 1
62238 19
97604 27
62006 13
79567 6
92332 4
37491 25
16672 14
17090 16
89436 46
3252 14
10870 32
5677 17
11884 33
16423 11
50419 44
48338 31
83929 13
16054 34
43793 17
94798 4
30245 22
97991 8
41057 45
28719 29
13095 3
19002 9
73080 45
24072 24
28731 43
57565 45
11115 13
31552 0
60914 12
51902 40
47080 6
44682 29
69080 18
32563 29
64918 44
78298 15
84158 1
26043 22
97436 14
33605 32
64472 25
50608 35
77642 39
69553 23
42656 4
57068 42
68380 45
46646 7
6562 13
75715 9
34140 21
86152 43
92026 23
54709 22
24548 16
57232 19
84397 10
22699 26
49786 40
16090 20
40078 31
11425 25
29371 6
56537 35
58733 16
46929 39
48479 9
25946 43
92476 10
46970 8
84845 14
76890 29
1186 3
27632 23
83074 8
35750 33
35110 34
78050 12
65520 39
26391 18
88761 27
92945 17
97012 21
18013 6
95421 26
16904 2
90423 9
97903 8
69476 19
22347 39
46393 11
63900 25
95159 6
77654 13
9101 2
76284 35
88783 43
83543 34
73918 16
86941 36
56135 4
77067 11
19824 41
64356 17
43321 24
62487 43
55580 20
18486 13
64570 46
82835 7
80878 31
45183 1
53564 15
83812 36
95324 26
1729 0
42708 21
29845 34
57887 18
19401 39
93354 22
83325 45
44535 6
20640 27
33339 12
30214 31
82025 29
47631 16
44274 30
16954 27
8503 13
94041 41
32170 34
48735 4
46954 16
62959 15
36529 19
60093 39
38776 25
81467 3
92579 7
61229 21
32382 6
53170 33
2208 39
42040 12
74028 9
21930 32
96671 42
82484 2
73287 3
59345 26
378 38
80851 34
83728 37
54794 29
35492 18
91996 26
23426 25
46048 9
82081 46
92478 26
81391 1
73894 30
57858 25
7230 10
96636 40
87467 18
81932 14
60414 45
10752 31
15711 27
1228 9
17422 29
45299 3
6115 33
62049 5
77111 17
64694 36
12542 43
54949 43
14200 13
6944 42
24722 27
91539 3
39980 23
89242 46
28483 41
87947 17
91980 1
20932 28
62657 4
31104 13
47892 38
87008 12
50034 24
30904 25
56321 0
25884 22
42655 37
41568 36
8690 46
70213 7
40118 42
54913 33
55405 42
6866 45
53953 38
22494 17
59878 1
43714 28
53045 24
98536 36
71417 27
18920 26
87355 14
16326 12
13837 38
98564 12
45416 25
58517 27
86590 20
20465 19
14812 22
68886 37
95134 3
90907 22
26837 40
81726 36
77634 30
21867 1
59393 14
24505 36
56276 27
74162 34
57024 27
9380 35
41724 32
88310 13
67577 15
31509 20
7869 44
26672 16
87831 1
10504 32
8792 33
1487 13
65153 8
52765 42
30983 3
37221 5
58324 31
20760 25
74933 41
30176 30
59028 36
64944 43
64125 30
57075 13
67566 16
15827 23
89828 22
34974 38
46416 7
76619 41
4842 42
32584 8
99293 11
268 18
45708 8
11176 3
4471 25
81551 43
83516 3
50087 31
79491 24
5569 23
8708 10
19091 13
6670 45
52017 44
34508 38
92886 20
96276 3
33793 44
24866 15
47426 24
39917 36
24003 21
44678 10
46148 40
92085 27
44880 12
51041 20
18280 6
88444 10
50881 17
1473 7
35869 21
81693 42
92196 21
80148 18
54913 18
32751 9
32962 39
90844 43
91737 39
64900 2
2974 1
64123 32
94490 2
69048 23
76297 28
66710 25
19060 19
69977 38
24182 4
42487 37
99643 27
77810 44
53332 3
55581 36
47003 29
34744 32
82680 11
54454 25
43031 13
16139 14
67270 36
30517 2
69639 15
42540 23
12973 25
17392 23
38724 13
43005 22
49352 32
66345 12
18770 34
77756 30
50799 15
26752 13
86825 21
68254 11
33395 26
12323 28
62116 19
74236 29
3117 0
37207 8
53180 19
38030 34
82638 44
96701 7
72251 29
41037 35
48773 29
79229 25
85946 12
31451 6
90741 29
94065 22
57469 38
62018 8
91110 8
21585 11
60265 3
71938 27
52260 0
88580 7
29792 46
19076 35
50703 34
15164 26
18627 19
83008 26
49794 6
36208 15
58585 4
59069 31
55172 30
94326 40
76895 37
21504 10
52533 38
26500 28
48646 17
92880 17
72601 37
76504 42
69642 6
70129 29
72464 34
72459 42
97480 7
70498 37
28262 35
74353 37
47173 2
83140 44
43654 17
12547 20
13778 33
20347 35
72331 20
69476 18
69387 4
14238 19
99137 0
94567 18
72036 8
35469 0
69928 19
66961 13
32980 28
5119 10
87839 25
82380 33
25994 42
76777 32
80164 26
35482 31
47235 45
52874 31
60787 1
37213 39
22898 16
92456 19
28677 0
26113 44
97883 27
58523 46
45159 38
84751 10
14081 44
49670 30
90590 38
20163 26
28734 1
46834 33
29603 26
47010 15
85115 28
22668 3
38578 43
67322 15
8475 12
38400 38
56635 43
18516 0
87180 14
89862 25
91663 14
5618 46
45132 36
9384 45
2857 2
40823 27
32933 30
96909 8
54978 23
61776 16
55640 44
18539 6
2472 27
35872 28
75507 3
41147 19
12735 44
30214 0
67539 3
77826 44
1037 0
76004 6
70147 33
4407 23
42018 37
4806 5
51705 29
6637 26
54898 42
84519 10
97290 42
70136 1
38209 39
74528 31
21902 7
82456 25
92380 25
20245 6
44623 25
59601 35
74433 17
86984 22
77633 16
51143 39
60338 35
18277 41
67955 33
33877 18
8002 31
8698 17
78819 17
38337 33
55852 40
88733 33
17270 30
82996 31
41927 14
14855 25
32446 24
18781 42
72978 18
35971 3
77120 12
9788 31
27055 14
1922 12
78200 3
94883 3
54505 30
99619 18
5695 0
33245 27
71567 36
52280 35
30745 38
65244 35
33826 31
60543 12
41481 20
37871 0
37445 32
41199 43
53863 13
38669 34
13055 20
86471 37
2686 21
7995 39
70441 26
62281 15
4159 13
56922 23
35193 35
38723 37
97543 12
37674 42
70005 27
73542 34
88416 13
68361 13
28365 8
78085 1
20421 3
2601 44
30781 40
23275 20
16732 7
50905 37
41603 35
7505 42
71432 18
98716 6
46344 37
55999 35
97435 17
37537 15
87802 46
4115 13
26892 10
23456 2
20564 7
28336 37
62709 34
27396 36
96425 13
74100 31
99502 12
12965 8
58141 25
93971 38
67032 44
97284 4
37567 12
81497 38
73318 16
10028 10
94665 30
57666 1
63736 5
22534 13
11301 22
84824 24
51532 32
39455 3
26534 28
45843 25
80619 44
21349 27
34672 14
71269 36
51079 28
64388 17
11865 1
89442 40
72482 37
60012 18
15271 14
71968 6
73950 43
36428 6
34692 4
76337 16
57806 12
26389 16
59642 4
59546 9
15056 18
72135 4
97157 45
21408 0
77913 42
60976 12
97663 45
80538 16
48840 16
62386 7
3603 13
30786 15
80763 40
86004 14
38776 23
29873 16
80050 22
7608 21
38739 6
82095 18
4364 28
59970 32
20905 44
94770 12
93502 23
95563 31
78363 25
25732 43
16127 43
49938 29
21796 1
58266 14
3339 8
63712 41
18071 0
85220 33
20978 30
14575 33
68337 34
39159 29
81770 3
18548 24
23559 42
85328 40
18921 37
72019 37
64523 7
35890 32
63738 32
71050 15
47217 34
63369 16
16686 3
20761 18
69948 44
57497 40
11803 7
96895 33
55992 43
86177 11
83796 39
66562 37
21580 14
8747 27
85247 23
14972 10
8350 16
5353 43
17082 40
71664 2
74105 25
30792 39
1724 45
55109 12
65765 4
20809 7
9311 19
58635 42
42697 17
13823 25
13646 36
74737 40
59519 46
54493 2
92348 12
90114 35
5973 32
1424 0
63187 17
70875 38
20225 45
79219 12
70829 22
43567 36
84064 0
81802 7
87649 31
30600 7
94608 3
21819 44
10077 19
29514 27
40612 32
9090 27
25323 46
73195 32
11731 8
81210 19
46364 25
37286 17
93962 28
5880 39
42398 20
41440 15
56433 42
34168 46
18688 23
41798 22
50684 11
82812 32
70471 46
10060 35
72028 18
88628 31
20869 22
71994 12
90467 34
45130 39
66726 34
33279 27
54496 7
42054 12
18093 25
68268 29
88232 39
64381 38
40504 4
75819 27
19770 6
94524 36
49860 14
50508 33
16531 4
41391 4
20176 29
80753 8
17636 8
4889 29
54395 35
29171 29
87659 36
40491 8
90622 44
27051 28
75244 6
96430 8
44912 33
81400 37
41311 3
75279 42
43854 20
68330 22
75784 35
45935 9
64079 8
52463 4
86443 43
3632 26
1707 13
79926 35
65368 12
67173 27
49220 13
20200 37
31951 14
87812 0
36196 37
10465 16
18283 12
56395 22
5983 42
18872 23
93874 43
13709 38
57370 35
91286 27
21419 42
9824 10
30130 46
18109 45
57589 15
21045 13
70443 15
26628 41
16663 17
26056 29
94513 0
53795 25
94237 3
42054 27
60044 18
98793 24
94332 45
80565 30
99554 35
28897 38
9836 12
90688 44
19664 38
38966 42
47519 18
48429 3
96090 23
95860 9
51656 14
11887 15
99270 5
92651 24
75178 9
42228 11
61443 30
71518 30
71996 2
72501 28
73032 25
76877 15
95657 13
62539 6
31615 19
73841 14
26484 0
32139 22
34204 1
81767 4
37852 15
83053 5
94127 1
36662 33
7005 1
60586 20
11879 8
65155 36
80629 1
97528 9
83669 31
25264 44
42524 15
10707 16
75476 8
81808 10
7086 24
66279 15
83864 44
49665 12
26518 17
68902 36
40284 38
86232 17
35180 6
77713 37
50984 27
62537 29
42700 19
57479 10
9441 33
60757 2
67321 43
96798 34
62933 34
34980 41
21594 25
89122 23
90604 40
16345 21
37550 15
75076 1
85008 29
77540 10
40603 21
2828 25
23727 26
98560 5
29839 46
13110 33
42087 23
40091 9
86408 34
1106 34
39427 32
93287 11
70019 0
92716 39
65097 1
23786 25
50747 0
10889 20
84063 1
40508 3
44481 11
82788 44
13072 34
47243 9
8012 27
97109 9
47138 37
79982 29
10258 46
96974 38
93988 21
10144 33
86150 39
13123 8
78929 24
79130 0
6101 33
54936 4
28580 25
3180 42
71770 25
19097 35
59603 16
94581 10
20702 29
31087 3
66335 14
96192 28
40765 10
348 1
59533 43
9985 22
48460 37
77863 32
99548 11
10521 10
59802 30
15629 29
35888 9
3092 34
17027 4
45075 45
42440 36
49831 11
22150 9
51042 28
75622 25
40531 12
84921 31
91176 41
83454 27
68285 39
89067 38
96921 11
11737 44
37307 44
96970 31
75443 11
88220 23
67138 40
77818 41
29242 44
57522 43
67358 30
19208 5
26253 41
21901 9
82816 35
82184 0
64861 13
53156 26
14544 40
46732 7
55139 26
4858 2
16717 6
15976 2
27992 22
73715 35
46790 30
62611 42
54783 33
87679 11
71877 21
81383 5
58011 25
12050 2
51193 24
53314 35
44611 27
2602 3
43976 38
60881 7
96450 33
65696 35
67312 44
82203 37
89797 29
29482 36
58050 23
95685 0
6105 17
67404 13
34665 8
66429 35
90555 18
90937 13
68954 37
91311 44
99652 40
64365 18
92188 41
63438 20
92855 4
78762 30
42598 21
54606 6
72113 27
84558 8
14091 32
1534 0
2762 9
19985 34
28424 38
28226 17
68528 31
87032 17
44841 38
1063 12
93545 0
5198 6
62598 6
4440 45
62538 32
2108 46
3540 6
19183 23
71121 10
49978 4
62249 30
32337 3
86459 24
40093 15
62507 10
83183 11
45460 3
67722 29
56224 6
47667 37
93281 22
7379 35
98725 35
62150 32
82021 43
77654 38
98858 20
74153 4
54206 31
15314 19
90247 46
7557 4
46052 16
23101 33
300 25
97447 15
63401 0
69547 30
87847 36
71939 18
65187 38
99377 10
31933 3
97514 34
22348 13
81334 26
29419 17
93349 16
71379 44
90663 7
54896 33
90198 3
77129 27
14166 26
66261 1
18100 1
47581 30
5760 41
62015 3
17578 3
75451 18
9948 0
54439 7
27494 2
74290 26
97241 36
52707 26
64229 5
39052 29
41884 20
1173 17
18131 27
62293 39
36717 10
38636 35
7127 36
72811 41
62777 14
53656 20
60166 14
56452 46
64012 23
36902 45
84951 16
5149 21
1380 43
57186 40
11228 8
42421 6
65059 46
3501 28
86830 8
53976 28
78384 14
79873 35
9640 26
79495 28
30700 39
51210 24
88460 11
50193 29
74690 20
67659 31
37007 36
36540 45
61135 42
61339 11
80028 4
2489 44
89027 27
42307 21
7444 11
67505 38
64490 40
99510 39
20947 22
31777 5
50818 42
55579 25
33313 29
32801 31
9778 32
6615 38
43008 15
98473 19
65319 11
19548 29
83950 31
41849 3
20763 0
42051 36
50372 30
57684 35
56373 23
82140 12
7185 5
3910 34
80427 12
12712 16
46780 4
43654 7
96566 14
1700 31
52938 19
12120 20
37885 13
87240 14
16163 18
23029 22
20911 22
1931 16
93418 27
91001 46
33649 41
11246 41
12187 18
43670 8
54619 29
8721 31
15384 2
85356 6
69918 9
23271 19
24679 7
21342 7
32467 38
90 10
19018 17
54531 26
39036 7
30039 25
42698 12
67430 21
99152 30
28243 39
62734 40
4553 16
93165 1
44739 3
38177 15
26468 33
77354 37
27456 36
21296 0
75039 14
67641 42
21936 14
60209 42
17872 16
13419 24
81277 30
76123 38
54429 26
13376 10
1426 1
45867 25
63424 0
45539 10
34316 43
30494 37
90171 6
90702 18
79511 38
2623 13
84170 32
67570 4
52665 26
16204 8
99092 33
46539 21
69362 27
61283 39
44554 4
51026 13
32978 23
601 16
66593 43
3572 37
64280 28
44783 34
62525 24
84068 15
87753 34
35319 20
83492 46
19733 4
87905 9
13027 13
30731 34
1585 5
53361 12
61250 23
96382 40
12802 6
66651 11
28634 11
87210 27
92619 35
88897 18
68641 39
40403 46
75145 37
9661 23
57583 2
20711 42
2792 8
68378 45
17880 19
80400 41
85838 4
68689 21
76644 29
23723 27
24252 1
85000 43
73645 45
93844 36
46651 16
61994 16
18709 7
43320 8
70186 46
95119 26
51937 4
49114 18
87130 36
19708 6
29893 1
60424 36
37910 37
33142 42
12998 34
71484 14
16695 20
85954 2
81531 28
83891 25
98982 21
83190 6
44475 23
22428 0
4341 37
5110 17
88465 13
32791 40
50261 25
58707 1
18778 27
77655 34
21141 39
33703 27
2592 27
14987 38
90239 19
10786 29
79452 16
25388 35
56913 33
30468 2
51634 9
59269 9
16600 27
60479 29
52469 45
31985 19
63041 15
1243 16
23800 20
86745 35
8282 11
93005 46
17433 17
39923 43
26438 33
66359 7
26185 29
45870 30
58526 7
46258 33
26016 43
93837 1
78517 29
14835 43
56194 26
93281 40
81719 2
7623 24
2136 7
59061 43
46676 0
17054 8
71551 1
71086 45
53390 29
24003 39
80337 4
58560 26
92764 16
35224 33
80160 38
10237 36
76959 44
40920 8
68222 16
54391 35
57831 27
83 12
32873 46
26318 11
93624 18
74824 13
29333 26
26668 15
90586 1
21474 31
21236 13
93051 1
55210 22
55942 41
32115 16
76287 31
45172 40
88329 22
60709 37
6536 6
10949 23
34828 36
98594 4
14883 38
68437 8
93649 10
10801 14
48453 11
23879 27
5952 6
72308 43
45355 16
97585 21
86601 46
50464 40
78379 22
4412 7
7709 23
60139 29
82272 21
28882 15
66623 18
60242 41
14548 1
57366 10
65968 12
74111 8
83184 2
18009 5
28851 43
71675 7
32333 45
76302 11
14505 45
23202 18
64161 41
45052 12
75237 34
74568 31
72865 36
47066 31
66332 0
51011 44
38886 4
44029 45
82311 25
89550 44
53714 7
89899 12
14051 36
26572 31
91556 13
6877 1
10766 27
46798 39
80340 32
18824 34
9851 26
49350 19
662 33
47883 23
77278 13
49230 42
94805 19
55789 29
94373 33
16405 32
80464 39
79370 44
4961 11
33821 6
74445 41
74592 14
62486 30
9057 45
2315 36
1578 13
63227 16
64280 9
83256 2
46451 23
32241 33
95948 8
21429 30
52966 24
2100 9
73225 11
91139 26
95401 5
29887 4
96767 36
73965 40
10797 11
81269 0
78681 26
38342 19
44114 23
24272 12
33194 8
78542 27
22935 41
39780 10
40739 17
58358 8
11475 30
51962 25
83901 28
71374 1
56872 42
57390 22
63617 35
23253 8
82880 14
45513 39
17300 14
35510 22
76670 38
80836 38
21448 35
53842 23
8705 0
75128 43
64992 6
17134 43
49874 5
70809 32
92469 42
85943 33
80325 9
53046 13
6541 27
12020 35
43910 6
97056 20
51003 1
41833 18
44483 37
68219 28
88618 12
72876 18
5824 24
55159 39
88208 26
26187 38
14645 32
59432 34
75739 12
23373 1
11197 31
3260 9
74837 33
37641 26
26869 25
60334 43
8025 43
35419 24
84026 27
84752 1
95519 36
97534 13
74639 42
35012 36
73480 46
52895 36
38858 6
53327 16
68649 12
45847 0
25703 35
40981 5
11673 35
61275 29
52665 6
48979 2
66767 28
45967 10
59694 22
19422 36
93706 13
34996 35
50003 7
27727 26
6127 3
27712 34
91027 7
23047 11
77512 46
28623 10
71248 3
96524 34
77875 24
33005 42
3207 32
17769 38
39406 12
76812 20
30056 30
25906 20
75545 12
62590 4
18347 32
66843 28
56238 46
57453 7
34324 43
68799 22
81251 9
21952 23
4593 28
90845 21
60846 0
34273 17
91394 17
60057 32
22896 30
39470 17
9681 33
22474 36
79506 42
88166 20
39068 12
87058 23
94777 42
51274 7
8093 17
63532 42
37367 0
62563 42
91436 6
2770 11
95968 28
75174 43
78580 30
67106 33
68977 16
90801 44
21853 2
84382 4
12001 20
2704 4
45390 37
58828 14
36349 18
65993 20
65593 20
50975 46
21824 17
49280 22
89716 20
6831 5
10067 36
15107 39
13009 31
89352 35
59419 35
94574 3
26876 2
84810 16
6807 28
12875 37
85624 26
6586 25
7914 4
99704 41
1243 7
94074 43
31967 13
72432 36
59859 13
83936 38
71307 10
88542 5
21316 44
13496 12
98014 23
15899 17
57726 2
22174 2
10870 25
94124 35
51529 3
52268 43
44560 23
88304 40
3341 6
42804 16
36779 29
12866 30
76470 15
24197 13
71623 14
10069 40
91035 44
80024 29
30077 11
99690 41
17944 22
53594 3
26419 29
54735 44
6648 9
44639 41
65892 30
60240 33
78135 16
33686 2
12735 0
42449 30
38627 7
90593 39
24600 24
9071 40
31638 11
30025 17
56552 20
48757 4
82015 24
76369 31
45967 35
68757 1
66004 46
96959 42
78656 11
22147 20
19230 37
88672 39
36792 29
61900 25
67517 40
6122 11
93663 25
98041 22
22403 34
98563 40
89437 16
37605 24
26031 1
39059 22
9712 22
12661 6
64699 26
28521 19
11140 18
15594 8
68166 4
27705 42
27173 16
24758 15
82821 44
25333 12
26652 38
97004 40
65245 11
27799 25
71711 21
94404 20
51296 29
39243 8
92156 32
12052 35
85503 3
97092 16
96617 37
49722 40
97871 27
62774 16
578 21
9235 41
36499 19
70088 28
63997 2
5598 5
11325 13
10868 37
2335 17
33658 12
55917 2
83331 29
6542 38
9187 17
36108 20
44923 24
73828 37
10559 45
51329 43
83868 27
69368 22
25991 41
5819 30
81361 0
53180 19
65248 25
49356 12
31067 2
17141 27
56113 39
1927 15
56807 16
82162 16
41582 15
83236 18
15957 43
68784 23
37953 19
62330 19
13113 32
323 25
63239 6
74139 15
38825 18
44564 18
9018 3
22008 32
23661 43
23301 1
37867 44
38222 19
54357 1
6727 21
85091 5
59877 35
45375 17
55150 4
20998 18
49803 37
86347 22
73099 27
95514 8
13767 17
90665 14
83860 38
69154 31
13771 38
26296 27
45650 7
97709 7
64497 3
42648 35
9562 17
39519 8
81635 41
27956 13
59151 35
34970 32
31489 28
51959 17
48093 42
16211 5
3157 20
1570 1
11367 22
75991 8
26844 11
8834 46
86748 22
76076 6
62078 29
70873 35
21183 35
86065 28
28852 31
74667 44
34019 20
79518 33
32148 19
41069 33
48322 40
82854 24
80449 22
61377 45
71062 30
20966 30
74471 44
37850 20
62260 39
84664 27
64573 10
23713 29
25984 41
86833 7
37060 6
325 37
56843 15
27278 40
60291 39
35229 19
46267 38
89376 45
97234 4
19588 32
23079 9
19071 1
30358 0
24178 45
81296 0
47027 8
27834 2
14203 11
98028 18
54046 27
10643 14
24115 46
14811 5
71565 40
97713 32
15100 26
9262 10
46910 12
51563 36
57220 23
52683 15
8404 6
80132 26
16192 42
63858 24
52830 13
15217 20
21105 32
12220 19
71616 24
68628 36
66490 43
61598 37
34362 28
49590 14
89948 17
26309 4
11788 11
79553 3
40488 20
266 4
65391 32
79494 38
45155 41
92412 23
99081 24
68255 5
73238 0
43512 8
41825 40
15205 39
98815 14
39274 26
47574 5
57408 27
80653 34
82176 22
57597 18
31850 15
44960 41
92270 40
36423 42
43329 17
19848 42
51759 36
51349 44
27036 6
91928 45
27562 26
23596 5
13016 24
11879 33
53231 19
70493 11
29310 1
99534 46
10422 44
98869 46
30749 1
94070 10
57261 12
4201 26
30808 27
73370 41
81965 43
50374 33
32114 24
62615 34
58544 17
18541 10
38611 19
8438 44
52321 7
95367 3
22545 1
84961 42
52671 37
34584 32
15247 46
80669 32
42697 7
69772 16
67226 17
86700 27
43025 31
62683 21
78398 45
52304 0
80150 22
36378 21
39944 36
18853 37
50286 24
78818 3
82856 7
92439 28
93374 33
17271 7
22401 30
99982 5
22229 39
67057 23
39320 11
18365 41
52495 17
54959 46
28197 5
3962 2
48361 33
28913 33
76862 27
19209 42
34396 36
1933 44
81175 32
21786 27
79075 5
8389 24
13447 16
7843 17
15496 16
70137 13
39672 11
48693 5
38493 6
35679 27
48943 28
22834 42
91219 14
41831 15
29445 35
4162 36
62025 23
19657 23
31405 9
44122 6
17851 35
41580 41
20628 15
34061 18
30802 33
49792 17
21571 25
75758 0
13396 9
11990 18
26742 15
61816 43
11622 4
57374 9
47363 37
2127 43
54079 28
92710 0
85072 0
25586 1
58252 18
37025 38
29559 19
80655 40
18603 3
94904 1
54842 43
12375 31
37279 11
91535 23
46603 23
87779 39
58568 10
58713 20
53593 23
32919 33
37301 4
74231 46
66811 33
38121 2
38920 31
36727 32
89099 23
14096 16
76361 26
27932 15
33534 18
83877 38
5549 45
44013 46
39813 44
53642 27
29044 46
76334 1
9805 17
85993 4
29895 34
66190 24
99222 15
90750 35
94374 41
15583 30
78668 3
89680 46
44753 21
80433 41
11253 2
93846 24
55501 38
38398 21
83392 32
87956 22
34609 11
91521 24
49823 31
68302 38
8113 27
12093 33
75529 45
61406 25
43342 2
14856 12
1406 45
22360 5
69725 14
32507 37
43917 0
67788 30
46325 42
34673 30
67011 26
46194 0
62954 44
29253 42
323 13
24213 34
93952 34
28600 26
46180 30
76828 13
20527 12
35931 15
33371 46
15553 5
29188 16
73205 5
24318 12
37935 45
75695 38
41637 46
79840 46
41287 3
57577 28
12554 22
22654 7
51582 45
35639 11
99090 7
64294 34
92489 28
54713 34
86640 28
76138 6
7862 31
87 16
79615 16
31290 5
51308 15
54494 42
49814 14
10152 44
34013 39
70261 17
24961 35
98910 43
5095 42
31885 25
78963 19
71302 28
17901 12
13018 16
95022 2
52888 36
325 15
87274 5
28498 31
3282 44
67069 14
92506 34
6422 8
86590 28
534 8
33897 7
28911 44
89065 31
29003 11
50485 12
50571 7
82587 14
95765 24
246 46
70399 17
31423 32
92530 27
90239 14
5405 13
50298 7
12870 22
28442 45
44496 17
50196 7
8636 15
40540 2
15728 4
88288 6
189 46
24411 7
34682 40
35357 5
462 39
75917 30
23563 41
31418 11
91221 45
52420 19
45870 15
65591 20
86826 35
76227 41
22479 15
93473 44
42050 13
50477 17
96752 9
58226 8
32249 44
73339 3
85085 43
37807 7
26145 11
89093 43
61976 37
93771 6
54128 31
61076 21
97246 27
31249 45
69398 1
25253 28
63058 22
38842 34
80206 32
55466 25
20295 34
30055 33
28539 43
57426 0
99000 7
69172 34
5849 23
42753 22
40297 15
50265 45
57378 31
63243 13
33132 36
66710 28
54940 12
82280 7
46457 19
87618 44
19178 46
61267 39
72548 31
54087 27
89501 13
9203 23
11770 40
19446 38
50389 39
561 24
84226 17
16783 22
79564 9
13950 33
36653 36
2864 6
96772 37
15744 41
93858 32
52350 34
81980 27
82262 30
77199 6
129 33
57152 26
83673 42
96999 12
96273 36
93476 43
42827 15
86539 10
59588 6
62092 43
851 45
65288 30
85873 6
46693 4
62770 5
63753 21
77282 2
20868 4
13026 21
48835 5
11004 17
58446 37
92805 44
2622 42
97163 38
57832 36
37505 19
76731 39
17990 38
99259 16
39824 12
70381 10
27932 28
35985 45
71847 38
80647 28
61989 28
59521 43
3066 8
13994 6
49639 9
5237 14
17158 29
16041 13
13961 44
20265 25
44428 28
40989 2
37220 16
9955 27
80297 33
27146 22
14330 28
91328 39
7400 27
5863 45
37229 19
87906 16
50389 23
40551 21
17963 14
71773 35
14033 35
99996 45
8956 11
46777 22
55480 20
5635 41
38613 32
89275 26
63320 37
39764 43
34667 38
66439 34
12846 6
56153 22
74202 15
95282 42
22916 34
36791 25
80287 21
27317 40
13205 7
14963 29
78090 20
77776 19
87095 2
22148 41
85405 41
51365 42
85280 33
99042 31
53231 26
10785 25
67519 8
74489 2
19883 8
58010 40
4198 32
18161 17
86245 10
7565 17
57739 0
73542 29
49116 18
52297 30
58333 31
78540 40
71851 26
33035 10
40980 17
96708 46
91985 42
45571 5
18763 36
61843 39
71438 1
70705 21
49785 25
96256 6
75890 13
7620 6
45392 33
42344 4
79874 28
1737 13
28309 11
65827 17
13231 35
17064 45
57131 17
49509 4
45136 17
17654 38
70379 30
15114 30
57597 16
90611 2
22066 26
52212 21
84572 16
41331 6
82004 31
12544 8
91307 22
55270 45
67567 7
91537 42
48679 3
88856 14
64377 3
31235 24
88720 11
1123 3
28987 40
80032 0
1898 2
81240 0
40070 46
27602 21
80242 17
4746 38
7462 25
83193 12
99913 32
37676 16
12465 5
65016 26
93933 9
56768 9
30077 17
17267 17
60161 12
36681 37
66245 38
91524 15
86732 40
55104 44
80930 14
31811 16
63330 27
41399 45
87336 11
9873 46
10475 34
58725 6
42588 38
44074 4
80442 38
53251 10
1917 17
99599 24
56396 37
11439 22
89081 18
97952 17
76119 34
63031 40
82115 26
40762 34
60039 16
90793 38
81449 26
72472 46
48914 20
91082 45
28426 35
68473 28
74544 2
83218 2
46552 19
43418 30
22337 10
90010 6
38673 3
46704 35
97485 29
34777 42
15261 41
16283 33
90880 12
98995 40
85427 41
45242 22
24755 40
71732 24
97399 8
12030 23
60050 1
10437 12
57710 40
71647 27
64555 46
22197 8
22916 4
24417 8
64033 9
98512 45
96001 36
75871 18
51433 13
93659 7
58382 42
10308 8
2147 31
43529 2
960 29
7570 44
26312 7
7702 19
17900 15
98427 29
66976 33
10023 39
98683 45
89133 24
37952 38
39359 10
87344 40
1744 2
79233 9
51907 33
86018 22
60806 36
13467 4
48912 14
20779 21
72175 29
54446 6
96722 25
46330 0
81050 18
56789 40
18265 26
6557 33
94661 2
58425 26
92625 46
3421 13
74270 0
85490 30
21961 27
65718 3
49137 4
30997 39
94772 16
10949 29
46141 12
68971 45
62529 5
98621 11
33034 3
89833 5
33294 2
51062 45
47400 33
2753 43
33113 42
3163 46
63365 13
24897 15
39093 46
28201 25
47993 9
38791 18
20034 36
45945 18
45558 30
13201 31
99712 0
5142 5
46168 40
1880 40
74811 25
53698 2
21029 26
38597 30
45009 20
59830 10
64524 9
99947 38
61653 29
11931 42
26471 41
77436 37
80550 31
34610 0
52494 15
86893 33
66175 38
36967 45
55383 10
53038 6
8119 15
47999 36
94886 11
3114 36
87876 43
44668 46
9863 8
2601 21
69445 41
88215 27
92152 30
43949 23
36045 43
69904 32
81735 39
64791 7
76696 21
68520 33
48723 24
27542 6
60400 2
10478 43
2958 14
17947 26
76119 45
1789 17
26174 10
74122 0
89702 19
73372 36
22803 34
86170 10
4880 26
50522 44
28950 36
48051 21
78482 27
35446 28
34208 33
25711 39
14340 7
74346 26
24015 9
33031 28
6398 9
22976 8
21870 39
24507 40
25309 29
15238 4
76235 39
71068 23
54248 5
81316 38
91810 13
76900 24
4579 41
71640 44
18082 42
35674 14
3673 20
82438 26
36066 31
52146 11
67429 44
37183 37
70364 24
25857 35
22868 11
62292 8
18897 0
50384 36
6364 34
67386 43
78877 17
10024 27
19578 39
74526 25
46326 19
15102 39
45741 12
99781 13
75185 21
82563 0
26951 28
60046 44
72000 39
99852 45
8568 34
9392 36
78916 23
54160 6
78549 31
55804 33
96344 14
95361 28
24057 17
49040 41
47180 16
21307 34
87036 16
3947 24
506 2
54853 12
75515 23
22710 21
43916 46
30548 13
48211 19
42027 9
64116 26
42981 38
53162 34
24723 45
10858 36
35321 46
33915 40
87654 36
21343 0
12065 25
59809 34
15964 12
22453 29
23215 40
30204 11
32126 8
42368 42
27615 31
57312 10
13515 39
59342 6
71053 24
82091 30
24303 27
99543 25
40002 14
59589 24
85027 15
92010 9
26705 45
94204 34
46335 29
30823 6
82510 2
68213 11
64173 13
56538 35
96431 23
41191 28
45169 8
28131 23
41032 33
65001 20
78143 10
64429 24
58868 24
95533 36
57896 11
59484 32
66495 39
13491 34
60935 10
53110 5
87787 24
64549 35
72114 40
57136 41
7135 22
29153 28
59785 31
48994 7
5924 44
62426 19
59291 42
87494 43
15588 16
11438 31
75634 28
38208 5
92599 10
71520 41
76225 11
95943 18
65640 10
65269 10
86546 45
78253 18
39209 35
47924 10
59574 44
97446 39
59649 37
11707 33
86020 43
56124 21
63999 42
19595 29
31734 20
89134 34
20689 34
30872 16
63877 12
13423 1
19507 10
37270 19
59902 31
94415 5
17335 18
83059 9
81382 19
96494 36
46147 35
4349 38
55640 17
24876 9
39367 16
66705 16
42709 19
97084 4
55558 24
4061 31
75993 19
43689 7
89637 36
89307 2
54650 15
1230 28
84391 44
6271 1
54557 37
87618 8
58716 16
69236 11
62218 41
40093 26
97328 39
54823 33
79419 17
48759 42
62789 31
10600 37
19313 25
71178 6
74977 15
98 13
87362 19
1793 44
11345 22
30836 34
370 23
36875 0
22692 29
76790 40
38812 32
47997 16
23257 4
1846 20
57068 34
37751 9
30755 28
52816 46
80477 12
73573 40
77943 13
57188 19
33993 25
68653 27
96985 35
61696 14
56680 26
300 33
36950 13
390 38
243 44
83476 4
29424 29
22901 28
6699 31
65462 0
49979 21
58754 42
41911 25
85516 41
83641 37
68946 33
62014 38
20215 35
40274 30
63481 10
78132 43
12553 21
54114 38
4592 7
15285 45
42490 7
91689 40
76934 18
62787 21
46279 39
75364 23
18652 3
16068 26
33504 1
14141 9
41618 12
23590 30
57034 40
35178 35
68905 19
17927 20
73790 3
54183 39
69307 15
59140 36
71290 7
4467 12
98126 23
10704 38
69520 36
82903 8
38873 33
60301 22
63357 19
22011 42
64574 17
85190 34
26283 16
99680 34
17253 35
72420 40
42895 3
83255 40
51281 16
95219 34
86648 18
73609 8
20454 4
4875 10
2651 22
23528 8
13125 46
9770 11
65784 0
28479 33
68527 1
19509 16
74811 46
57000 12
2277 45
26650 31
90902 21
73523 8
2790 31
9180 8
24639 38
49076 12
82768 0
60419 31
58043 35
70746 9
21921 3
51942 42
24452 15
24644 44
79738 24
48864 40
79050 22
69871 25
42965 21
4482 18
57689 4
95740 11
33682 36
20735 30
57430 7
12504 41
4818 41
29349 45
92105 14
38976 46
53761 42
74848 23
15030 39
96614 41
65685 35
52969 37
80953 28
36746 31
64709 27
56500 23
60212 31
89259 27
6110 8
75572 4
54451 43
36748 27
92834 24
79700 13
74307 14
92697 16
10177 38
49864 39
37432 4
29976 27
88785 33
20891 8
5173 20
4501 7
2615 43
89816 20
52316 39
12257 26
59056 10
35929 15
98433 23
4360 44
28233 10
40802 25
8079 24
25269 3
56110 4
72226 14
61161 11
18276 21
62026 24
53490 8
35108 5
72259 13
48192 15
91582 7
66013 24
60435 38
66692 10
60482 27
54271 37
41538 35
9149 15
46527 40
51039 38
90254 11
9174 21
25445 21
53961 35
61008 46
99187 31
43039 13
81277 43
80613 17
8250 29
4624 15
94165 8
60397 26
43516 34
59355 9
20365 0
40917 27
64603 6
32113 45
97959 15
4445 22
45366 14
73974 19
28649 29
46894 16
76428 28
67337 32
91430 2
4715 20
37506 21
95515 7
23944 30
20972 25
26617 29
3582 31
84817 28
78159 31
93901 0
95035 0
38770 26
52697 36
2435 13
56531 11
93595 21
99949 3
84214 24
65128 1
51082 19
17085 1
2500 22
48811 39
97207 18
92879 37
46933 37
60360 10
81086 2
56244 0
73098 16
17274 30
88400 0
57945 6
72336 6
41193 2
74308 24
65378 31
5661 1
129 9
71671 39
89564 30
61605 40
28817 31
54492 21
51499 1
4192 11
76639 6
87175 36
97688 22
11965 39
40445 17
28179 3
51798 13
47803 42
16635 13
57333 2
1166 30
55525 33
59193 28
4863 28
69982 7
37033 9
3832 42
31729 26
40755 21
58929 41
20786 7
59030 40
71483 14
37102 24
8587 6
31773 25
43729 8
13922 8
25734 2
34761 37
94492 12
2051 0
89285 22
66660 5
20296 41
29669 31
57298 32
34031 30
33657 46
86910 18
78355 28
15507 14
16311 34
44677 31
60571 19
44189 13
90172 0
70909 4
20101 41
7058 14
20214 37
41069 43
34 3
73840 45
53613 43
56338 41
1165 27
35331 28
50181 8
30197 5
63822 11
94939 39
76889 41
23837 37
30536 46
14336 19
20984 37
51023 39
47165 45
69096 44
88227 30
26510 38
36535 30
86761 42
72480 29
50710 28
67171 38
94695 6
25288 34
63664 32
40386 19
71461 16
38898 19
39969 17
29194 35
68871 32
59563 26
67249 28
65298 21
67255 11
97784 36
39132 10
21027 3
61110 37
78634 24
82067 14
51232 22
95706 0
15007 8
17789 0
11051 18
44909 5
37156 4
37592 20
4072 38
72354 44
68909 2
27966 2
99172 27
38251 32
56500 34
40710 11
13896 27
23070 46
58461 28
74659 17
91697 3
49331 13
92710 16
807 40
